(mapf) biorobotics@unity:~/matspfc$ python display_results.py 
______________________________________________________________________________________________________________________________________________________________________________________________
                                                                                              HT_CHANTRY                                                                                                
______________________________________________________________________________________________________________________________________________________________________________________________
     N   M   K  Astar_time  total_time_cbssc  total_time_hr  ntsp_cbssc   ntsp_hr  cost_cbssc  cost_hr  last_ts_cbssc  last_ts_hr  conflicts_cbssc  conflicts_hr  cost up %  ntsp time down %
0    3  35   3   12.994847          1.237542       0.571550    1.084667  0.437826         314      314            116         116                1             1   0.000000         59.635003
1    6  35  15   20.687979         13.768798       4.888349   13.577324  4.713888         599      605            296         289                0             0   1.001669         65.281173
2    3  35  15   15.136388         10.188255       2.827861   10.091541  2.705872         466      520            341         284                0             0  11.587983         73.186733
3    6  35   3   21.132059          1.991474       1.137546    1.557412  0.657378         673      673            166         166                2             2   0.000000         57.790380
4   12  35   3   27.960515         20.038360       8.279755   18.948810  7.424852        1285     1285            170         170                3             2   0.000000         60.816264
5    3   5   3    0.999038          0.103123       0.096950    0.030166  0.017187         375      375            147         147                0             0   0.000000         43.026081
6    6  35   8   17.595056         16.803853       5.368923   16.603966  5.169459         574      574            161         161                0             0   0.000000         68.866118
7   12   5   3    6.374934          4.573945       4.203042    2.064493  1.728479        1214     1214            182         182               12            12   0.000000         16.275900
8    3  10   8    2.454731          0.218661       0.173005    0.093256  0.034787         624      624            304         304                0             0   0.000000         62.697175
9    6  10   8    3.417846          0.554449       0.392172    0.246865  0.073161         775      775            202         202                1             1   0.000000         70.364138
10  12  10   3    8.856054         14.500828      13.632257    2.892673  2.119232        1280     1280            177         177               44            44   0.000000         26.737911
11   6   5   3    1.822366          0.222202       0.215779    0.036916  0.027395         633      633            140         140                0             0   0.000000         25.791061
12   6  10   3    3.134545          0.348602       0.260041    0.182502  0.091997         574      574            178         178                0             0   0.000000         49.591376
13   3  10   3    2.663239          0.116473       0.091279    0.053642  0.023012         309      309            158         158                0             0   0.000000         57.100268
14   3  35   8   13.464258          4.361225       1.453696    4.253358  1.334730         451      451            255         255                0             0   0.000000         68.619374
15  12  10   8   11.320662          1.600317       1.598250    0.182776  0.154981        1536     1536            298         298                8             8   0.000000         15.207448
______________________________________________________________________________________________________________________________________________________________________________________________
                                                                                            MAZE-32-32-2                                                                                                
______________________________________________________________________________________________________________________________________________________________________________________________
     N   M   K  Astar_time  total_time_cbssc  total_time_hr  ntsp_cbssc    ntsp_hr  cost_cbssc  cost_hr  last_ts_cbssc  last_ts_hr  conflicts_cbssc  conflicts_hr  cost up %  ntsp time down %
0    3  10   3    0.415552          0.076916       0.062128    0.051352   0.039010         181      181            109         109                0             0   0.000000         24.033247
1    3   5   3    0.168391          0.066179       0.038894    0.038775   0.011678         229      229            148         148                0             0   0.000000         69.882131
2    6  35   8    3.475279         19.922568       5.189463   19.630509   4.929425         929      929             99          99                2             1   0.000000         74.888962
3    3  35  15    2.401780          3.031479       1.219378    2.971212   1.153611         262      262            116         114                1             1   0.000000         61.173730
4    3  35   8    2.475731          5.372607      23.561923    5.300755  23.016294         333      333            154         152                1            12   0.000000       -334.207845
5    6  35  15    3.589448         29.786263       9.704790   29.365488   9.280189        1115     1121            140         147                2             2   0.538117         68.397635
6   12  10   3    1.789753         44.017381      42.819935    5.467688   4.393479         643      643            107         107             1030          1030   0.000000         19.646497
7    3  35   3    2.320225          1.738108       0.750755    1.684639   0.687190         161      161            107         107                1             1   0.000000         59.208496
8    6  10   3    0.735731          0.858920       0.640812    0.305306   0.101778         966      966            118         118                6             6   0.000000         66.663732
9    6  10   8    0.746949          0.558389       0.881351    0.289470   0.150185        1010     1010            123         127                2             8   0.000000         48.117305
10   6   5   3    0.337170          3.843055       3.733493    0.348254   0.256595         851      851             72          72               36            36   0.000000         26.319549
11  12  10   8    1.690323         12.507477      10.124490    6.654722   4.232303         845      845            152         152               91            91   0.000000         36.401517
12   3  10   8    0.391916          0.633358       0.702663    0.571709   0.568048         356      356            142         172                1             3   0.000000          0.640315
______________________________________________________________________________________________________________________________________________________________________________________________
                                                                                            ROOM-32-32-4                                                                                                
______________________________________________________________________________________________________________________________________________________________________________________________
     N   M   K  Astar_time  total_time_cbssc  total_time_hr  ntsp_cbssc    ntsp_hr  cost_cbssc  cost_hr  last_ts_cbssc  last_ts_hr  conflicts_cbssc  conflicts_hr  cost up %  ntsp time down %
0    3  35   3    0.922775          1.278120       0.529519    1.246899   0.490885          73       73             27          27                0             0   0.000000         60.631527
1   12  10   8    0.682135          8.162751       5.192597    7.346603   4.870098         463      467             64          64               24            13   0.863931         33.709523
2    3  10   8    0.132942          0.095567       0.039882    0.077291   0.023062         145      151             65          76                0             0   4.137931         70.162362
3    6  35  15    1.161189         25.598785       6.010586   25.520683   5.931822         239      247             70          72                1             1   3.347280         76.756807
4   12   5   3    0.548254          2.163821       1.780152    2.006194   1.620600         370      370             52          52                5             5   0.000000         19.220195
5   12  10   3    0.670158          0.226108       0.186295    0.173159   0.133444         332      332             51          51                0             0   0.000000         22.935917
6    6  10   8    0.280781          0.402924       0.152174    0.375238   0.124775         198      198             51          47                0             0   0.000000         66.747760
7    3  35  15    0.902888          8.043173       2.243078    8.008980   2.200405         115      119             83          77                0             0   3.478261         72.525777
8    3   5   3    0.050721          0.031317       0.019873    0.023682   0.014764          85       85             54          54                0             0   0.000000         37.656116
9    6   5   3    0.165458          0.064171       0.058157    0.034866   0.027205         218      218             68          68                0             0   0.000000         21.974750
10   6  35   3    1.074613          1.206997       0.764724    1.130780   0.696673         165      165             35          35                0             0   0.000000         38.390108
11   3  35   8    0.927697         79.195919      17.537106   79.066063  17.381899          90       90             81          81               12            12   0.000000         78.015980
12   3  10   3    0.128983          0.135930       0.053271    0.124720   0.039204          94       94             42          42                0             0   0.000000         68.566399
13   6  10   3    0.302110          0.286520       0.127461    0.262080   0.101872         175      175             69          69                0             0   0.000000         61.129502
______________________________________________________________________________________________________________________________________________________________________________________________
                                                                                                DEN312D                                                                                                
______________________________________________________________________________________________________________________________________________________________________________________________
     N   M   K  Astar_time  total_time_cbssc  total_time_hr  ntsp_cbssc   ntsp_hr  cost_cbssc  cost_hr  last_ts_cbssc  last_ts_hr  conflicts_cbssc  conflicts_hr  cost up %  ntsp time down %
0    3   5   3    0.149361          0.051065       0.038601    0.029356  0.016543         164      164            108          90                0             0   0.000000         43.647802
1    3  35   8    3.614660          1.817729       0.407978    1.774297  0.361628         182      182             73          73                0             0   0.000000         79.618536
2   12  10   8    2.420094          0.852703       0.795157    0.207450  0.148634         691      691            120         120               11            11   0.000000         28.352092
3    3  35  15    2.921277         10.917262       2.162456   10.854465  2.092100         338      338            197         197                0             0   0.000000         80.725907
4    6   5   3    0.398699          0.527927       0.467006    0.325669  0.266123         562      562            104         104                1             1   0.000000         18.284293
5   12  10   3    1.896302          3.332987       2.669976    2.894703  2.248453         697      697            109         109                4             4   0.000000         22.325271
6    3  10   3    0.551979          0.090588       0.070274    0.066133  0.045570         190      190             97          97                0             0   0.000000         31.093927
7    6  35  15    4.709140         10.308815       3.959040   10.161756  3.831818         488      488            108         108                0             0   0.000000         62.291768
8    3  35   3    3.454090          1.090429       0.346743    1.049636  0.300503         161      161             59          59                0             0   0.000000         71.370721
9    6  10   3    0.978602          0.256855       0.185476    0.146577  0.075979         556      556             78          78                1             1   0.000000         48.164389
10  12   5   3    1.619822          5.283757       4.991207    1.990910  1.703987         733      733            191         191               40            40   0.000000         14.411660
11   3  10   8    0.576725          0.128153       0.095978    0.062928  0.033801         390      390            160         160                0             0   0.000000         46.286253
12   6  10   8    1.050250          0.755942       0.266384    0.632760  0.106219         597      607            122         143                0             1   1.675042         83.213414
13   6  35   8    4.106243         25.208299       4.140592   25.042585  3.996125         463      463             82          82                1             1   0.000000         84.042680
14   6  35   3    4.979368          2.130494       0.672784    1.982328  0.540198         465      465             71          71                0             0   0.000000         72.749301
______________________________________________________________________________________________________________________________________________________________________________________________
                                                                                             EMPTY-16-16                                                                                                
______________________________________________________________________________________________________________________________________________________________________________________________
     N   M   K  Astar_time  total_time_cbssc  total_time_hr  ntsp_cbssc    ntsp_hr  cost_cbssc  cost_hr  last_ts_cbssc  last_ts_hr  conflicts_cbssc  conflicts_hr  cost up %  ntsp time down %
0    3  35   8    0.339032          7.613579       1.237570    7.580001   1.203771          36       36             26          26                0             0   0.000000         84.119123
1    3  35   3    0.363629          1.942293       0.771778    1.911359   0.738878          48       48             17          17                0             0   0.000000         61.342776
2    3  35  15    0.356365          5.119867       1.402750    5.092173   1.368024          51       53             37          25                0             0   3.921569         73.134774
3    3   5   3    0.021133          0.029621       0.021585    0.024336   0.015065          39       39             22          22                0             0   0.000000         38.094256
4   12  10   8    0.202589          0.315894       0.245099    0.180559   0.155860         180      182             26          26               27            19   1.111111         13.679271
5    6  35   3    0.517961          1.952547       0.802525    1.888191   0.744127          85       85             20          20                0             0   0.000000         60.590499
6    6  35  15    0.476503          4.545874       3.101851    4.433787   2.989362         467      467             20          20                0             0   0.000000         32.577677
7    6  35   8    0.458800        100.968577      33.934361  100.803532  33.795294         470      470             17          17                6             4   0.000000         66.474098
8    6  10   3    0.103422          0.297617       0.089806    0.284843   0.077220          68       68             17          17                0             0   0.000000         72.890299
9   12   5   3    0.164898          0.180487       0.151239    0.133218   0.102711         153      153             28          28                6             6   0.000000         22.900591
10   6  10   8    0.080531          0.354290       0.141513    0.343573   0.128793          66       66             21          21                0             0   0.000000         62.513720
11   3  10   3    0.068195          0.062327       0.039443    0.056801   0.029742          36       38             24          18                0             0   5.555556         47.639089
12  12  35   8    0.774362         11.514165       4.463701   11.370339   4.352077         157      157             20          20                1             1   0.000000         61.724302
13   3  10   8    0.045507          0.310501       0.051490    0.303431   0.042387          54       58             36          34                0             0   7.407407         86.030668
14  12  10   3    0.227480          0.220293       0.174726    0.199978   0.148297         115      115             20          20                3             3   0.000000         25.843148
15   6   5   3    0.065431          0.060684       0.053187    0.033779   0.025433          73       73             20          20                5             5   0.000000         24.706524

