

Results



random-32-32-10

100.54
100.54
0.17021838690154253
0.06554560181684792

128.94
129.72
0.23160683476366103
0.07130216095596552

147.28
150.6
3.4886652349121867
0.7855101402103901

246.58
246.96
0.6053046581242234
0.3317361925728619

274.08
275.36
4.359081839025021
1.3498161314148456




den312d

279.58
279.66
0.187649249676615
0.08591599501669407

334.02
333.94
0.38188537972047926
0.12498868285678327

355.56
357.72
4.038131881840527
1.0276653738878667

646.34
647.26
1.304353652363643
0.776374570345506

716.28
719.28
9.339173289984465
2.7647450374253095





empty-16-16

58.8
58.84
0.1782870269473642
0.0682301302626729

64.74
65.6
0.34897216214798393
0.10143319854512811

69.2
70.32
3.3081999775394797
0.7049638051260263

122.06
122.66
0.4684596927557141
0.3289525644294918

137.26
138.56
5.703491222560405
1.6533047503978013



maze-32-32-2

284.66
285.44
0.44881050730124117
0.20050224680453538

347.14
347.52
1.2029765117913485
0.3886128552723676

343.18
343.02
10.685370836900548
2.9505794255714863

625.36
626.78
2.21682916152291
1.2633264306653291



room-32-32-4

133.4
133.46
0.2824659301899374
0.1127497847005725

159.56
160.5
0.5739819017145783
0.16699343759566546

170.92
172.5
8.217569630248471
1.721063035055995

304.42
305.38
2.0455825599469244
1.1500393081363292

338.5
341.12
15.998219511397183
5.015590780023485



maze-32-32-2



room-32-32-4:  (10,10,5)

272.48
272.48
272.48
272.48
9.506371309440583
6.106691983481869
1.7277824509795756
1.4977300784550607



room-32-32-4

274.96
274.96
274.96
274.96
71.80322726391256
45.66705233074725
10.142041983734817
9.063340211361647

266.82
266.82
266.82
266.82
130.23995356130413
113.61585562849417
19.07304161358625
16.98534263752401

