

random-32-32-10

177.02
180.7
39.69953619379998
6.24159721328002

185.26
189.04
43.97232654517986
11.420335080820022

226.72
238.24
54.0632982650401
14.101627752060049

334.06
340.36
59.95873012095992
64.80966543671835

431.3
439.1
50.22679533948074
9.423464504959702




room-32-32-4

148.54
154.38
0.11167217115988023
0.019376521577942184
0.08
0.6
24.0
14.0

190.5
198.84
1.2781024735001847
1.0729184223635821
1.54
11.88
49.0
26.6

246.02
253.74
56.04979281159176
16.911466140770354
18.2
23.64
98.0
52.56

(7,10,10)

277.24
281.22
11.912710537952663
5.408646529008402
57.66
75.86
54.0
33.34



room-32-32-4

CBSS-c: 50, 0, CBSS-ch: 50, 0CBSS-c: 49, 0, CBSS-ch: 49, 0CBSS-c: 6, 0, CBSS-ch: 40, 0CBSS-c: 33, 0, CBSS-ch: 31, 0
CBSS-c: 1, 0, CBSS-ch: 0, 0

5,6




room-32-32-4

1,8


room-32-32-4



room-32-32-4

42,50


room-32-32-4



room-32-32-4

50,50


room-32-32-4

49,49


room-32-32-4

50,50


room-32-32-4



room-32-32-4


(5, 10, 2)



room-32-32-4



room-32-32-4



room-32-32-4



room-32-32-4



room-32-32-4



room-32-32-4



room-32-32-4



room-32-32-4



room-32-32-4



room-32-32-4



room-32-32-4



room-32-32-4

