

CBSS-C STATS
starts:[920, 359, 336, 145, 302]
targets:[862, 811, 508, 238, 940, 422, 540, 429, 965, 552]
dests:[991, 900, 580, 925, 758]
ac_dict:{862: {0, 1}, 811: {1, 2}, 508: {2, 3}, 238: {3, 4}, 991: {0}, 900: {1}, 580: {2}, 925: {3}, 758: {4}}
clusters:[0 0 1 1 0 1 0 1 0 1]

round: 118
best_g_value: 403.0
open_list_size: 117
num_low_level_expanded: 149117
search_success: 1
search_time: 2.8159428369253874
n_tsp_call: 8
n_tsp_time: 0.3681668536737561
n_roots: 1
num_conflicts: 117
target_assignment: {862: 0, 552: 2}
cluster_target_selection: {0: 862, 1: 552}
num_nodes_transformed_graph: 28
agent_paths:({0: [(24, 28), (25, 28), (25, 27), (25, 26), (26, 26), (27, 26), (28, 26), (29, 26), (30, 26), (31, 26), (31, 25), (31, 25), (31, 25), (31, 25), (31, 25), (31, 25), (31, 25), (31, 25), (31, 25), (31, 25), (31, 25), (31, 25), (31, 25), (31, 25), (31, 25), (31, 25), (31, 25), (31, 25), (31, 25), (31, 25), (31, 25), (31, 25), (31, 25), (31, 25), (31, 25), (31, 25), (31, 25), (31, 25), (31, 25), (31, 25), (31, 25), (31, 25), (31, 25), (31, 25), (31, 25), (31, 25), (31, 25), (31, 25), (31, 25), (31, 25), (31, 25), (31, 25), (31, 25), (31, 25), (31, 25), (31, 25), (31, 25), (31, 25), (31, 25), (31, 25), (31, 25), (31, 25), (31, 25), (31, 25), (31, 25), (31, 25), (31, 25), (31, 25), (31, 25), (31, 25), (31, 25), (31, 25), (31, 25), (31, 25), (31, 25), (31, 25), (31, 25), (31, 25), (31, 25), (31, 25), (31, 25), (31, 25), (31, 25), (31, 25), (31, 25), (31, 25), (31, 25), (31, 25), (31, 25), (31, 25), (31, 25), (31, 25), (31, 25), (31, 25), (31, 25), (31, 25), (31, 25), (31, 25), (31, 25), (31, 25), (31, 25), (31, 25), (31, 25), (31, 25), (31, 25), (31, 25), (31, 25), (31, 25), (31, 25), (31, 25), (31, 25), (31, 25), (31, 25), (31, 25), (31, 25), (31, 25), (31, 25), (31, 25), (31, 25), (31, 26), (31, 27), (31, 28), (31, 29), (31, 30), (31, 30)], 1: [(7, 11), (6, 11), (5, 11), (4, 11), (3, 11), (2, 11), (2, 12), (2, 13), (3, 13), (4, 13), (4, 14), (5, 14), (6, 14), (7, 14), (8, 14), (9, 14), (10, 14), (10, 15), (10, 16), (9, 16), (8, 16), (7, 16), (6, 16), (5, 16), (4, 16), (4, 17), (4, 18), (4, 19), (4, 20), (3, 20), (2, 20), (2, 21), (2, 22), (2, 23), (2, 24), (2, 25), (2, 26), (2, 27), (2, 28), (2, 29), (2, 30), (2, 31), (3, 31), (4, 31), (4, 30), (4, 29), (4, 28), (4, 28)], 2: [(16, 10), (17, 10), (18, 10), (19, 10), (19, 9), (19, 8), (18, 8), (17, 8), (16, 8), (15, 8), (14, 8), (13, 8), (13, 9), (13, 10), (12, 10), (11, 10), (10, 10), (9, 10), (8, 10), (8, 11), (7, 11), (6, 11), (5, 11), (4, 11), (3, 11), (2, 11), (2, 12), (2, 13), (3, 13), (4, 13), (5, 13), (6, 13), (7, 13), (8, 13), (8, 14), (9, 14), (10, 14), (10, 15), (10, 16), (9, 16), (8, 16), (8, 17), (7, 17), (6, 17), (5, 17), (4, 17), (4, 18), (4, 18)], 3: [(17, 4), (16, 4), (15, 4), (14, 4), (13, 4), (12, 4), (11, 4), (10, 4), (9, 4), (8, 4), (8, 3), (8, 2), (9, 2), (10, 2), (11, 2), (12, 2), (13, 2), (14, 2), (15, 2), (16, 2), (17, 2), (18, 2), (19, 2), (20, 2), (21, 2), (22, 2), (22, 3), (22, 4), (22, 5), (22, 6), (22, 7), (22, 8), (21, 8), (20, 8), (19, 8), (18, 8), (17, 8), (16, 8), (15, 8), (14, 8), (14, 9), (14, 10), (14, 11), (13, 11), (12, 11), (11, 11), (10, 11), (9, 11), (8, 11), (7, 11), (6, 11), (5, 11), (4, 11), (3, 11), (2, 11), (2, 12), (2, 13), (3, 13), (4, 13), (5, 13), (6, 13), (7, 13), (8, 13), (9, 13), (10, 13), (10, 14), (10, 15), (10, 16), (10, 17), (9, 17), (8, 17), (7, 17), (6, 17), (5, 17), (5, 18), (5, 19), (5, 20), (5, 21), (5, 22), (6, 22), (7, 22), (8, 22), (8, 23), (8, 24), (8, 25), (9, 25), (10, 25), (11, 25), (12, 25), (13, 25), (14, 25), (15, 25), (16, 25), (17, 25), (17, 26), (17, 27), (17, 28), (17, 29), (17, 30), (17, 31), (18, 31), (19, 31), (20, 31), (21, 31), (22, 31), (22, 30), (22, 29), (22, 28), (23, 28), (24, 28), (25, 28), (26, 28), (26, 27), (26, 26), (27, 26), (28, 26), (29, 26), (30, 26), (31, 26), (31, 27), (31, 28), (31, 29), (31, 30), (31, 31), (30, 31), (29, 31), (29, 30), (29, 29), (29, 28), (29, 28)], 4: [(14, 9), (14, 10), (14, 11), (13, 11), (12, 11), (11, 11), (10, 11), (9, 11), (8, 11), (7, 11), (6, 11), (5, 11), (4, 11), (3, 11), (2, 11), (2, 12), (2, 13), (3, 13), (4, 13), (5, 13), (6, 13), (7, 13), (8, 13), (9, 13), (10, 13), (10, 14), (10, 15), (10, 16), (10, 17), (9, 17), (8, 17), (7, 17), (6, 17), (5, 17), (5, 18), (5, 19), (5, 20), (5, 21), (5, 22), (6, 22), (7, 22), (8, 22), (8, 23), (8, 24), (8, 25), (9, 25), (10, 25), (11, 25), (12, 25), (13, 25), (14, 25), (15, 25), (16, 25), (17, 25), (18, 25), (19, 25), (20, 25), (21, 25), (22, 25), (22, 24), (22, 23), (22, 23)]}, 128)