

CBSS-C STATS
starts:[662, 51, 479, 74, 937, 258, 284, 1017, 586, 440]
targets:[249, 58, 941, 100, 474, 721, 178, 47, 465, 959]
dests:[516, 372, 427, 822, 48, 756, 233, 168, 668, 527]
ac_dict:{249: {0, 1}, 58: {1, 2}, 941: {2, 3}, 100: {3, 4}, 474: {4, 5}, 721: {5, 6}, 178: {6, 7}, 47: {8, 7}, 465: {8, 9}, 516: {0}, 372: {1}, 427: {2}, 822: {3}, 48: {4}, 756: {5}, 233: {6}, 168: {7}, 668: {8}, 527: {9}}
clusters:[0 2 3 2 0 3 4 1 2 3]

round: 68
best_g_value: 756.0
open_list_size: 67
num_low_level_expanded: 53365
search_success: 1
search_time: 5.692111988086253
n_tsp_call: 12
n_tsp_time: 2.262602547649294
n_roots: 1
num_conflicts: 67
target_assignment: {465: 9, 178: 6, 959: 7, 47: 7, 474: 5}
cluster_target_selection: {2: 465, 4: 178, 3: 959, 1: 47, 0: 474}
num_nodes_transformed_graph: 48
agent_paths:({0: [(22, 20), (22, 21), (22, 22), (22, 23), (22, 24), (22, 25), (21, 25), (20, 25), (19, 25), (18, 25), (17, 25), (16, 25), (15, 25), (14, 25), (13, 25), (12, 25), (11, 25), (10, 25), (9, 25), (8, 25), (7, 25), (7, 24), (7, 23), (6, 23), (5, 23), (4, 23), (4, 22), (4, 21), (4, 20), (4, 19), (4, 18), (4, 17), (4, 16), (4, 16)], 1: [(19, 1), (20, 1), (20, 2), (21, 2), (22, 2), (22, 3), (22, 4), (22, 5), (22, 6), (22, 7), (21, 7), (20, 7), (20, 8), (20, 9), (20, 10), (20, 11), (20, 11)], 2: [(31, 14), (30, 14), (29, 14), (28, 14), (28, 15), (28, 16), (28, 17), (28, 18), (28, 19), (27, 19), (26, 19), (25, 19), (24, 19), (23, 19), (22, 19), (22, 20), (22, 21), (22, 22), (22, 23), (22, 24), (22, 25), (21, 25), (20, 25), (19, 25), (18, 25), (17, 25), (16, 25), (15, 25), (14, 25), (13, 25), (12, 25), (11, 25), (10, 25), (9, 25), (8, 25), (8, 24), (8, 23), (8, 22), (7, 22), (6, 22), (5, 22), (5, 21), (5, 20), (5, 19), (5, 18), (5, 17), (5, 16), (6, 16), (7, 16), (8, 16), (9, 16), (10, 16), (11, 16), (11, 15), (11, 14), (11, 13), (11, 13)], 3: [(10, 2), (11, 2), (12, 2), (13, 2), (14, 2), (15, 2), (16, 2), (17, 2), (18, 2), (19, 2), (20, 2), (21, 2), (22, 2), (22, 3), (22, 4), (22, 5), (22, 6), (22, 7), (22, 8), (21, 8), (20, 8), (19, 8), (18, 8), (17, 8), (16, 8), (15, 8), (14, 8), (14, 9), (14, 10), (14, 11), (13, 11), (12, 11), (11, 11), (10, 11), (9, 11), (8, 11), (7, 11), (6, 11), (5, 11), (4, 11), (3, 11), (2, 11), (2, 12), (2, 13), (3, 13), (4, 13), (5, 13), (6, 13), (7, 13), (8, 13), (9, 13), (10, 13), (10, 14), (10, 15), (10, 16), (10, 17), (9, 17), (8, 17), (7, 17), (6, 17), (5, 17), (5, 18), (5, 19), (5, 20), (5, 21), (5, 22), (6, 22), (7, 22), (8, 22), (8, 23), (8, 24), (8, 25), (9, 25), (10, 25), (11, 25), (12, 25), (13, 25), (14, 25), (15, 25), (16, 25), (17, 25), (18, 25), (19, 25), (20, 25), (21, 25), (22, 25), (22, 25)], 4: [(9, 29), (10, 29), (11, 29), (12, 29), (13, 29), (14, 29), (14, 30), (14, 31), (15, 31), (16, 31), (16, 30), (16, 29), (16, 28), (16, 27), (16, 26), (16, 25), (15, 25), (14, 25), (13, 25), (12, 25), (11, 25), (10, 25), (9, 25), (8, 25), (8, 24), (8, 23), (8, 22), (7, 22), (6, 22), (5, 22), (5, 21), (5, 20), (5, 19), (5, 18), (5, 17), (5, 16), (6, 16), (7, 16), (8, 16), (9, 16), (10, 16), (10, 15), (10, 14), (9, 14), (8, 14), (7, 14), (6, 14), (5, 14), (5, 13), (4, 13), (3, 13), (2, 13), (2, 12), (2, 11), (2, 10), (3, 10), (4, 10), (5, 10), (6, 10), (7, 10), (8, 10), (9, 10), (10, 10), (11, 10), (12, 10), (13, 10), (13, 9), (13, 8), (13, 7), (14, 7), (15, 7), (16, 7), (17, 7), (18, 7), (19, 7), (20, 7), (21, 7), (22, 7), (22, 6), (22, 5), (22, 4), (22, 3), (22, 2), (21, 2), (20, 2), (19, 2), (18, 2), (17, 2), (16, 2), (16, 1), (16, 1)], 5: [(2, 8), (3, 8), (4, 8), (5, 8), (6, 8), (7, 8), (8, 8), (9, 8), (10, 8), (10, 7), (10, 6), (10, 5), (9, 5), (8, 5), (8, 4), (8, 3), (8, 2), (9, 2), (10, 2), (11, 2), (12, 2), (13, 2), (14, 2), (15, 2), (16, 2), (17, 2), (18, 2), (19, 2), (20, 2), (21, 2), (22, 2), (22, 3), (22, 4), (22, 5), (22, 6), (22, 7), (22, 8), (21, 8), (20, 8), (19, 8), (18, 8), (17, 8), (16, 8), (15, 8), (14, 8), (14, 9), (14, 10), (14, 11), (13, 11), (12, 11), (11, 11), (10, 11), (9, 11), (8, 11), (7, 11), (6, 11), (5, 11), (4, 11), (3, 11), (2, 11), (2, 12), (2, 13), (3, 13), (4, 13), (5, 13), (5, 14), (6, 14), (7, 14), (8, 14), (9, 14), (10, 14), (10, 15), (10, 16), (9, 16), (8, 16), (7, 16), (6, 16), (5, 16), (5, 17), (5, 18), (5, 19), (5, 20), (5, 21), (5, 22), (6, 22), (7, 22), (8, 22), (8, 23), (8, 24), (8, 25), (9, 25), (10, 25), (11, 25), (12, 25), (13, 25), (13, 24), (13, 23), (13, 22), (13, 21), (13, 20), (13, 19), (13, 18), (13, 17), (14, 17), (15, 17), (16, 17), (16, 16), (16, 15), (16, 14), (17, 14), (18, 14), (19, 14), (20, 14), (20, 15), (20, 16), (21, 16), (22, 16), (23, 16), (24, 16), (25, 16), (25, 15), (25, 14), (26, 14), (25, 14), (25, 15), (25, 16), (24, 16), (23, 16), (22, 16), (21, 16), (20, 16), (19, 16), (19, 15), (19, 14), (18, 14), (17, 14), (17, 15), (17, 16), (17, 17), (16, 17), (15, 17), (14, 17), (14, 18), (14, 19), (14, 20), (14, 21), (14, 22), (14, 23), (14, 24), (14, 25), (15, 25), (16, 25), (17, 25), (18, 25), (19, 25), (19, 24), (19, 23), (20, 23), (20, 23)], 6: [(28, 8), (27, 8), (26, 8), (25, 8), (25, 9), (25, 10), (25, 11), (25, 12), (25, 13), (25, 14), (25, 15), (25, 16), (24, 16), (23, 16), (22, 16), (21, 16), (20, 16), (19, 16), (19, 15), (19, 14), (18, 14), (17, 14), (16, 14), (16, 15), (16, 16), (16, 17), (15, 17), (14, 17), (13, 17), (13, 18), (13, 19), (13, 20), (13, 21), (13, 22), (13, 23), (13, 24), (13, 25), (12, 25), (11, 25), (10, 25), (9, 25), (8, 25), (8, 24), (8, 23), (8, 22), (7, 22), (6, 22), (5, 22), (5, 21), (5, 20), (5, 19), (5, 18), (5, 17), (5, 16), (6, 16), (7, 16), (8, 16), (9, 16), (10, 16), (10, 15), (10, 14), (10, 13), (9, 13), (8, 13), (7, 13), (6, 13), (5, 13), (4, 13), (3, 13), (2, 13), (2, 12), (2, 11), (2, 10), (3, 10), (4, 10), (5, 10), (6, 10), (7, 10), (8, 10), (9, 10), (10, 10), (11, 10), (12, 10), (13, 10), (13, 9), (13, 8), (13, 7), (14, 7), (15, 7), (16, 7), (17, 7), (18, 7), (19, 7), (20, 7), (21, 7), (22, 7), (22, 6), (22, 5), (22, 4), (22, 3), (22, 2), (21, 2), (20, 2), (19, 2), (18, 2), (17, 2), (16, 2), (15, 2), (14, 2), (13, 2), (12, 2), (11, 2), (10, 2), (9, 2), (8, 2), (8, 3), (8, 4), (9, 4), (10, 4), (11, 4), (12, 4), (13, 4), (14, 4), (15, 4), (16, 4), (17, 4), (18, 4), (18, 5), (17, 5), (16, 5), (15, 5), (14, 5), (13, 5), (12, 5), (11, 5), (10, 5), (10, 6), (10, 7), (9, 7), (9, 7)], 7: [(25, 31), (26, 31), (27, 31), (28, 31), (29, 31), (30, 31), (31, 31), (31, 30), (31, 29), (31, 28), (31, 27), (31, 26), (30, 26), (29, 26), (28, 26), (27, 26), (26, 26), (25, 26), (25, 27), (25, 28), (24, 28), (23, 28), (22, 28), (22, 29), (22, 30), (22, 31), (21, 31), (20, 31), (19, 31), (18, 31), (17, 31), (16, 31), (16, 30), (16, 29), (16, 28), (16, 27), (16, 26), (15, 26), (15, 25), (14, 25), (13, 25), (12, 25), (11, 25), (10, 25), (9, 25), (8, 25), (8, 24), (8, 23), (8, 22), (7, 22), (6, 22), (5, 22), (5, 21), (5, 20), (5, 19), (5, 18), (5, 17), (5, 16), (6, 16), (7, 16), (8, 16), (9, 16), (10, 16), (10, 15), (10, 14), (10, 13), (9, 13), (8, 13), (7, 13), (6, 13), (5, 13), (4, 13), (3, 13), (2, 13), (2, 12), (2, 11), (2, 10), (3, 10), (4, 10), (5, 10), (6, 10), (7, 10), (8, 10), (9, 10), (10, 10), (11, 10), (12, 10), (13, 10), (13, 9), (13, 8), (13, 7), (14, 7), (15, 7), (16, 7), (17, 7), (18, 7), (19, 7), (20, 7), (21, 7), (22, 7), (22, 6), (22, 5), (22, 4), (22, 3), (22, 2), (21, 2), (20, 2), (19, 2), (18, 2), (17, 2), (16, 2), (15, 2), (15, 1), (14, 1), (13, 1), (12, 1), (11, 1), (10, 1), (9, 1), (8, 1), (8, 2), (8, 3), (8, 4), (8, 5), (8, 5)], 8: [(10, 18), (10, 17), (9, 17), (8, 17), (7, 17), (6, 17), (5, 17), (5, 18), (5, 19), (5, 20), (5, 21), (5, 22), (6, 22), (7, 22), (8, 22), (8, 23), (8, 24), (8, 25), (8, 26), (9, 26), (10, 26), (11, 26), (12, 26), (13, 26), (14, 26), (15, 26), (16, 26), (16, 25), (17, 25), (18, 25), (19, 25), (20, 25), (21, 25), (22, 25), (22, 24), (22, 23), (22, 22), (22, 21), (22, 20), (23, 20), (24, 20), (25, 20), (26, 20), (27, 20), (28, 20), (28, 20)], 9: [(24, 13), (24, 14), (25, 14), (25, 15), (25, 16), (24, 16), (23, 16), (22, 16), (21, 16), (20, 16), (19, 16), (19, 15), (19, 14), (18, 14), (17, 14), (16, 14), (16, 15), (16, 16), (15, 16), (15, 16)]}, 157)