

CBSS-C STATS
starts:[333, 57, 523, 407, 936]
targets:[747, 500, 970, 301, 730, 350, 863, 858, 589, 637, 272, 223, 91, 1012, 92, 912, 825, 695, 148, 250]
dests:[422, 302, 809, 66, 775]
ac_dict:{747: {0, 1}, 500: {1, 2}, 970: {2, 3}, 301: {3, 4}, 422: {0}, 302: {1}, 809: {2}, 66: {3}, 775: {4}}
clusters:[6 4 4 5 8 8 2 6 5 3 9 6 9 9 8 7 8 1 9 0]

round: 6
best_g_value: 339.0
open_list_size: 5
num_low_level_expanded: 6710
search_success: 1
search_time: 68.23733599996194
n_tsp_call: 15
n_tsp_time: 67.8791873184964
n_roots: 1
num_conflicts: 5
target_assignment: {272: 1, 250: 3, 912: 3, 970: 3, 301: 3, 825: 4, 863: 4, 858: 4, 637: 4, 695: 4}
cluster_target_selection: {9: 272, 0: 250, 7: 912, 4: 970, 5: 301, 8: 825, 2: 863, 6: 858, 3: 637, 1: 695}
num_nodes_transformed_graph: 98
agent_paths:({0: [(13, 10), (12, 10), (11, 10), (10, 10), (9, 10), (8, 10), (7, 10), (6, 10), (6, 11), (5, 11), (4, 11), (3, 11), (2, 11), (2, 12), (2, 13), (3, 13), (4, 13), (5, 13), (6, 13), (6, 13)], 1: [(25, 1), (24, 1), (23, 1), (22, 1), (22, 2), (22, 3), (22, 4), (22, 5), (22, 6), (22, 7), (21, 7), (20, 7), (19, 7), (18, 7), (17, 7), (16, 7), (16, 8), (15, 8), (14, 8), (14, 9), (14, 9)], 2: [(11, 16), (10, 16), (9, 16), (9, 17), (8, 17), (7, 17), (6, 17), (5, 17), (5, 18), (5, 19), (5, 20), (5, 21), (5, 22), (6, 22), (7, 22), (8, 22), (8, 23), (8, 24), (8, 25), (9, 25), (9, 25)], 3: [(23, 12), (23, 13), (24, 13), (25, 13), (25, 12), (25, 11), (25, 10), (25, 9), (25, 8), (25, 7), (26, 7), (25, 7), (25, 8), (25, 9), (25, 10), (25, 11), (25, 12), (25, 13), (25, 14), (25, 15), (25, 16), (24, 16), (23, 16), (22, 16), (21, 16), (20, 16), (19, 16), (19, 15), (19, 14), (18, 14), (17, 14), (16, 14), (16, 15), (16, 16), (16, 17), (15, 17), (14, 17), (14, 18), (14, 19), (14, 20), (14, 21), (14, 22), (14, 23), (14, 24), (14, 25), (15, 25), (16, 25), (16, 26), (16, 27), (16, 28), (16, 29), (16, 30), (16, 31), (15, 31), (14, 31), (13, 31), (13, 30), (13, 29), (12, 29), (11, 29), (10, 29), (10, 30), (10, 29), (11, 29), (12, 29), (13, 29), (14, 29), (14, 30), (14, 31), (15, 31), (16, 31), (16, 30), (16, 29), (16, 28), (16, 27), (16, 26), (15, 26), (14, 26), (13, 26), (12, 26), (11, 26), (10, 26), (9, 26), (8, 26), (8, 25), (8, 24), (8, 23), (8, 22), (7, 22), (6, 22), (5, 22), (5, 21), (5, 20), (5, 19), (5, 18), (5, 17), (5, 16), (6, 16), (7, 16), (8, 16), (9, 16), (10, 16), (10, 15), (10, 14), (9, 14), (8, 14), (7, 14), (6, 14), (5, 14), (5, 13), (4, 13), (3, 13), (2, 13), (2, 12), (2, 11), (2, 10), (3, 10), (4, 10), (5, 10), (6, 10), (7, 10), (8, 10), (9, 10), (10, 10), (11, 10), (12, 10), (13, 10), (13, 9), (13, 8), (13, 7), (14, 7), (15, 7), (16, 7), (17, 7), (18, 7), (19, 7), (20, 7), (21, 7), (22, 7), (22, 6), (22, 5), (22, 4), (22, 3), (22, 2), (21, 2), (20, 2), (19, 2), (18, 2), (17, 2), (16, 2), (15, 2), (14, 2), (13, 2), (12, 2), (11, 2), (10, 2), (9, 2), (8, 2), (8, 3), (8, 4), (9, 4), (10, 4), (10, 5), (10, 6), (10, 7), (9, 7), (8, 7), (7, 7), (6, 7), (5, 7), (4, 7), (3, 7), (2, 7), (2, 6), (2, 5), (2, 4), (2, 3), (2, 2), (2, 2)], 4: [(8, 29), (9, 29), (10, 29), (11, 29), (12, 29), (13, 29), (14, 29), (14, 30), (14, 31), (15, 31), (16, 31), (17, 31), (18, 31), (19, 31), (20, 31), (21, 31), (22, 31), (22, 30), (22, 29), (22, 28), (23, 28), (24, 28), (25, 28), (25, 27), (25, 26), (25, 25), (26, 25), (27, 25), (28, 25), (29, 25), (30, 25), (31, 25), (31, 26), (30, 26), (29, 26), (28, 26), (27, 26), (26, 26), (25, 26), (25, 27), (25, 28), (24, 28), (23, 28), (22, 28), (22, 29), (22, 30), (22, 31), (21, 31), (20, 31), (19, 31), (18, 31), (17, 31), (17, 30), (17, 29), (17, 28), (17, 27), (17, 26), (17, 25), (18, 25), (19, 25), (20, 25), (21, 25), (22, 25), (22, 24), (22, 23), (22, 22), (22, 21), (22, 20), (22, 19), (23, 19), (24, 19), (25, 19), (26, 19), (27, 19), (28, 19), (29, 19), (28, 19), (27, 19), (26, 19), (25, 19), (24, 19), (23, 19), (23, 20), (23, 21), (22, 21), (22, 22), (22, 23), (22, 24), (22, 25), (21, 25), (20, 25), (19, 25), (18, 25), (17, 25), (16, 25), (15, 25), (14, 25), (13, 25), (12, 25), (11, 25), (10, 25), (10, 26), (9, 26), (8, 26), (7, 26), (7, 25), (7, 24), (7, 24)]}, 177)