

CBSS-C STATS
starts:[88, 98, 1015, 44, 627]
targets:[355, 759, 769, 839, 555, 956, 912, 83, 246, 476, 753, 381, 749, 732, 865, 427, 647, 546, 462, 378]
dests:[845, 837, 922, 709, 77]
ac_dict:{355: {0, 1}, 759: {1, 2}, 769: {2, 3}, 839: {3, 4}, 845: {0}, 837: {1}, 922: {2}, 709: {3}, 77: {4}}
clusters:[1 0 3 5 1 8 0 6 3 5 5 6 0 2 9 9 1 3 7 4]

round: 8
best_g_value: 422.0
open_list_size: 7
num_low_level_expanded: 6451
search_success: 1
search_time: 10.627807419281453
n_tsp_call: 15
n_tsp_time: 10.158072482794523
n_roots: 1
num_conflicts: 7
target_assignment: {355: 0, 246: 1, 378: 4, 749: 4, 839: 4, 462: 4, 427: 4, 83: 4, 956: 2, 732: 2}
cluster_target_selection: {1: 355, 3: 246, 4: 378, 0: 749, 5: 839, 7: 462, 9: 427, 6: 83, 8: 956, 2: 732}
num_nodes_transformed_graph: 98
agent_paths:({0: [(24, 2), (23, 2), (22, 2), (22, 3), (22, 4), (22, 5), (22, 6), (22, 7), (21, 7), (20, 7), (19, 7), (18, 7), (17, 7), (16, 7), (15, 7), (14, 7), (13, 7), (13, 8), (13, 9), (13, 10), (12, 10), (11, 10), (10, 10), (9, 10), (8, 10), (7, 10), (6, 10), (5, 10), (4, 10), (3, 10), (3, 11), (2, 11), (2, 12), (2, 13), (3, 13), (4, 13), (5, 13), (6, 13), (7, 13), (8, 13), (9, 13), (10, 13), (10, 14), (10, 15), (10, 16), (10, 17), (9, 17), (8, 17), (7, 17), (6, 17), (5, 17), (5, 18), (5, 19), (5, 20), (5, 21), (5, 22), (6, 22), (6, 23), (7, 23), (8, 23), (8, 24), (8, 25), (9, 25), (10, 25), (11, 25), (12, 25), (13, 25), (13, 26), (13, 26)], 1: [(2, 3), (2, 4), (2, 5), (2, 6), (2, 7), (3, 7), (4, 7), (5, 7), (6, 7), (7, 7), (8, 7), (9, 7), (10, 7), (10, 6), (10, 5), (9, 5), (8, 5), (8, 4), (8, 3), (8, 2), (9, 2), (10, 2), (11, 2), (12, 2), (13, 2), (14, 2), (15, 2), (16, 2), (17, 2), (18, 2), (19, 2), (20, 2), (21, 2), (22, 2), (22, 3), (22, 4), (22, 5), (22, 6), (22, 7), (21, 7), (20, 7), (19, 7), (18, 7), (17, 7), (16, 7), (15, 7), (14, 7), (13, 7), (13, 8), (13, 9), (13, 10), (12, 10), (11, 10), (10, 10), (9, 10), (8, 10), (7, 10), (6, 10), (5, 10), (5, 11), (4, 11), (3, 11), (2, 11), (2, 12), (2, 13), (3, 13), (4, 13), (5, 13), (5, 14), (6, 14), (7, 14), (8, 14), (9, 14), (10, 14), (10, 15), (10, 16), (9, 16), (8, 16), (7, 16), (6, 16), (5, 16), (5, 17), (5, 18), (5, 19), (5, 20), (4, 20), (3, 20), (2, 20), (2, 21), (2, 22), (2, 23), (2, 24), (2, 25), (2, 26), (2, 27), (2, 28), (2, 29), (2, 30), (2, 31), (3, 31), (4, 31), (4, 30), (4, 29), (4, 28), (4, 27), (4, 26), (5, 26), (5, 26)], 2: [(23, 31), (23, 30), (23, 29), (24, 29), (25, 29), (26, 29), (26, 28), (26, 27), (26, 26), (27, 26), (28, 26), (29, 26), (30, 26), (31, 26), (31, 27), (31, 28), (31, 29), (31, 30), (31, 31), (30, 31), (29, 31), (28, 31), (28, 30), (28, 29), (29, 29), (29, 30), (29, 31), (30, 31), (31, 31), (31, 30), (31, 29), (31, 28), (31, 27), (31, 26), (31, 25), (31, 24), (31, 23), (30, 23), (29, 23), (28, 23), (28, 22), (28, 23), (29, 23), (30, 23), (31, 23), (31, 24), (31, 25), (30, 25), (29, 25), (28, 25), (27, 25), (26, 25), (26, 26), (26, 27), (26, 28), (26, 28)], 3: [(12, 1), (12, 2), (13, 2), (14, 2), (15, 2), (16, 2), (17, 2), (18, 2), (19, 2), (20, 2), (21, 2), (22, 2), (22, 3), (22, 4), (22, 5), (22, 6), (22, 7), (21, 7), (20, 7), (19, 7), (18, 7), (17, 7), (16, 7), (15, 7), (14, 7), (13, 7), (13, 8), (13, 9), (13, 10), (12, 10), (11, 10), (10, 10), (9, 10), (8, 10), (7, 10), (6, 10), (5, 10), (5, 11), (4, 11), (3, 11), (2, 11), (2, 12), (2, 13), (3, 13), (4, 13), (5, 13), (5, 14), (6, 14), (7, 14), (8, 14), (9, 14), (10, 14), (10, 15), (10, 16), (9, 16), (8, 16), (7, 16), (6, 16), (5, 16), (5, 17), (5, 18), (4, 18), (4, 19), (5, 19), (5, 20), (5, 21), (5, 22), (5, 22)], 4: [(19, 19), (19, 18), (19, 17), (19, 16), (20, 16), (21, 16), (22, 16), (23, 16), (24, 16), (25, 16), (25, 15), (25, 14), (25, 13), (25, 12), (25, 11), (26, 11), (25, 11), (25, 12), (25, 13), (25, 14), (25, 15), (25, 16), (24, 16), (23, 16), (22, 16), (21, 16), (20, 16), (19, 16), (19, 15), (19, 14), (18, 14), (17, 14), (16, 14), (16, 15), (16, 16), (15, 16), (14, 16), (13, 16), (13, 17), (13, 18), (13, 19), (13, 20), (13, 21), (13, 22), (13, 23), (13, 24), (13, 25), (12, 25), (11, 25), (10, 25), (9, 25), (8, 25), (7, 25), (7, 26), (7, 25), (7, 24), (7, 23), (7, 22), (6, 22), (5, 22), (5, 21), (5, 20), (5, 19), (5, 18), (5, 17), (5, 16), (6, 16), (7, 16), (8, 16), (9, 16), (10, 16), (10, 15), (10, 14), (11, 14), (12, 14), (13, 14), (14, 14), (13, 14), (12, 14), (11, 14), (11, 13), (10, 13), (9, 13), (8, 13), (7, 13), (6, 13), (5, 13), (4, 13), (3, 13), (2, 13), (2, 12), (2, 11), (2, 10), (3, 10), (4, 10), (5, 10), (6, 10), (7, 10), (8, 10), (9, 10), (10, 10), (11, 10), (12, 10), (13, 10), (13, 9), (13, 8), (13, 7), (14, 7), (15, 7), (16, 7), (17, 7), (18, 7), (19, 7), (20, 7), (21, 7), (22, 7), (22, 6), (22, 5), (22, 4), (22, 3), (22, 2), (21, 2), (20, 2), (19, 2), (18, 2), (17, 2), (16, 2), (15, 2), (14, 2), (13, 2), (13, 2)]}, 129)