

CBSS-C STATS
starts:[173, 1013, 93, 513, 380]
targets:[159, 285, 607, 55, 308, 97, 385, 462, 548, 468, 564, 925, 957, 999, 529, 1010, 770, 499, 505, 346]
dests:[350, 255, 135, 491, 509]
ac_dict:{159: {0, 1}, 285: {1, 2}, 607: {2, 3}, 55: {3, 4}, 350: {0}, 255: {1}, 135: {2}, 491: {3}, 509: {4}}
clusters:[1 7 9 0 8 4 1 2 3 1 2 4 3 6 9 7 3 5 8 8]

round: 2
best_g_value: 426.0
open_list_size: 1
num_low_level_expanded: 2034
search_success: 1
search_time: 0.8459318499080837
n_tsp_call: 1
n_tsp_time: 0.7527479869313538
n_roots: 1
num_conflicts: 1
target_assignment: {97: 0, 499: 0, 529: 0, 1010: 1, 999: 1, 548: 1, 308: 1, 385: 3, 55: 3, 462: 3}
cluster_target_selection: {4: 97, 5: 499, 9: 529, 7: 1010, 6: 999, 3: 548, 8: 308, 1: 385, 0: 55, 2: 462}
num_nodes_transformed_graph: 54
agent_paths:({0: [(13, 5), (12, 5), (11, 5), (10, 5), (10, 6), (10, 7), (9, 7), (8, 7), (7, 7), (6, 7), (5, 7), (4, 7), (3, 7), (2, 7), (1, 7), (1, 6), (1, 5), (1, 4), (1, 3), (2, 3), (2, 4), (2, 5), (2, 6), (2, 7), (3, 7), (4, 7), (5, 7), (6, 7), (7, 7), (8, 7), (9, 7), (10, 7), (10, 6), (10, 5), (9, 5), (8, 5), (8, 4), (8, 3), (8, 2), (9, 2), (10, 2), (11, 2), (12, 2), (13, 2), (14, 2), (15, 2), (16, 2), (17, 2), (18, 2), (19, 2), (20, 2), (21, 2), (22, 2), (22, 3), (22, 4), (22, 5), (22, 6), (22, 7), (21, 7), (20, 7), (19, 7), (19, 8), (18, 8), (17, 8), (16, 8), (15, 8), (14, 8), (14, 9), (14, 10), (14, 11), (13, 11), (12, 11), (11, 11), (10, 11), (9, 11), (8, 11), (7, 11), (6, 11), (5, 11), (4, 11), (3, 11), (2, 11), (2, 12), (2, 13), (3, 13), (4, 13), (5, 13), (6, 13), (7, 13), (8, 13), (9, 13), (10, 13), (10, 14), (10, 15), (10, 16), (9, 16), (8, 16), (7, 16), (6, 16), (5, 16), (5, 17), (5, 18), (5, 19), (5, 20), (5, 21), (5, 22), (6, 22), (7, 22), (8, 22), (8, 23), (8, 24), (8, 25), (9, 25), (10, 25), (11, 25), (12, 25), (13, 25), (13, 24), (13, 23), (13, 22), (13, 21), (13, 20), (13, 19), (13, 18), (13, 17), (13, 16), (14, 16), (15, 16), (16, 16), (16, 15), (17, 15), (17, 14), (18, 14), (19, 14), (19, 15), (19, 14), (18, 14), (17, 14), (17, 15), (17, 16), (16, 16), (15, 16), (14, 16), (14, 17), (14, 18), (14, 19), (14, 20), (14, 21), (14, 22), (14, 23), (14, 24), (14, 25), (15, 25), (16, 25), (17, 25), (18, 25), (19, 25), (20, 25), (21, 25), (22, 25), (22, 24), (22, 23), (22, 22), (22, 21), (22, 20), (22, 19), (23, 19), (24, 19), (25, 19), (26, 19), (27, 19), (28, 19), (28, 18), (28, 17), (28, 16), (28, 15), (28, 14), (28, 13), (29, 13), (30, 13), (31, 13), (31, 12), (31, 11), (30, 11), (30, 10), (30, 10)], 1: [(21, 31), (20, 31), (19, 31), (18, 31), (17, 31), (16, 31), (15, 31), (14, 31), (13, 31), (13, 30), (13, 29), (12, 29), (11, 29), (10, 29), (10, 30), (10, 31), (9, 31), (8, 31), (7, 31), (8, 31), (9, 31), (10, 31), (10, 30), (10, 29), (11, 29), (12, 29), (13, 29), (14, 29), (14, 30), (14, 31), (15, 31), (16, 31), (16, 30), (16, 29), (16, 28), (16, 27), (16, 26), (15, 26), (14, 26), (13, 26), (12, 26), (11, 26), (10, 26), (9, 26), (8, 26), (7, 26), (7, 25), (7, 24), (7, 23), (6, 23), (5, 23), (4, 23), (4, 22), (4, 21), (4, 20), (4, 19), (4, 18), (4, 17), (4, 16), (5, 16), (6, 16), (7, 16), (8, 16), (9, 16), (10, 16), (10, 15), (10, 14), (9, 14), (8, 14), (7, 14), (6, 14), (5, 14), (4, 14), (4, 13), (3, 13), (2, 13), (2, 12), (2, 11), (2, 10), (3, 10), (4, 10), (5, 10), (6, 10), (7, 10), (8, 10), (9, 10), (10, 10), (11, 10), (12, 10), (13, 10), (13, 9), (14, 9), (14, 8), (15, 8), (16, 8), (17, 8), (18, 8), (19, 8), (20, 8), (20, 9), (20, 8), (20, 7), (21, 7), (22, 7), (23, 7), (23, 6), (23, 5), (23, 4), (23, 3), (23, 2), (24, 2), (25, 2), (26, 2), (27, 2), (28, 2), (29, 2), (30, 2), (31, 2), (31, 3), (31, 4), (31, 5), (31, 6), (31, 7), (31, 7)], 2: [(29, 2), (28, 2), (27, 2), (26, 2), (25, 2), (24, 2), (23, 2), (22, 2), (21, 2), (20, 2), (19, 2), (18, 2), (17, 2), (16, 2), (15, 2), (14, 2), (13, 2), (12, 2), (11, 2), (10, 2), (9, 2), (8, 2), (7, 2), (7, 3), (7, 4), (7, 4)], 3: [(1, 16), (1, 15), (1, 14), (1, 13), (1, 12), (1, 11), (1, 10), (2, 10), (3, 10), (4, 10), (5, 10), (6, 10), (7, 10), (8, 10), (9, 10), (10, 10), (11, 10), (12, 10), (13, 10), (13, 9), (13, 8), (13, 7), (14, 7), (15, 7), (16, 7), (17, 7), (18, 7), (19, 7), (20, 7), (21, 7), (22, 7), (22, 6), (22, 5), (22, 4), (22, 3), (22, 2), (22, 1), (23, 1), (22, 1), (22, 2), (22, 3), (22, 4), (22, 5), (22, 6), (22, 7), (21, 7), (20, 7), (19, 7), (18, 7), (17, 7), (16, 7), (15, 7), (14, 7), (14, 8), (14, 9), (14, 10), (14, 11), (13, 11), (12, 11), (11, 11), (10, 11), (9, 11), (8, 11), (7, 11), (6, 11), (5, 11), (4, 11), (3, 11), (2, 11), (2, 12), (2, 13), (3, 13), (4, 13), (5, 13), (6, 13), (7, 13), (8, 13), (9, 13), (10, 13), (11, 13), (12, 13), (13, 13), (14, 13), (14, 14), (13, 14), (12, 14), (11, 14), (11, 15), (11, 15)], 4: [(28, 11), (29, 11), (30, 11), (31, 11), (31, 12), (31, 13), (30, 13), (29, 13), (29, 14), (29, 15), (29, 15)]}, 184)