

CBSS-C STATS
starts:[907, 647, 730, 71, 425]
targets:[715, 95, 479, 170, 506, 74, 820, 283, 47, 420, 849, 156, 581, 285, 565, 235, 936, 770, 269, 995]
dests:[710, 133, 86, 93, 505]
ac_dict:{715: {0, 1}, 95: {1, 2}, 479: {2, 3}, 170: {3, 4}, 710: {0}, 133: {1}, 86: {2}, 93: {3}, 505: {4}}
clusters:[0 7 5 4 4 9 6 7 8 2 9 1 3 7 6 8 2 1 1 5]

round: 20
best_g_value: 348.0
open_list_size: 19
num_low_level_expanded: 13451
search_success: 1
search_time: 6.139251637738198
n_tsp_call: 14
n_tsp_time: 5.567922472953796
n_roots: 1
num_conflicts: 19
target_assignment: {715: 0, 581: 4, 995: 4, 770: 4, 565: 4, 506: 4, 283: 4, 420: 1, 74: 1, 235: 1}
cluster_target_selection: {0: 715, 3: 581, 5: 995, 1: 770, 6: 565, 4: 506, 7: 283, 2: 420, 9: 74, 8: 235}
num_nodes_transformed_graph: 54
agent_paths:({0: [(11, 28), (12, 28), (13, 28), (14, 28), (14, 29), (14, 30), (14, 31), (15, 31), (16, 31), (16, 30), (16, 29), (16, 28), (16, 27), (16, 26), (15, 26), (14, 26), (13, 26), (12, 26), (11, 26), (11, 25), (10, 25), (9, 25), (8, 25), (8, 24), (8, 23), (8, 22), (9, 22), (10, 22), (11, 22), (10, 22), (9, 22), (8, 22), (7, 22), (6, 22), (6, 22)], 1: [(7, 20), (7, 19), (8, 19), (9, 19), (10, 19), (10, 18), (10, 17), (10, 16), (10, 15), (10, 14), (9, 14), (8, 14), (7, 14), (6, 14), (5, 14), (4, 14), (4, 13), (3, 13), (2, 13), (2, 12), (2, 11), (2, 10), (3, 10), (4, 10), (5, 10), (6, 10), (7, 10), (8, 10), (9, 10), (10, 10), (11, 10), (12, 10), (13, 10), (13, 9), (13, 8), (13, 7), (14, 7), (15, 7), (16, 7), (17, 7), (18, 7), (19, 7), (20, 7), (21, 7), (22, 7), (22, 6), (22, 5), (22, 4), (22, 3), (22, 2), (21, 2), (20, 2), (19, 2), (18, 2), (17, 2), (16, 2), (15, 2), (14, 2), (13, 2), (12, 2), (11, 2), (10, 2), (9, 2), (8, 2), (8, 3), (8, 4), (9, 4), (10, 4), (11, 4), (11, 5), (11, 6), (11, 7), (10, 7), (9, 7), (8, 7), (7, 7), (6, 7), (5, 7), (4, 7), (3, 7), (2, 7), (2, 6), (2, 5), (2, 4), (3, 4), (4, 4), (5, 4), (5, 4)], 2: [(26, 22), (27, 22), (28, 22), (29, 22), (30, 22), (31, 22), (31, 23), (31, 24), (31, 25), (30, 25), (29, 25), (28, 25), (27, 25), (26, 25), (25, 25), (25, 26), (25, 27), (25, 28), (24, 28), (23, 28), (22, 28), (22, 29), (22, 30), (22, 31), (21, 31), (20, 31), (19, 31), (18, 31), (17, 31), (17, 30), (17, 29), (17, 28), (17, 27), (17, 26), (17, 25), (16, 25), (15, 25), (14, 25), (13, 25), (12, 25), (11, 25), (10, 25), (9, 25), (8, 25), (8, 24), (7, 24), (7, 24), (7, 24), (7, 24), (7, 23), (6, 23), (5, 23), (5, 22), (5, 21), (5, 20), (5, 19), (5, 18), (5, 17), (5, 16), (6, 16), (7, 16), (8, 16), (9, 16), (10, 16), (10, 15), (10, 14), (10, 13), (9, 13), (8, 13), (7, 13), (6, 13), (5, 13), (4, 13), (3, 13), (2, 13), (2, 12), (2, 11), (2, 10), (3, 10), (4, 10), (5, 10), (6, 10), (7, 10), (8, 10), (9, 10), (10, 10), (11, 10), (12, 10), (13, 10), (13, 9), (13, 8), (13, 7), (14, 7), (15, 7), (16, 7), (17, 7), (18, 7), (19, 7), (20, 7), (21, 7), (22, 7), (22, 6), (22, 5), (22, 4), (22, 3), (22, 2), (22, 2)], 3: [(7, 2), (8, 2), (9, 2), (10, 2), (11, 2), (12, 2), (13, 2), (14, 2), (15, 2), (16, 2), (17, 2), (18, 2), (19, 2), (20, 2), (21, 2), (22, 2), (23, 2), (24, 2), (25, 2), (26, 2), (27, 2), (28, 2), (29, 2), (29, 2)], 4: [(9, 13), (9, 14), (10, 14), (10, 15), (10, 16), (9, 16), (8, 16), (7, 16), (6, 16), (5, 16), (5, 17), (5, 18), (4, 18), (4, 19), (3, 19), (3, 20), (2, 20), (2, 21), (2, 22), (2, 23), (2, 24), (2, 25), (2, 26), (2, 27), (2, 28), (2, 29), (2, 30), (2, 31), (3, 31), (2, 31), (2, 30), (2, 29), (2, 28), (2, 27), (2, 26), (2, 25), (2, 24), (2, 23), (2, 22), (2, 21), (2, 20), (3, 20), (4, 20), (5, 20), (5, 21), (5, 22), (5, 23), (6, 23), (7, 23), (8, 23), (8, 24), (8, 25), (9, 25), (10, 25), (11, 25), (12, 25), (13, 25), (13, 24), (13, 23), (13, 22), (13, 21), (13, 20), (13, 19), (13, 18), (13, 17), (14, 17), (15, 17), (16, 17), (17, 17), (17, 16), (17, 15), (17, 14), (18, 14), (19, 14), (20, 14), (20, 15), (20, 16), (21, 16), (21, 17), (21, 16), (22, 16), (23, 16), (24, 16), (25, 16), (25, 15), (26, 15), (26, 14), (26, 13), (26, 12), (26, 11), (26, 10), (26, 9), (26, 8), (27, 8), (26, 8), (25, 8), (25, 9), (25, 10), (25, 11), (25, 12), (25, 13), (25, 14), (25, 15), (25, 15)]}, 105)