

CBSS-C STATS
starts:[665, 549, 135, 639, 703, 734, 508, 274, 545, 453]
targets:[450, 889, 214, 247, 726, 449, 422, 667, 595, 982]
dests:[447, 103, 93, 626, 561, 439, 625, 750, 676, 282]
ac_dict:{450: {0, 1}, 889: {1, 2}, 214: {2, 3}, 247: {3, 4}, 726: {4, 5}, 449: {5, 6}, 422: {6, 7}, 667: {8, 7}, 595: {8, 9}, 447: {0}, 103: {1}, 93: {2}, 626: {3}, 561: {4}, 439: {5}, 625: {6}, 750: {7}, 676: {8}, 282: {9}}
clusters:[3 3 0 3 1 0 4 2 1 4]

round: 512
best_g_value: 510.0
open_list_size: 511
num_low_level_expanded: 239402
search_success: 1
search_time: 18.017017364036292
n_tsp_call: 13
n_tsp_time: 1.4835438835434616
n_roots: 1
num_conflicts: 511
target_assignment: {982: 3, 450: 1, 214: 2, 667: 7, 595: 9}
cluster_target_selection: {4: 982, 3: 450, 0: 214, 2: 667, 1: 595}
num_nodes_transformed_graph: 34
agent_paths:({0: [(25, 20), (26, 20), (27, 20), (28, 20), (29, 20), (29, 19), (29, 18), (29, 17), (29, 16), (29, 15), (29, 14), (29, 13), (30, 13), (31, 13), (31, 13)], 1: [(5, 17), (5, 16), (6, 16), (7, 16), (8, 16), (9, 16), (9, 16), (9, 16), (10, 16), (10, 15), (10, 14), (10, 13), (9, 13), (8, 13), (7, 13), (6, 13), (5, 13), (4, 13), (3, 13), (2, 13), (2, 14), (2, 14), (2, 13), (2, 12), (2, 11), (2, 10), (3, 10), (4, 10), (5, 10), (6, 10), (7, 10), (8, 10), (9, 10), (10, 10), (11, 10), (12, 10), (13, 10), (13, 9), (13, 8), (13, 7), (14, 7), (15, 7), (16, 7), (17, 7), (18, 7), (19, 7), (20, 7), (21, 7), (22, 7), (22, 6), (22, 5), (22, 4), (22, 3), (22, 2), (21, 2), (20, 2), (19, 2), (18, 2), (17, 2), (16, 2), (15, 2), (14, 2), (13, 2), (12, 2), (11, 2), (10, 2), (9, 2), (8, 2), (7, 2), (7, 3), (7, 3)], 2: [(7, 4), (8, 4), (8, 3), (8, 2), (9, 2), (10, 2), (11, 2), (12, 2), (13, 2), (14, 2), (15, 2), (16, 2), (17, 2), (18, 2), (19, 2), (20, 2), (21, 2), (22, 2), (22, 3), (22, 4), (22, 5), (22, 6), (22, 5), (22, 4), (22, 3), (22, 2), (23, 2), (24, 2), (25, 2), (26, 2), (27, 2), (28, 2), (29, 2), (29, 2)], 3: [(31, 19), (31, 20), (31, 21), (31, 22), (31, 23), (31, 24), (31, 25), (30, 25), (29, 25), (28, 25), (27, 25), (26, 25), (25, 25), (25, 26), (25, 27), (25, 28), (24, 28), (23, 28), (22, 28), (22, 29), (22, 30), (22, 31), (21, 31), (20, 31), (19, 31), (18, 31), (17, 31), (17, 30), (17, 29), (17, 28), (17, 27), (17, 26), (17, 25), (16, 25), (15, 25), (14, 25), (14, 24), (14, 23), (14, 22), (14, 21), (14, 20), (14, 19), (14, 18), (14, 17), (15, 17), (16, 17), (16, 16), (17, 16), (17, 15), (17, 14), (18, 14), (19, 14), (19, 15), (19, 16), (19, 17), (19, 18), (19, 19), (18, 19), (18, 19)], 4: [(31, 21), (31, 21), (31, 22), (31, 23), (31, 24), (31, 25), (30, 25), (29, 25), (28, 25), (27, 25), (26, 25), (25, 25), (25, 26), (25, 27), (25, 28), (24, 28), (23, 28), (22, 28), (22, 29), (22, 30), (22, 31), (21, 31), (20, 31), (19, 31), (18, 31), (17, 31), (17, 30), (17, 29), (17, 28), (17, 27), (17, 26), (17, 25), (16, 25), (15, 25), (14, 25), (14, 24), (14, 23), (14, 22), (14, 21), (14, 20), (14, 19), (14, 18), (14, 17), (15, 17), (16, 17), (17, 17), (17, 17)], 5: [(30, 22), (31, 22), (31, 23), (31, 24), (31, 25), (30, 25), (29, 25), (28, 25), (27, 25), (26, 25), (25, 25), (25, 26), (25, 27), (25, 28), (24, 28), (23, 28), (22, 28), (22, 29), (22, 30), (22, 31), (21, 31), (20, 31), (19, 31), (18, 31), (17, 31), (17, 30), (17, 29), (17, 28), (17, 27), (17, 26), (17, 25), (16, 25), (15, 25), (14, 25), (14, 24), (14, 23), (14, 22), (14, 21), (14, 20), (14, 19), (14, 18), (14, 17), (14, 16), (15, 16), (16, 16), (16, 15), (16, 14), (17, 14), (18, 14), (19, 14), (20, 14), (20, 15), (20, 16), (21, 16), (22, 16), (23, 16), (24, 16), (25, 16), (25, 15), (25, 14), (24, 14), (23, 14), (23, 13), (23, 13)], 6: [(28, 15), (28, 16), (28, 17), (28, 18), (28, 19), (27, 19), (26, 19), (25, 19), (24, 19), (23, 19), (22, 19), (22, 20), (22, 21), (22, 22), (22, 23), (22, 24), (22, 25), (21, 25), (20, 25), (19, 25), (18, 25), (17, 25), (16, 25), (15, 25), (14, 25), (14, 24), (14, 23), (14, 22), (14, 21), (14, 20), (14, 19), (14, 18), (14, 17), (15, 17), (16, 17), (17, 17), (17, 16), (17, 15), (17, 14), (18, 14), (19, 14), (19, 15), (19, 16), (19, 17), (19, 18), (19, 19), (18, 19), (17, 19), (17, 19)], 7: [(18, 8), (17, 8), (16, 8), (15, 8), (14, 8), (14, 9), (14, 10), (14, 11), (13, 11), (12, 11), (11, 11), (10, 11), (9, 11), (8, 11), (7, 11), (6, 11), (5, 11), (4, 11), (3, 11), (2, 11), (2, 12), (2, 13), (3, 13), (4, 13), (5, 13), (6, 13), (7, 13), (8, 13), (9, 13), (10, 13), (10, 14), (10, 15), (10, 16), (10, 17), (9, 17), (8, 17), (7, 17), (6, 17), (5, 17), (5, 18), (5, 19), (5, 20), (5, 21), (5, 22), (6, 22), (7, 22), (8, 22), (8, 23), (8, 24), (8, 25), (9, 25), (10, 25), (11, 25), (12, 25), (13, 25), (14, 25), (15, 25), (16, 25), (17, 25), (18, 25), (19, 25), (20, 25), (21, 25), (22, 25), (22, 24), (22, 23), (22, 22), (22, 21), (22, 20), (23, 20), (24, 20), (25, 20), (26, 20), (27, 20), (26, 20), (25, 20), (24, 20), (23, 20), (22, 20), (22, 21), (22, 22), (22, 23), (22, 24), (22, 25), (21, 25), (20, 25), (19, 25), (18, 25), (17, 25), (16, 25), (15, 25), (14, 25), (14, 24), (14, 23), (14, 23)], 8: [(1, 17), (2, 17), (2, 16), (2, 15), (2, 14), (3, 14), (4, 14), (5, 14), (6, 14), (7, 14), (8, 14), (9, 14), (10, 14), (10, 15), (10, 16), (9, 16), (8, 16), (7, 16), (6, 16), (5, 16), (4, 16), (4, 17), (4, 18), (4, 19), (4, 20), (4, 21), (4, 21)], 9: [(5, 14), (6, 14), (7, 14), (8, 14), (9, 14), (10, 14), (10, 15), (10, 16), (10, 17), (9, 17), (8, 17), (7, 17), (6, 17), (5, 17), (5, 18), (5, 19), (5, 20), (5, 21), (5, 22), (6, 22), (7, 22), (8, 22), (8, 23), (8, 24), (8, 25), (9, 25), (10, 25), (11, 25), (12, 25), (13, 25), (13, 24), (13, 23), (13, 22), (13, 21), (13, 20), (13, 19), (13, 18), (14, 18), (14, 17), (15, 17), (16, 17), (17, 17), (17, 16), (17, 15), (17, 14), (18, 14), (19, 14), (19, 15), (19, 16), (19, 17), (19, 18), (19, 17), (19, 16), (20, 16), (21, 16), (22, 16), (23, 16), (24, 16), (25, 16), (25, 15), (25, 14), (25, 13), (25, 12), (25, 11), (25, 10), (25, 9), (25, 8), (26, 8), (26, 8)]}, 93)