

CBSS-C STATS
starts:[178, 61, 720, 415, 821]
targets:[715, 613, 313, 666, 686, 764, 868, 996, 890, 340, 548, 91, 726, 377, 744, 68, 260, 564, 570, 252]
dests:[436, 732, 745, 906, 282]
ac_dict:{715: {0, 1}, 613: {1, 2}, 313: {2, 3}, 666: {3, 4}, 436: {0}, 732: {1}, 745: {2}, 906: {3}, 282: {4}}
clusters:[1 5 2 4 2 6 9 8 0 9 6 5 6 5 2 1 3 2 7 9]

round: 2
best_g_value: 399.0
open_list_size: 1
num_low_level_expanded: 2055
search_success: 1
search_time: 0.6046952228061855
n_tsp_call: 1
n_tsp_time: 0.5203211312182248
n_roots: 1
num_conflicts: 1
target_assignment: {260: 0, 996: 0, 686: 2, 570: 4, 91: 1, 340: 1, 715: 1, 890: 1, 666: 3, 726: 3}
cluster_target_selection: {3: 260, 8: 996, 2: 686, 7: 570, 5: 91, 9: 340, 1: 715, 0: 890, 4: 666, 6: 726}
num_nodes_transformed_graph: 53
agent_paths:({0: [(18, 5), (17, 5), (16, 5), (15, 5), (14, 5), (13, 5), (12, 5), (11, 5), (10, 5), (10, 6), (10, 7), (9, 7), (8, 7), (7, 7), (6, 7), (5, 7), (4, 7), (4, 8), (4, 7), (5, 7), (6, 7), (7, 7), (8, 7), (9, 7), (10, 7), (10, 6), (10, 5), (9, 5), (8, 5), (8, 4), (8, 3), (8, 2), (9, 2), (10, 2), (11, 2), (12, 2), (13, 2), (14, 2), (15, 2), (16, 2), (17, 2), (18, 2), (19, 2), (20, 2), (21, 2), (22, 2), (22, 3), (22, 4), (22, 5), (22, 6), (22, 7), (21, 7), (20, 7), (19, 7), (18, 7), (17, 7), (16, 7), (15, 7), (14, 7), (13, 7), (13, 8), (13, 9), (13, 10), (12, 10), (11, 10), (10, 10), (9, 10), (8, 10), (7, 10), (6, 10), (5, 10), (4, 10), (4, 11), (3, 11), (2, 11), (2, 12), (2, 13), (3, 13), (4, 13), (4, 14), (5, 14), (6, 14), (7, 14), (8, 14), (9, 14), (10, 14), (10, 15), (10, 16), (9, 16), (8, 16), (7, 16), (6, 16), (5, 16), (4, 16), (4, 17), (4, 18), (4, 19), (4, 20), (3, 20), (2, 20), (2, 21), (2, 22), (2, 23), (2, 24), (2, 25), (2, 26), (2, 27), (2, 28), (2, 29), (2, 30), (2, 31), (3, 31), (4, 31), (3, 31), (2, 31), (2, 30), (2, 29), (2, 28), (2, 27), (2, 26), (2, 25), (2, 24), (2, 23), (2, 22), (2, 21), (2, 20), (3, 20), (4, 20), (5, 20), (5, 21), (5, 22), (6, 22), (7, 22), (8, 22), (8, 23), (8, 24), (8, 25), (9, 25), (10, 25), (11, 25), (12, 25), (13, 25), (13, 24), (13, 23), (13, 22), (13, 21), (13, 20), (13, 19), (13, 18), (13, 17), (13, 16), (14, 16), (15, 16), (16, 16), (16, 15), (16, 14), (16, 13), (17, 13), (18, 13), (19, 13), (20, 13), (20, 13)], 1: [(29, 1), (28, 1), (27, 1), (27, 2), (26, 2), (25, 2), (24, 2), (23, 2), (22, 2), (22, 3), (22, 4), (22, 5), (22, 6), (22, 7), (21, 7), (20, 7), (20, 8), (20, 9), (20, 10), (19, 10), (19, 9), (19, 8), (18, 8), (17, 8), (16, 8), (15, 8), (14, 8), (13, 8), (13, 9), (13, 10), (12, 10), (11, 10), (11, 11), (10, 11), (9, 11), (8, 11), (7, 11), (6, 11), (5, 11), (4, 11), (3, 11), (2, 11), (2, 12), (2, 13), (3, 13), (4, 13), (5, 13), (6, 13), (7, 13), (8, 13), (9, 13), (10, 13), (10, 14), (10, 15), (10, 16), (10, 17), (9, 17), (8, 17), (7, 17), (6, 17), (5, 17), (5, 18), (5, 19), (5, 20), (5, 21), (5, 22), (6, 22), (7, 22), (8, 22), (9, 22), (10, 22), (11, 22), (10, 22), (9, 22), (8, 22), (8, 23), (8, 24), (8, 25), (9, 25), (10, 25), (11, 25), (12, 25), (13, 25), (14, 25), (15, 25), (16, 25), (17, 25), (17, 26), (17, 27), (17, 28), (17, 29), (17, 30), (17, 31), (18, 31), (19, 31), (20, 31), (21, 31), (22, 31), (22, 30), (22, 29), (22, 28), (23, 28), (24, 28), (25, 28), (25, 27), (26, 27), (26, 26), (26, 25), (27, 25), (28, 25), (29, 25), (30, 25), (31, 25), (31, 24), (31, 23), (30, 23), (29, 23), (28, 23), (28, 22), (28, 22)], 2: [(16, 22), (16, 21), (16, 20), (16, 19), (17, 19), (18, 19), (19, 19), (19, 18), (19, 17), (19, 16), (19, 15), (19, 14), (18, 14), (17, 14), (16, 14), (16, 15), (16, 16), (15, 16), (14, 16), (14, 17), (14, 18), (14, 19), (14, 20), (14, 21), (13, 21), (13, 22), (13, 23), (13, 24), (13, 25), (12, 25), (11, 25), (10, 25), (9, 25), (8, 25), (8, 24), (8, 23), (9, 23), (9, 23)], 3: [(31, 12), (31, 13), (30, 13), (29, 13), (28, 13), (28, 14), (28, 15), (28, 16), (28, 17), (28, 18), (28, 19), (27, 19), (26, 19), (26, 20), (25, 20), (24, 20), (23, 20), (22, 20), (22, 21), (22, 22), (22, 23), (22, 24), (22, 25), (21, 25), (20, 25), (19, 25), (18, 25), (17, 25), (16, 25), (16, 26), (16, 27), (16, 28), (16, 29), (16, 30), (16, 31), (15, 31), (14, 31), (13, 31), (13, 30), (13, 29), (12, 29), (11, 29), (10, 29), (10, 28), (10, 28)], 4: [(21, 25), (20, 25), (19, 25), (18, 25), (17, 25), (16, 25), (15, 25), (14, 25), (14, 24), (14, 23), (14, 22), (14, 21), (14, 20), (14, 19), (14, 18), (14, 17), (15, 17), (16, 17), (17, 17), (17, 16), (17, 15), (17, 14), (18, 14), (19, 14), (20, 14), (20, 15), (20, 16), (21, 16), (22, 16), (23, 16), (24, 16), (25, 16), (26, 16), (26, 17), (26, 16), (26, 15), (26, 14), (26, 13), (26, 12), (26, 11), (26, 10), (26, 9), (26, 8), (26, 8)]}, 160)