

CBSS-C STATS
starts:[587, 533, 572, 351, 521]
targets:[237, 659, 173, 51, 767, 567, 631, 339, 337, 844]
dests:[90, 650, 500, 349, 560]
ac_dict:{237: {0, 1}, 659: {1, 2}, 173: {2, 3}, 51: {3, 4}, 90: {0}, 650: {1}, 500: {2}, 349: {3}, 560: {4}}
clusters:[0 0 4 0 0 0 1 2 3 3]

round: 3
best_g_value: 348.0
open_list_size: 2
num_low_level_expanded: 2763
search_success: 1
search_time: 0.6072823237627745
n_tsp_call: 1
n_tsp_time: 0.5221602469682693
n_roots: 1
num_conflicts: 2
target_assignment: {237: 0, 844: 4, 631: 2, 339: 2, 173: 2}
cluster_target_selection: {0: 237, 3: 844, 1: 631, 2: 339, 4: 173}
num_nodes_transformed_graph: 48
agent_paths:({0: [(11, 18), (11, 17), (11, 16), (11, 15), (11, 14), (11, 13), (10, 13), (9, 13), (8, 13), (7, 13), (6, 13), (5, 13), (4, 13), (3, 13), (2, 13), (2, 12), (2, 11), (2, 10), (3, 10), (4, 10), (5, 10), (6, 10), (7, 10), (8, 10), (9, 10), (10, 10), (11, 10), (12, 10), (13, 10), (13, 9), (13, 8), (13, 7), (14, 7), (15, 7), (16, 7), (17, 7), (18, 7), (19, 7), (20, 7), (21, 7), (22, 7), (22, 6), (22, 5), (22, 4), (22, 3), (22, 2), (23, 2), (24, 2), (25, 2), (26, 2), (26, 2)], 1: [(21, 16), (20, 16), (19, 16), (19, 15), (19, 14), (18, 14), (17, 14), (16, 14), (16, 15), (16, 16), (15, 16), (14, 16), (13, 16), (13, 17), (13, 18), (13, 19), (13, 20), (13, 21), (13, 22), (13, 23), (13, 24), (13, 25), (12, 25), (11, 25), (10, 25), (9, 25), (8, 25), (8, 24), (8, 23), (8, 22), (7, 22), (6, 22), (5, 22), (5, 21), (5, 20), (5, 19), (5, 18), (5, 17), (6, 17), (7, 17), (8, 17), (9, 17), (10, 17), (10, 18), (10, 19), (10, 20), (10, 20)], 2: [(28, 17), (28, 18), (28, 19), (27, 19), (26, 19), (25, 19), (24, 19), (23, 19), (22, 19), (22, 20), (22, 21), (22, 22), (22, 23), (22, 24), (22, 25), (21, 25), (20, 25), (19, 25), (18, 25), (17, 25), (16, 25), (15, 25), (14, 25), (13, 25), (12, 25), (11, 25), (10, 25), (9, 25), (8, 25), (8, 24), (8, 23), (8, 22), (7, 22), (6, 22), (5, 22), (5, 21), (5, 20), (5, 19), (5, 18), (5, 17), (5, 16), (6, 16), (7, 16), (8, 16), (9, 16), (10, 16), (10, 15), (10, 14), (10, 13), (9, 13), (8, 13), (7, 13), (6, 13), (5, 13), (4, 13), (3, 13), (2, 13), (2, 12), (2, 11), (2, 10), (3, 10), (4, 10), (5, 10), (6, 10), (7, 10), (8, 10), (9, 10), (10, 10), (11, 10), (12, 10), (13, 10), (14, 10), (14, 9), (14, 8), (15, 8), (16, 8), (17, 8), (18, 8), (19, 8), (19, 9), (19, 10), (19, 9), (19, 8), (19, 7), (20, 7), (21, 7), (22, 7), (22, 6), (22, 5), (22, 4), (22, 3), (22, 2), (21, 2), (20, 2), (19, 2), (18, 2), (17, 2), (16, 2), (15, 2), (14, 2), (13, 2), (12, 2), (11, 2), (10, 2), (9, 2), (8, 2), (8, 3), (8, 4), (9, 4), (10, 4), (11, 4), (12, 4), (13, 4), (13, 5), (12, 5), (11, 5), (10, 5), (9, 5), (8, 5), (8, 4), (8, 3), (8, 2), (9, 2), (10, 2), (11, 2), (12, 2), (13, 2), (14, 2), (15, 2), (16, 2), (17, 2), (18, 2), (19, 2), (20, 2), (21, 2), (22, 2), (22, 3), (22, 4), (22, 5), (22, 6), (22, 7), (21, 7), (20, 7), (20, 8), (19, 8), (18, 8), (17, 8), (16, 8), (15, 8), (14, 8), (14, 9), (14, 10), (14, 11), (13, 11), (12, 11), (11, 11), (10, 11), (9, 11), (8, 11), (7, 11), (6, 11), (5, 11), (4, 11), (3, 11), (2, 11), (2, 12), (2, 13), (3, 13), (4, 13), (5, 13), (6, 13), (7, 13), (8, 13), (9, 13), (10, 13), (10, 14), (10, 15), (10, 16), (9, 16), (8, 16), (7, 16), (6, 16), (5, 16), (5, 17), (5, 18), (5, 19), (5, 20), (5, 21), (5, 22), (6, 22), (7, 22), (8, 22), (8, 23), (8, 24), (8, 25), (9, 25), (10, 25), (11, 25), (12, 25), (13, 25), (13, 24), (13, 23), (13, 22), (13, 21), (13, 20), (13, 19), (13, 18), (13, 17), (13, 16), (14, 16), (15, 16), (16, 16), (16, 15), (17, 15), (17, 14), (18, 14), (19, 14), (20, 14), (20, 15), (20, 15)], 3: [(31, 10), (30, 10), (29, 10), (29, 10)], 4: [(9, 16), (9, 17), (8, 17), (7, 17), (6, 17), (5, 17), (5, 18), (5, 19), (5, 20), (5, 21), (5, 22), (6, 22), (7, 22), (8, 22), (8, 23), (8, 24), (8, 25), (9, 25), (10, 25), (11, 25), (12, 25), (12, 26), (13, 26), (14, 26), (14, 25), (14, 24), (14, 23), (14, 22), (14, 21), (14, 20), (14, 19), (14, 18), (14, 17), (15, 17), (16, 17), (16, 17)]}, 218)