

CBSS-C STATS
starts:[705, 621, 669, 474, 988, 1021, 790, 632, 775, 804]
targets:[929, 657, 84, 731, 83, 962, 711, 912, 425, 656]
dests:[285, 746, 74, 37, 860, 148, 225, 634, 259, 653]
ac_dict:{929: {0, 1}, 657: {1, 2}, 84: {2, 3}, 731: {3, 4}, 83: {4, 5}, 962: {5, 6}, 711: {6, 7}, 912: {8, 7}, 425: {8, 9}, 285: {0}, 746: {1}, 74: {2}, 37: {3}, 860: {4}, 148: {5}, 225: {6}, 634: {7}, 259: {8}, 653: {9}}
clusters:[1 3 4 2 4 4 0 1 4 1]

round: 1883
best_g_value: 735.0
open_list_size: 1882
num_low_level_expanded: 1807491
search_success: 1
search_time: 109.98046512762085
n_tsp_call: 15
n_tsp_time: 1.6055540251545608
n_roots: 1
num_conflicts: 1882
target_assignment: {83: 5, 657: 1, 656: 1, 731: 4, 711: 6}
cluster_target_selection: {4: 83, 3: 657, 1: 656, 2: 731, 0: 711}
num_nodes_transformed_graph: 33
agent_paths:({0: [(1, 22), (1, 21), (1, 20), (2, 20), (3, 20), (4, 20), (4, 21), (5, 21), (5, 22), (6, 22), (7, 22), (7, 23), (7, 24), (7, 25), (7, 26), (8, 26), (9, 26), (10, 26), (11, 26), (12, 26), (13, 26), (14, 26), (14, 25), (14, 24), (14, 23), (14, 22), (14, 21), (14, 20), (14, 19), (14, 18), (14, 17), (14, 16), (15, 16), (16, 16), (16, 15), (16, 14), (17, 14), (18, 14), (19, 14), (20, 14), (20, 15), (20, 16), (21, 16), (22, 16), (23, 16), (24, 16), (25, 16), (25, 15), (25, 14), (25, 13), (25, 12), (25, 11), (25, 10), (25, 9), (25, 8), (26, 8), (27, 8), (28, 8), (29, 8), (29, 8)], 1: [(13, 19), (14, 19), (14, 18), (14, 17), (15, 17), (16, 17), (17, 17), (17, 16), (17, 15), (17, 14), (18, 14), (19, 14), (19, 15), (19, 16), (19, 17), (19, 18), (19, 19), (18, 19), (17, 19), (17, 20), (16, 20), (16, 19), (17, 19), (18, 19), (19, 19), (19, 18), (19, 17), (19, 16), (19, 15), (19, 14), (18, 14), (17, 14), (17, 15), (17, 16), (16, 16), (15, 16), (14, 16), (14, 17), (14, 18), (14, 19), (14, 20), (14, 21), (13, 21), (13, 22), (13, 23), (13, 24), (13, 25), (12, 25), (11, 25), (10, 25), (9, 25), (8, 25), (8, 24), (8, 23), (9, 23), (10, 23), (10, 23)], 2: [(29, 20), (28, 20), (27, 20), (26, 20), (25, 20), (24, 20), (23, 20), (22, 20), (22, 21), (22, 22), (22, 23), (22, 24), (22, 25), (21, 25), (20, 25), (19, 25), (18, 25), (17, 25), (16, 25), (15, 25), (14, 25), (13, 25), (12, 25), (11, 25), (10, 25), (9, 25), (8, 25), (8, 24), (7, 24), (7, 23), (7, 22), (6, 22), (5, 22), (5, 21), (5, 20), (5, 19), (5, 18), (5, 17), (5, 16), (6, 16), (7, 16), (8, 16), (9, 16), (10, 16), (10, 15), (10, 14), (10, 13), (9, 13), (8, 13), (7, 13), (6, 13), (5, 13), (4, 13), (3, 13), (2, 13), (2, 12), (2, 11), (2, 10), (3, 10), (4, 10), (5, 10), (6, 10), (7, 10), (8, 10), (9, 10), (10, 10), (11, 10), (12, 10), (13, 10), (13, 9), (13, 8), (13, 7), (14, 7), (15, 7), (16, 7), (17, 7), (18, 7), (19, 7), (20, 7), (21, 7), (22, 7), (22, 6), (22, 5), (22, 4), (22, 3), (22, 2), (21, 2), (20, 2), (19, 2), (18, 2), (17, 2), (16, 2), (15, 2), (14, 2), (13, 2), (12, 2), (11, 2), (10, 2), (10, 2)], 3: [(26, 14), (25, 14), (25, 15), (25, 16), (24, 16), (23, 16), (22, 16), (21, 16), (20, 16), (20, 15), (20, 14), (20, 14), (19, 14), (18, 14), (17, 14), (16, 14), (16, 15), (16, 16), (15, 16), (14, 16), (13, 16), (13, 17), (13, 18), (13, 19), (13, 20), (13, 21), (13, 22), (13, 23), (13, 24), (13, 25), (12, 25), (11, 25), (10, 25), (9, 25), (8, 25), (7, 25), (7, 24), (7, 23), (6, 23), (5, 23), (5, 22), (5, 21), (5, 20), (5, 19), (5, 18), (5, 17), (5, 16), (6, 16), (7, 16), (8, 16), (9, 16), (10, 16), (10, 15), (10, 14), (9, 14), (8, 14), (7, 14), (6, 14), (5, 14), (5, 13), (4, 13), (3, 13), (2, 13), (2, 12), (2, 11), (2, 10), (3, 10), (4, 10), (5, 10), (6, 10), (7, 10), (8, 10), (9, 10), (10, 10), (11, 10), (12, 10), (13, 10), (13, 9), (13, 8), (13, 7), (14, 7), (15, 7), (16, 7), (17, 7), (18, 7), (19, 7), (20, 7), (21, 7), (22, 7), (22, 6), (22, 5), (22, 4), (22, 3), (22, 2), (21, 2), (20, 2), (19, 2), (18, 2), (17, 2), (16, 2), (15, 2), (14, 2), (13, 2), (12, 2), (11, 2), (11, 1), (10, 1), (9, 1), (8, 1), (8, 2), (8, 3), (8, 4), (9, 4), (10, 4), (10, 5), (10, 6), (10, 7), (9, 7), (8, 7), (7, 7), (6, 7), (5, 7), (4, 7), (3, 7), (2, 7), (2, 6), (2, 5), (2, 4), (3, 4), (4, 4), (4, 3), (4, 2), (4, 1), (5, 1), (5, 1)], 4: [(28, 30), (29, 30), (29, 31), (30, 31), (31, 31), (31, 30), (31, 29), (31, 28), (31, 27), (31, 26), (31, 25), (31, 24), (31, 23), (30, 23), (29, 23), (28, 23), (27, 23), (27, 22), (28, 22), (28, 23), (29, 23), (30, 23), (31, 23), (31, 24), (31, 25), (30, 25), (29, 25), (28, 25), (28, 26), (28, 26)], 5: [(29, 31), (30, 31), (31, 31), (31, 30), (31, 29), (31, 28), (31, 27), (31, 26), (30, 26), (29, 26), (28, 26), (27, 26), (26, 26), (25, 26), (25, 27), (25, 28), (24, 28), (23, 28), (22, 28), (22, 29), (22, 30), (22, 31), (21, 31), (20, 31), (19, 31), (18, 31), (17, 31), (17, 30), (17, 29), (17, 28), (17, 27), (17, 26), (16, 26), (15, 26), (14, 26), (13, 26), (12, 26), (12, 25), (11, 25), (10, 25), (9, 25), (8, 25), (8, 24), (8, 23), (8, 22), (7, 22), (6, 22), (5, 22), (5, 21), (5, 20), (5, 19), (5, 18), (5, 17), (5, 16), (6, 16), (7, 16), (8, 16), (9, 16), (10, 16), (10, 15), (10, 14), (10, 13), (9, 13), (8, 13), (7, 13), (6, 13), (5, 13), (4, 13), (3, 13), (2, 13), (2, 12), (2, 11), (2, 10), (3, 10), (4, 10), (5, 10), (6, 10), (7, 10), (8, 10), (9, 10), (10, 10), (11, 10), (12, 10), (13, 10), (13, 9), (13, 8), (13, 7), (14, 7), (15, 7), (16, 7), (17, 7), (18, 7), (19, 7), (20, 7), (21, 7), (22, 7), (22, 6), (22, 5), (22, 4), (22, 3), (22, 2), (21, 2), (20, 2), (19, 2), (18, 2), (17, 2), (16, 2), (15, 2), (14, 2), (13, 2), (12, 2), (11, 2), (11, 1), (10, 1), (9, 1), (9, 2), (8, 2), (8, 3), (8, 4), (9, 4), (10, 4), (11, 4), (12, 4), (13, 4), (14, 4), (15, 4), (16, 4), (17, 4), (18, 4), (19, 4), (20, 4), (20, 4)], 6: [(22, 24), (22, 25), (21, 25), (20, 25), (19, 25), (18, 25), (17, 25), (16, 25), (15, 25), (14, 25), (13, 25), (12, 25), (11, 25), (10, 25), (9, 25), (8, 25), (7, 25), (7, 24), (7, 23), (7, 22), (6, 22), (5, 22), (5, 21), (5, 20), (5, 19), (5, 18), (5, 17), (5, 16), (6, 16), (7, 16), (8, 16), (9, 16), (10, 16), (10, 15), (10, 14), (9, 14), (8, 14), (7, 14), (6, 14), (5, 14), (4, 14), (3, 14), (2, 14), (2, 13), (2, 12), (2, 11), (2, 10), (3, 10), (4, 10), (5, 10), (6, 10), (7, 10), (8, 10), (9, 10), (10, 10), (11, 10), (12, 10), (13, 10), (13, 9), (13, 8), (13, 7), (14, 7), (15, 7), (16, 7), (17, 7), (18, 7), (19, 7), (20, 7), (21, 7), (22, 7), (22, 6), (22, 5), (22, 4), (22, 3), (22, 2), (21, 2), (20, 2), (19, 2), (18, 2), (17, 2), (16, 2), (15, 2), (14, 2), (13, 2), (12, 2), (11, 2), (10, 2), (9, 2), (8, 2), (8, 3), (8, 4), (8, 5), (9, 5), (10, 5), (10, 6), (10, 7), (9, 7), (8, 7), (7, 7), (6, 7), (5, 7), (4, 7), (3, 7), (2, 7), (1, 7), (1, 7)], 7: [(24, 19), (25, 19), (26, 19), (26, 19)], 8: [(7, 24), (7, 23), (6, 23), (5, 23), (5, 22), (5, 21), (5, 20), (5, 19), (5, 18), (5, 17), (5, 16), (6, 16), (7, 16), (8, 16), (9, 16), (10, 16), (10, 15), (10, 14), (9, 14), (8, 14), (7, 14), (6, 14), (5, 14), (4, 14), (3, 14), (3, 13), (2, 13), (2, 12), (2, 11), (2, 10), (3, 10), (4, 10), (5, 10), (6, 10), (7, 10), (8, 10), (9, 10), (10, 10), (11, 10), (12, 10), (13, 10), (13, 9), (13, 8), (13, 7), (14, 7), (15, 7), (16, 7), (17, 7), (18, 7), (19, 7), (20, 7), (21, 7), (22, 7), (22, 6), (22, 5), (22, 4), (22, 3), (22, 2), (21, 2), (20, 2), (19, 2), (18, 2), (17, 2), (16, 2), (15, 2), (14, 2), (13, 2), (12, 2), (11, 2), (10, 2), (9, 2), (8, 2), (8, 3), (8, 4), (8, 5), (9, 5), (10, 5), (10, 6), (10, 7), (9, 7), (8, 7), (7, 7), (6, 7), (5, 7), (4, 7), (3, 7), (3, 8), (3, 8)], 9: [(4, 25), (4, 26), (4, 27), (4, 28), (4, 29), (4, 30), (4, 31), (3, 31), (2, 31), (2, 30), (2, 29), (2, 28), (2, 27), (2, 26), (2, 25), (2, 24), (2, 23), (2, 22), (2, 21), (2, 20), (3, 20), (4, 20), (4, 21), (5, 21), (5, 22), (6, 22), (7, 22), (8, 22), (8, 23), (8, 24), (8, 25), (9, 25), (9, 26), (10, 26), (10, 25), (11, 25), (12, 25), (13, 25), (13, 24), (13, 23), (13, 22), (13, 21), (13, 20), (13, 20)]}, 133)