

CBSS-C STATS
starts:[819, 840, 720, 951, 420]
targets:[465, 551, 47, 627, 991, 550, 534, 237, 521, 58, 695, 726, 62, 1008, 639, 442, 258, 380, 371, 227]
dests:[342, 45, 144, 477, 855]
ac_dict:{465: {0, 1}, 551: {1, 2}, 47: {2, 3}, 627: {3, 4}, 342: {0}, 45: {1}, 144: {2}, 477: {3}, 855: {4}}
clusters:[3 4 7 5 1 5 5 4 3 4 1 6 0 6 8 7 8 2 8 9]

round: 6
best_g_value: 361.0
open_list_size: 5
num_low_level_expanded: 5447
search_success: 1
search_time: 3.147944075986743
n_tsp_call: 1
n_tsp_time: 2.9823207622393966
n_roots: 1
num_conflicts: 5
target_assignment: {62: 1, 726: 3, 695: 3, 380: 3, 521: 4, 550: 4, 551: 2, 47: 2, 227: 2, 258: 2}
cluster_target_selection: {0: 62, 6: 726, 1: 695, 2: 380, 3: 521, 5: 550, 4: 551, 7: 47, 9: 227, 8: 258}
num_nodes_transformed_graph: 98
agent_paths:({0: [(19, 25), (18, 25), (17, 25), (16, 25), (15, 25), (14, 25), (14, 24), (14, 23), (14, 22), (14, 21), (14, 20), (14, 19), (14, 18), (14, 17), (15, 17), (16, 17), (17, 17), (17, 16), (17, 15), (17, 14), (18, 14), (19, 14), (20, 14), (20, 15), (20, 16), (21, 16), (22, 16), (23, 16), (24, 16), (25, 16), (25, 15), (25, 14), (24, 14), (23, 14), (22, 14), (22, 13), (22, 12), (22, 11), (22, 10), (22, 10)], 1: [(8, 26), (8, 25), (8, 24), (8, 23), (8, 22), (7, 22), (6, 22), (5, 22), (5, 21), (5, 20), (5, 19), (5, 18), (5, 17), (5, 16), (6, 16), (7, 16), (8, 16), (9, 16), (10, 16), (10, 15), (10, 14), (10, 13), (9, 13), (8, 13), (7, 13), (6, 13), (5, 13), (4, 13), (3, 13), (2, 13), (2, 12), (2, 11), (2, 10), (3, 10), (4, 10), (5, 10), (6, 10), (7, 10), (8, 10), (9, 10), (10, 10), (11, 10), (12, 10), (13, 10), (13, 9), (13, 8), (13, 7), (14, 7), (15, 7), (16, 7), (17, 7), (18, 7), (19, 7), (20, 7), (21, 7), (22, 7), (22, 6), (22, 5), (22, 4), (22, 3), (22, 2), (22, 1), (23, 1), (24, 1), (25, 1), (26, 1), (27, 1), (28, 1), (29, 1), (30, 1), (29, 1), (28, 1), (27, 1), (26, 1), (25, 1), (24, 1), (23, 1), (22, 1), (21, 1), (20, 1), (19, 1), (18, 1), (17, 1), (16, 1), (15, 1), (14, 1), (13, 1), (13, 1)], 2: [(16, 22), (16, 21), (16, 20), (16, 19), (17, 19), (18, 19), (19, 19), (19, 18), (19, 17), (19, 16), (19, 15), (19, 14), (18, 14), (17, 14), (16, 14), (16, 15), (16, 16), (15, 16), (14, 16), (13, 16), (13, 17), (13, 18), (13, 19), (13, 20), (13, 21), (13, 22), (13, 23), (13, 24), (13, 25), (12, 25), (11, 25), (10, 25), (9, 25), (8, 25), (7, 25), (7, 24), (7, 23), (7, 22), (6, 22), (5, 22), (5, 21), (5, 20), (5, 19), (5, 18), (5, 17), (6, 17), (7, 17), (7, 16), (8, 16), (9, 16), (10, 16), (10, 15), (10, 14), (10, 13), (9, 13), (8, 13), (7, 13), (6, 13), (5, 13), (4, 13), (3, 13), (2, 13), (2, 12), (2, 11), (2, 10), (3, 10), (4, 10), (5, 10), (6, 10), (7, 10), (8, 10), (9, 10), (10, 10), (11, 10), (12, 10), (13, 10), (13, 9), (13, 8), (13, 7), (14, 7), (15, 7), (16, 7), (17, 7), (18, 7), (19, 7), (20, 7), (21, 7), (22, 7), (22, 6), (22, 5), (22, 4), (22, 3), (22, 2), (21, 2), (20, 2), (19, 2), (18, 2), (17, 2), (16, 2), (15, 2), (15, 1), (14, 1), (14, 2), (13, 2), (12, 2), (11, 2), (10, 2), (9, 2), (8, 2), (8, 3), (8, 4), (8, 5), (9, 5), (10, 5), (10, 6), (10, 7), (9, 7), (8, 7), (7, 7), (6, 7), (5, 7), (4, 7), (3, 7), (2, 7), (2, 8), (2, 7), (3, 7), (4, 7), (5, 7), (6, 7), (7, 7), (8, 7), (9, 7), (10, 7), (10, 6), (10, 5), (10, 4), (11, 4), (12, 4), (13, 4), (14, 4), (15, 4), (16, 4), (16, 4)], 3: [(23, 29), (22, 29), (22, 30), (22, 31), (21, 31), (20, 31), (19, 31), (18, 31), (17, 31), (17, 30), (17, 29), (17, 28), (17, 27), (17, 26), (17, 25), (18, 25), (19, 25), (20, 25), (21, 25), (22, 25), (22, 24), (22, 23), (22, 22), (22, 21), (23, 21), (23, 20), (23, 19), (24, 19), (25, 19), (26, 19), (27, 19), (28, 19), (28, 18), (28, 17), (28, 16), (28, 15), (28, 14), (28, 13), (29, 13), (30, 13), (31, 13), (31, 12), (31, 11), (30, 11), (29, 11), (28, 11), (29, 11), (30, 11), (31, 11), (31, 12), (31, 13), (30, 13), (29, 13), (29, 14), (29, 14)], 4: [(4, 13), (5, 13), (6, 13), (7, 13), (8, 13), (9, 13), (9, 14), (10, 14), (10, 15), (10, 16), (9, 16), (8, 16), (7, 16), (6, 16), (6, 17), (5, 17), (5, 18), (5, 19), (5, 20), (5, 21), (5, 22), (6, 22), (7, 22), (8, 22), (8, 23), (8, 24), (8, 25), (9, 25), (10, 25), (10, 26), (11, 26), (12, 26), (13, 26), (14, 26), (15, 26), (16, 26), (17, 26), (18, 26), (19, 26), (20, 26), (21, 26), (22, 26), (23, 26), (23, 26)]}, 142)