

CBSS-C STATS
starts:[377, 157, 243, 573, 729, 81, 518, 609, 1015, 49]
targets:[419, 440, 791, 275, 456, 776, 325, 828, 545, 658]
dests:[497, 230, 770, 301, 865, 919, 589, 313, 642, 138]
ac_dict:{419: {0, 1}, 440: {1, 2}, 791: {2, 3}, 275: {3, 4}, 456: {4, 5}, 776: {5, 6}, 325: {6, 7}, 828: {8, 7}, 545: {8, 9}, 497: {0}, 230: {1}, 770: {2}, 301: {3}, 865: {4}, 919: {5}, 589: {6}, 313: {7}, 642: {8}, 138: {9}}
clusters:[3 2 4 3 2 1 0 0 0 3]

round: 104
best_g_value: 481.0
open_list_size: 103
num_low_level_expanded: 40118
search_success: 1
search_time: 6.562331089749932
n_tsp_call: 9
n_tsp_time: 1.6658667670562863
n_roots: 1
num_conflicts: 103
target_assignment: {658: 0, 456: 5, 776: 5, 791: 3, 828: 8}
cluster_target_selection: {3: 658, 2: 456, 1: 776, 4: 791, 0: 828}
num_nodes_transformed_graph: 48
agent_paths:({0: [(25, 11), (25, 12), (25, 13), (25, 14), (25, 15), (25, 16), (24, 16), (23, 16), (22, 16), (21, 16), (20, 16), (19, 16), (19, 17), (19, 18), (19, 19), (18, 19), (18, 20), (18, 19), (19, 19), (19, 18), (19, 17), (19, 16), (19, 15), (19, 14), (18, 14), (17, 14), (17, 15), (17, 15)], 1: [(29, 4), (28, 4), (28, 3), (28, 2), (27, 2), (26, 2), (25, 2), (24, 2), (23, 2), (22, 2), (21, 2), (20, 2), (19, 2), (18, 2), (17, 2), (16, 2), (15, 2), (14, 2), (13, 2), (12, 2), (11, 2), (10, 2), (9, 2), (8, 2), (8, 3), (8, 4), (8, 5), (9, 5), (10, 5), (10, 6), (10, 7), (9, 7), (8, 7), (7, 7), (6, 7), (6, 7)], 2: [(19, 7), (18, 7), (17, 7), (16, 7), (15, 7), (14, 7), (13, 7), (13, 8), (13, 9), (13, 10), (12, 10), (11, 10), (10, 10), (9, 10), (8, 10), (7, 10), (6, 10), (5, 10), (4, 10), (3, 10), (2, 10), (2, 11), (2, 12), (2, 13), (2, 14), (3, 14), (4, 14), (5, 14), (6, 14), (7, 14), (8, 14), (9, 14), (10, 14), (10, 15), (10, 16), (9, 16), (8, 16), (7, 16), (6, 16), (5, 16), (4, 16), (4, 17), (4, 18), (4, 19), (3, 19), (2, 19), (2, 20), (2, 21), (2, 22), (2, 23), (2, 24), (2, 24)], 3: [(29, 17), (28, 17), (28, 18), (28, 19), (27, 19), (26, 19), (25, 19), (24, 19), (23, 19), (23, 20), (23, 21), (23, 22), (23, 23), (23, 24), (22, 24), (22, 25), (21, 25), (20, 25), (19, 25), (18, 25), (17, 25), (16, 25), (15, 25), (14, 25), (13, 25), (12, 25), (11, 25), (10, 25), (9, 25), (8, 25), (8, 24), (8, 23), (8, 22), (7, 22), (6, 22), (5, 22), (5, 21), (5, 20), (5, 19), (5, 18), (5, 17), (6, 17), (7, 17), (8, 17), (9, 17), (10, 17), (11, 17), (11, 16), (11, 15), (11, 14), (11, 13), (10, 13), (9, 13), (8, 13), (7, 13), (6, 13), (5, 13), (4, 13), (3, 13), (2, 13), (2, 12), (2, 11), (2, 10), (3, 10), (4, 10), (5, 10), (6, 10), (7, 10), (8, 10), (9, 10), (10, 10), (11, 10), (12, 10), (13, 10), (13, 9), (13, 9)], 4: [(25, 22), (25, 23), (26, 23), (27, 23), (28, 23), (29, 23), (30, 23), (31, 23), (31, 24), (31, 25), (30, 25), (29, 25), (28, 25), (27, 25), (26, 25), (25, 25), (25, 26), (25, 27), (25, 28), (24, 28), (23, 28), (22, 28), (22, 29), (22, 30), (22, 31), (21, 31), (20, 31), (19, 31), (18, 31), (17, 31), (16, 31), (16, 30), (16, 29), (16, 28), (16, 27), (16, 26), (15, 26), (14, 26), (13, 26), (12, 26), (11, 26), (10, 26), (9, 26), (8, 26), (7, 26), (7, 25), (7, 24), (7, 23), (6, 23), (5, 23), (4, 23), (4, 22), (4, 21), (4, 20), (3, 20), (3, 19), (2, 19), (1, 19), (1, 20), (1, 21), (1, 22), (1, 23), (1, 24), (1, 25), (1, 26), (1, 27), (1, 27)], 5: [(17, 2), (18, 2), (19, 2), (20, 2), (21, 2), (22, 2), (22, 3), (22, 4), (22, 5), (22, 6), (22, 7), (21, 7), (20, 7), (19, 7), (18, 7), (17, 7), (16, 7), (15, 7), (14, 7), (13, 7), (13, 8), (13, 9), (13, 10), (12, 10), (11, 10), (10, 10), (9, 10), (8, 10), (8, 11), (7, 11), (6, 11), (5, 11), (4, 11), (3, 11), (2, 11), (2, 12), (2, 13), (3, 13), (4, 13), (5, 13), (6, 13), (7, 13), (8, 13), (8, 14), (9, 14), (10, 14), (10, 15), (10, 16), (9, 16), (8, 16), (8, 17), (7, 17), (6, 17), (5, 17), (5, 18), (5, 19), (5, 20), (5, 21), (5, 22), (6, 22), (7, 22), (8, 22), (8, 23), (8, 24), (8, 25), (9, 25), (10, 25), (11, 25), (12, 25), (13, 25), (14, 25), (15, 25), (16, 25), (17, 25), (17, 26), (17, 27), (17, 28), (17, 29), (17, 30), (17, 31), (18, 31), (19, 31), (20, 31), (21, 31), (22, 31), (22, 30), (22, 29), (22, 28), (23, 28), (23, 28)], 6: [(6, 16), (6, 17), (5, 17), (5, 18), (5, 19), (5, 20), (5, 21), (5, 22), (6, 22), (7, 22), (8, 22), (8, 22), (8, 23), (8, 24), (8, 25), (9, 25), (10, 25), (11, 25), (12, 25), (13, 25), (13, 24), (13, 23), (13, 22), (13, 21), (13, 20), (13, 19), (13, 18), (13, 18)], 7: [(1, 19), (2, 19), (3, 19), (4, 19), (4, 20), (4, 21), (4, 22), (4, 23), (5, 23), (6, 23), (7, 23), (8, 23), (8, 24), (8, 25), (9, 25), (10, 25), (11, 25), (12, 25), (13, 25), (13, 24), (13, 23), (13, 22), (13, 21), (13, 20), (13, 19), (13, 18), (13, 17), (13, 16), (14, 16), (15, 16), (16, 16), (16, 15), (16, 14), (17, 14), (18, 14), (19, 14), (20, 14), (20, 15), (20, 16), (21, 16), (22, 16), (23, 16), (24, 16), (25, 16), (25, 15), (25, 14), (25, 13), (25, 12), (25, 11), (25, 10), (25, 9), (25, 9)], 8: [(23, 31), (23, 30), (23, 29), (23, 28), (24, 28), (25, 28), (25, 27), (25, 26), (25, 25), (26, 25), (27, 25), (28, 25), (27, 25), (26, 25), (25, 25), (25, 26), (25, 27), (25, 28), (24, 28), (23, 28), (22, 28), (22, 29), (22, 30), (22, 31), (21, 31), (20, 31), (19, 31), (18, 31), (17, 31), (16, 31), (16, 30), (16, 29), (16, 28), (16, 27), (16, 26), (15, 26), (14, 26), (13, 26), (12, 26), (11, 26), (10, 26), (9, 26), (8, 26), (7, 26), (7, 25), (7, 24), (7, 23), (6, 23), (5, 23), (4, 23), (4, 22), (4, 21), (4, 20), (3, 20), (2, 20), (2, 20)], 9: [(17, 1), (16, 1), (15, 1), (14, 1), (13, 1), (12, 1), (11, 1), (10, 1), (10, 2), (9, 2), (8, 2), (8, 3), (8, 4), (9, 4), (10, 4), (10, 4)]}, 88)