

CBSS-C STATS
starts:[535, 804, 334, 287, 369, 1005, 825, 855, 817, 656]
targets:[43, 322, 644, 916, 137, 253, 533, 927, 55, 496]
dests:[226, 561, 357, 901, 929, 560, 147, 172, 372, 119]
ac_dict:{43: {0, 1}, 322: {1, 2}, 644: {2, 3}, 916: {3, 4}, 137: {4, 5}, 253: {5, 6}, 533: {6, 7}, 927: {8, 7}, 55: {8, 9}, 226: {0}, 561: {1}, 357: {2}, 901: {3}, 929: {4}, 560: {5}, 147: {6}, 172: {7}, 372: {8}, 119: {9}}
clusters:[4 0 0 1 4 4 3 4 2 0]

round: 1544
best_g_value: 822.0
open_list_size: 1543
num_low_level_expanded: 1329927
search_success: 1
search_time: 84.77601370122284
n_tsp_call: 6
n_tsp_time: 0.6907172603532672
n_roots: 1
num_conflicts: 1543
target_assignment: {496: 0, 43: 0, 916: 3, 55: 9, 533: 6}
cluster_target_selection: {0: 496, 4: 43, 1: 916, 2: 55, 3: 533}
num_nodes_transformed_graph: 34
agent_paths:({0: [(23, 16), (22, 16), (21, 16), (20, 16), (19, 16), (19, 15), (19, 14), (18, 14), (17, 14), (16, 14), (16, 15), (16, 16), (15, 16), (14, 16), (13, 16), (13, 17), (13, 18), (13, 19), (13, 20), (13, 21), (13, 22), (13, 23), (13, 24), (13, 25), (12, 25), (11, 25), (10, 25), (9, 25), (8, 25), (8, 24), (8, 23), (8, 22), (7, 22), (6, 22), (5, 22), (5, 21), (5, 20), (5, 19), (5, 18), (5, 17), (6, 17), (7, 17), (7, 16), (8, 16), (9, 16), (10, 16), (10, 15), (10, 14), (9, 14), (8, 14), (7, 14), (6, 14), (6, 13), (5, 13), (4, 13), (3, 13), (2, 13), (2, 12), (2, 11), (2, 10), (3, 10), (4, 10), (5, 10), (6, 10), (7, 10), (8, 10), (9, 10), (10, 10), (11, 10), (12, 10), (13, 10), (13, 9), (13, 8), (13, 7), (14, 7), (15, 7), (16, 7), (17, 7), (18, 7), (19, 7), (20, 7), (21, 7), (22, 7), (22, 6), (22, 5), (22, 4), (22, 3), (22, 2), (21, 2), (20, 2), (19, 2), (18, 2), (17, 2), (16, 2), (15, 2), (14, 2), (13, 2), (12, 2), (11, 2), (11, 1), (10, 1), (9, 1), (8, 1), (8, 2), (8, 3), (8, 4), (8, 5), (9, 5), (10, 5), (10, 6), (10, 7), (9, 7), (8, 7), (7, 7), (6, 7), (5, 7), (4, 7), (3, 7), (2, 7), (2, 7)], 1: [(4, 25), (4, 26), (4, 27), (4, 28), (4, 29), (4, 30), (4, 31), (3, 31), (2, 31), (2, 30), (2, 29), (2, 28), (2, 27), (2, 26), (2, 25), (2, 24), (2, 23), (2, 22), (2, 21), (2, 20), (3, 20), (4, 20), (4, 21), (4, 22), (5, 22), (6, 22), (7, 22), (7, 23), (7, 24), (7, 25), (8, 25), (9, 25), (10, 25), (11, 25), (12, 25), (13, 25), (13, 24), (13, 23), (13, 22), (13, 21), (13, 20), (13, 19), (13, 18), (13, 17), (14, 17), (15, 17), (15, 16), (16, 16), (17, 16), (17, 17), (17, 17)], 2: [(14, 10), (13, 10), (12, 10), (11, 10), (10, 10), (9, 10), (8, 10), (7, 10), (6, 10), (5, 10), (5, 11), (5, 11)], 3: [(31, 8), (31, 7), (31, 6), (31, 5), (31, 4), (31, 3), (31, 2), (30, 2), (29, 2), (28, 2), (27, 2), (26, 2), (25, 2), (24, 2), (23, 2), (22, 2), (22, 3), (22, 4), (22, 5), (22, 6), (22, 7), (21, 7), (20, 7), (20, 8), (19, 8), (18, 8), (17, 8), (16, 8), (15, 8), (14, 8), (14, 9), (14, 10), (13, 10), (12, 10), (11, 10), (10, 10), (9, 10), (8, 10), (7, 10), (6, 10), (5, 10), (4, 10), (4, 11), (3, 11), (2, 11), (2, 12), (2, 13), (3, 13), (4, 13), (5, 13), (6, 13), (7, 13), (7, 14), (8, 14), (9, 14), (10, 14), (10, 15), (10, 16), (10, 17), (9, 17), (8, 17), (7, 17), (6, 17), (5, 17), (5, 18), (5, 19), (5, 20), (5, 21), (5, 22), (6, 22), (7, 22), (7, 23), (8, 23), (8, 24), (8, 25), (9, 25), (10, 25), (11, 25), (12, 25), (13, 25), (14, 25), (15, 25), (16, 25), (17, 25), (17, 26), (17, 27), (17, 28), (17, 29), (17, 30), (17, 31), (18, 31), (19, 31), (20, 31), (21, 31), (22, 31), (22, 30), (22, 29), (21, 29), (20, 29), (20, 28), (21, 28), (22, 28), (22, 29), (22, 30), (22, 31), (21, 31), (20, 31), (19, 31), (18, 31), (17, 31), (16, 31), (16, 30), (16, 29), (16, 28), (16, 27), (16, 26), (15, 26), (14, 26), (13, 26), (12, 26), (11, 26), (10, 26), (9, 26), (8, 26), (7, 26), (7, 25), (7, 24), (7, 23), (6, 23), (5, 23), (4, 23), (4, 22), (4, 21), (4, 20), (3, 20), (2, 20), (2, 21), (2, 22), (2, 23), (2, 24), (2, 25), (2, 26), (2, 27), (2, 28), (2, 29), (2, 30), (2, 31), (3, 31), (4, 31), (4, 30), (4, 29), (4, 28), (5, 28), (5, 28)], 4: [(17, 11), (17, 10), (18, 10), (19, 10), (19, 9), (19, 8), (18, 8), (17, 8), (16, 8), (15, 8), (14, 8), (13, 8), (13, 9), (13, 10), (12, 10), (11, 10), (10, 10), (9, 10), (8, 10), (7, 10), (6, 10), (5, 10), (4, 10), (3, 10), (2, 10), (2, 11), (2, 12), (2, 13), (2, 14), (3, 14), (4, 14), (5, 14), (6, 14), (7, 14), (8, 14), (9, 14), (10, 14), (10, 15), (10, 16), (9, 16), (8, 16), (7, 16), (6, 16), (5, 16), (4, 16), (4, 17), (4, 18), (4, 19), (3, 19), (2, 19), (1, 19), (1, 20), (1, 21), (1, 22), (1, 23), (1, 24), (1, 25), (1, 26), (1, 27), (1, 28), (1, 29), (1, 29)], 5: [(13, 31), (14, 31), (15, 31), (16, 31), (16, 30), (16, 29), (16, 28), (16, 27), (16, 26), (16, 25), (15, 25), (14, 25), (14, 24), (14, 23), (14, 22), (14, 21), (14, 20), (14, 19), (14, 18), (14, 17), (15, 17), (16, 17), (16, 17)], 6: [(25, 25), (25, 26), (25, 27), (25, 28), (24, 28), (23, 28), (22, 28), (22, 29), (22, 30), (22, 31), (21, 31), (20, 31), (19, 31), (18, 31), (17, 31), (17, 30), (17, 29), (17, 28), (17, 27), (17, 26), (17, 25), (16, 25), (15, 25), (14, 25), (14, 24), (14, 23), (14, 22), (14, 21), (14, 20), (14, 19), (14, 18), (14, 17), (14, 16), (15, 16), (16, 16), (17, 16), (17, 15), (17, 14), (18, 14), (19, 14), (20, 14), (20, 15), (20, 16), (21, 16), (20, 16), (19, 16), (19, 15), (19, 14), (18, 14), (17, 14), (16, 14), (16, 15), (16, 16), (15, 16), (14, 16), (13, 16), (13, 17), (13, 18), (13, 19), (13, 20), (13, 21), (13, 22), (13, 23), (13, 24), (13, 25), (12, 25), (11, 25), (10, 25), (9, 25), (8, 25), (8, 24), (8, 23), (8, 22), (7, 22), (6, 22), (5, 22), (5, 21), (5, 20), (5, 19), (5, 18), (5, 17), (5, 16), (6, 16), (7, 16), (8, 16), (9, 16), (10, 16), (10, 15), (10, 14), (10, 13), (9, 13), (8, 13), (7, 13), (6, 13), (5, 13), (4, 13), (3, 13), (2, 13), (2, 12), (2, 11), (2, 10), (3, 10), (4, 10), (5, 10), (6, 10), (7, 10), (8, 10), (9, 10), (10, 10), (11, 10), (12, 10), (13, 10), (13, 9), (13, 8), (13, 7), (14, 7), (15, 7), (16, 7), (17, 7), (18, 7), (19, 7), (20, 7), (21, 7), (22, 7), (22, 6), (22, 5), (22, 4), (22, 3), (22, 2), (21, 2), (20, 2), (19, 2), (18, 2), (17, 2), (16, 2), (15, 2), (14, 2), (13, 2), (12, 2), (11, 2), (10, 2), (9, 2), (8, 2), (8, 3), (8, 4), (9, 4), (10, 4), (11, 4), (12, 4), (13, 4), (14, 4), (15, 4), (16, 4), (17, 4), (18, 4), (19, 4), (19, 4)], 7: [(23, 26), (22, 26), (21, 26), (20, 26), (19, 26), (18, 26), (17, 26), (16, 26), (15, 26), (14, 26), (13, 26), (12, 26), (12, 25), (11, 25), (10, 25), (9, 25), (8, 25), (8, 24), (8, 23), (8, 22), (7, 22), (6, 22), (5, 22), (5, 21), (5, 20), (5, 19), (5, 18), (5, 17), (5, 16), (6, 16), (7, 16), (8, 16), (9, 16), (10, 16), (10, 15), (10, 14), (10, 13), (9, 13), (8, 13), (7, 13), (6, 13), (5, 13), (4, 13), (3, 13), (2, 13), (1, 13), (1, 12), (1, 11), (1, 10), (2, 10), (3, 10), (4, 10), (5, 10), (6, 10), (7, 10), (8, 10), (9, 10), (10, 10), (11, 10), (12, 10), (13, 10), (13, 9), (13, 8), (13, 7), (14, 7), (15, 7), (16, 7), (17, 7), (18, 7), (19, 7), (20, 7), (21, 7), (22, 7), (22, 6), (22, 5), (22, 4), (22, 3), (22, 2), (21, 2), (20, 2), (19, 2), (18, 2), (17, 2), (16, 2), (15, 2), (14, 2), (13, 2), (12, 2), (11, 2), (10, 2), (9, 2), (8, 2), (8, 3), (8, 4), (9, 4), (10, 4), (11, 4), (12, 4), (12, 5), (12, 5)], 8: [(17, 25), (16, 25), (15, 25), (14, 25), (13, 25), (12, 25), (11, 25), (10, 25), (9, 25), (8, 25), (8, 24), (8, 23), (8, 22), (7, 22), (6, 22), (5, 22), (5, 21), (5, 20), (5, 19), (5, 18), (5, 17), (5, 16), (6, 16), (7, 16), (8, 16), (9, 16), (10, 16), (10, 15), (10, 14), (10, 13), (9, 13), (8, 13), (7, 13), (6, 13), (5, 13), (4, 13), (3, 13), (2, 13), (2, 12), (2, 11), (3, 11), (3, 10), (4, 10), (5, 10), (6, 10), (7, 10), (8, 10), (9, 10), (10, 10), (11, 10), (12, 10), (13, 10), (14, 10), (14, 9), (14, 8), (15, 8), (16, 8), (17, 8), (18, 8), (19, 8), (20, 8), (20, 9), (20, 10), (20, 11), (20, 11)], 9: [(16, 20), (16, 19), (17, 19), (18, 19), (19, 19), (19, 18), (19, 17), (19, 16), (19, 15), (19, 14), (18, 14), (17, 14), (16, 14), (16, 15), (16, 16), (15, 16), (14, 16), (13, 16), (13, 17), (13, 18), (13, 19), (13, 20), (13, 21), (13, 22), (13, 23), (13, 24), (13, 25), (12, 25), (11, 25), (10, 25), (10, 26), (9, 26), (9, 25), (8, 25), (8, 24), (8, 23), (8, 22), (7, 22), (6, 22), (5, 22), (5, 21), (5, 20), (5, 19), (5, 18), (5, 17), (5, 16), (6, 16), (7, 16), (8, 16), (9, 16), (10, 16), (10, 15), (10, 14), (10, 13), (9, 13), (8, 13), (7, 13), (6, 13), (5, 13), (4, 13), (3, 13), (2, 13), (2, 12), (2, 11), (2, 10), (3, 10), (4, 10), (5, 10), (6, 10), (7, 10), (8, 10), (9, 10), (10, 10), (11, 10), (12, 10), (13, 10), (13, 9), (13, 8), (13, 7), (14, 7), (15, 7), (16, 7), (17, 7), (18, 7), (19, 7), (20, 7), (21, 7), (22, 7), (22, 6), (22, 5), (22, 4), (22, 3), (22, 2), (22, 1), (23, 1), (23, 2), (23, 3), (23, 3)]}, 155)