

CBSS-C STATS
starts:[225, 548, 362, 214, 366, 634, 833, 349, 589, 791]
targets:[287, 163, 993, 569, 180, 153, 456, 726, 345, 720]
dests:[372, 189, 444, 688, 590, 961, 164, 802, 971, 230]
ac_dict:{287: {0, 1}, 163: {1, 2}, 993: {2, 3}, 569: {3, 4}, 180: {4, 5}, 153: {5, 6}, 456: {6, 7}, 726: {8, 7}, 345: {8, 9}, 372: {0}, 189: {1}, 444: {2}, 688: {3}, 590: {4}, 961: {5}, 164: {6}, 802: {7}, 971: {8}, 230: {9}}
clusters:[3 0 0 2 4 4 1 0 1 1]

round: 197
best_g_value: 737.0
open_list_size: 196
num_low_level_expanded: 157430
search_success: 1
search_time: 14.235573882237077
n_tsp_call: 11
n_tsp_time: 2.063845818862319
n_roots: 1
num_conflicts: 196
target_assignment: {287: 1, 456: 6, 726: 7, 569: 3, 153: 5}
cluster_target_selection: {3: 287, 1: 456, 0: 726, 2: 569, 4: 153}
num_nodes_transformed_graph: 48
agent_paths:({0: [(1, 7), (2, 7), (3, 7), (4, 7), (5, 7), (6, 7), (7, 7), (8, 7), (9, 7), (10, 7), (10, 6), (10, 5), (9, 5), (8, 5), (8, 4), (8, 3), (8, 2), (9, 2), (10, 2), (11, 2), (12, 2), (13, 2), (14, 2), (15, 2), (16, 2), (17, 2), (18, 2), (19, 2), (20, 2), (21, 2), (22, 2), (22, 3), (22, 4), (22, 5), (22, 6), (22, 7), (21, 7), (20, 7), (20, 8), (20, 9), (20, 10), (20, 11), (20, 11)], 1: [(4, 17), (4, 16), (5, 16), (6, 16), (7, 16), (8, 16), (9, 16), (10, 16), (10, 15), (10, 14), (9, 14), (8, 14), (7, 14), (6, 14), (5, 14), (4, 14), (3, 14), (3, 13), (2, 13), (2, 12), (2, 11), (2, 10), (3, 10), (4, 10), (5, 10), (6, 10), (7, 10), (8, 10), (9, 10), (10, 10), (11, 10), (12, 10), (13, 10), (13, 9), (13, 8), (14, 8), (15, 8), (16, 8), (17, 8), (18, 8), (19, 8), (20, 8), (21, 8), (22, 8), (23, 8), (23, 7), (23, 6), (23, 5), (23, 4), (23, 3), (23, 2), (24, 2), (25, 2), (26, 2), (27, 2), (28, 2), (29, 2), (30, 2), (31, 2), (31, 3), (31, 4), (31, 5), (31, 6), (31, 7), (31, 8), (31, 7), (31, 6), (31, 5), (31, 4), (31, 3), (31, 2), (30, 2), (29, 2), (29, 3), (29, 4), (29, 5), (29, 5)], 2: [(10, 11), (9, 11), (8, 11), (7, 11), (6, 11), (5, 11), (4, 11), (3, 11), (2, 11), (2, 12), (2, 13), (3, 13), (4, 13), (5, 13), (6, 13), (7, 13), (8, 13), (9, 13), (10, 13), (11, 13), (11, 14), (11, 15), (10, 15), (10, 16), (9, 16), (8, 16), (7, 16), (6, 16), (5, 16), (5, 17), (5, 18), (5, 19), (5, 20), (5, 21), (5, 22), (6, 22), (7, 22), (8, 22), (8, 23), (8, 24), (8, 24), (8, 25), (9, 25), (10, 25), (11, 25), (12, 25), (13, 25), (14, 25), (15, 25), (16, 25), (17, 25), (18, 25), (19, 25), (20, 25), (21, 25), (22, 25), (22, 24), (22, 23), (22, 22), (22, 21), (22, 20), (22, 19), (23, 19), (24, 19), (25, 19), (26, 19), (27, 19), (28, 19), (28, 18), (28, 17), (28, 16), (28, 15), (28, 14), (28, 13), (28, 13)], 3: [(22, 6), (22, 7), (22, 8), (21, 8), (20, 8), (19, 8), (18, 8), (17, 8), (16, 8), (15, 8), (14, 8), (14, 9), (14, 10), (14, 11), (13, 11), (12, 11), (11, 11), (10, 11), (9, 11), (8, 11), (7, 11), (6, 11), (5, 11), (4, 11), (3, 11), (2, 11), (2, 12), (2, 13), (3, 13), (4, 13), (5, 13), (6, 13), (7, 13), (8, 13), (9, 13), (10, 13), (10, 14), (10, 15), (10, 16), (10, 17), (9, 17), (8, 17), (7, 17), (6, 17), (5, 17), (5, 18), (5, 19), (5, 20), (5, 21), (5, 22), (6, 22), (7, 22), (8, 22), (8, 23), (8, 24), (8, 25), (9, 25), (10, 25), (11, 25), (12, 25), (13, 25), (13, 24), (13, 23), (13, 22), (13, 21), (13, 20), (13, 19), (13, 18), (13, 17), (14, 17), (15, 17), (16, 17), (17, 17), (17, 16), (17, 15), (17, 15), (17, 15), (17, 14), (18, 14), (19, 14), (20, 14), (20, 15), (20, 16), (21, 16), (22, 16), (23, 16), (24, 16), (25, 16), (25, 17), (24, 17), (23, 17), (22, 17), (21, 17), (20, 17), (19, 17), (19, 18), (19, 19), (18, 19), (17, 19), (16, 19), (16, 20), (16, 21), (16, 21)], 4: [(14, 11), (13, 11), (12, 11), (11, 11), (10, 11), (9, 11), (8, 11), (7, 11), (6, 11), (5, 11), (4, 11), (3, 11), (2, 11), (2, 12), (2, 13), (3, 13), (4, 13), (5, 13), (6, 13), (7, 13), (8, 13), (9, 13), (10, 13), (10, 14), (10, 15), (10, 16), (10, 17), (9, 17), (8, 17), (7, 17), (6, 17), (5, 17), (5, 18), (5, 19), (5, 20), (5, 21), (5, 22), (6, 22), (7, 22), (8, 22), (8, 23), (8, 24), (8, 25), (9, 25), (10, 25), (11, 25), (12, 25), (13, 25), (13, 24), (13, 23), (13, 22), (13, 21), (13, 20), (13, 19), (13, 18), (14, 18), (14, 18)], 5: [(26, 19), (25, 19), (24, 19), (23, 19), (22, 19), (22, 20), (22, 21), (22, 22), (22, 23), (22, 24), (22, 25), (21, 25), (20, 25), (19, 25), (18, 25), (17, 25), (16, 25), (15, 25), (14, 25), (14, 24), (14, 23), (14, 22), (14, 21), (14, 20), (14, 19), (14, 18), (14, 17), (14, 16), (15, 16), (16, 16), (16, 15), (16, 14), (17, 14), (18, 14), (19, 14), (20, 14), (20, 15), (20, 16), (21, 16), (22, 16), (23, 16), (24, 16), (25, 16), (25, 15), (25, 14), (25, 13), (25, 12), (25, 11), (25, 10), (25, 9), (25, 8), (25, 7), (25, 6), (25, 5), (25, 4), (25, 5), (25, 6), (25, 7), (25, 8), (25, 9), (25, 10), (25, 11), (25, 12), (25, 13), (25, 14), (25, 15), (25, 16), (24, 16), (23, 16), (22, 16), (21, 16), (20, 16), (19, 16), (19, 15), (19, 14), (18, 14), (17, 14), (16, 14), (16, 15), (16, 16), (15, 16), (14, 16), (13, 16), (13, 17), (13, 18), (13, 19), (13, 20), (13, 21), (13, 22), (13, 23), (13, 24), (13, 25), (12, 25), (11, 25), (10, 25), (9, 25), (8, 25), (7, 25), (7, 24), (7, 23), (6, 23), (5, 23), (4, 23), (4, 22), (4, 21), (4, 20), (3, 20), (2, 20), (1, 20), (1, 21), (1, 22), (1, 23), (1, 24), (1, 25), (1, 26), (1, 27), (1, 28), (1, 29), (1, 30), (1, 30)], 6: [(1, 26), (1, 25), (1, 24), (1, 23), (1, 22), (1, 21), (1, 20), (1, 19), (2, 19), (3, 19), (4, 19), (4, 18), (4, 17), (4, 16), (5, 16), (6, 16), (7, 16), (8, 16), (9, 16), (10, 16), (10, 15), (10, 14), (9, 14), (8, 14), (7, 14), (6, 14), (5, 14), (4, 14), (3, 14), (3, 13), (2, 13), (2, 12), (2, 11), (2, 10), (3, 10), (4, 10), (5, 10), (6, 10), (7, 10), (8, 10), (9, 10), (10, 10), (11, 10), (12, 10), (13, 10), (13, 9), (13, 8), (13, 7), (14, 7), (15, 7), (16, 7), (17, 7), (18, 7), (19, 7), (20, 7), (21, 7), (22, 7), (22, 6), (22, 5), (22, 4), (22, 3), (22, 2), (21, 2), (20, 2), (19, 2), (18, 2), (17, 2), (16, 2), (15, 2), (14, 2), (13, 2), (12, 2), (11, 2), (10, 2), (9, 2), (8, 2), (8, 3), (8, 4), (8, 5), (9, 5), (10, 5), (10, 6), (10, 7), (9, 7), (8, 7), (7, 7), (6, 7), (5, 7), (4, 7), (3, 7), (2, 7), (2, 6), (2, 5), (3, 5), (4, 5), (4, 5)], 7: [(29, 10), (29, 11), (30, 11), (31, 11), (31, 12), (31, 13), (30, 13), (29, 13), (28, 13), (28, 14), (28, 15), (28, 16), (28, 17), (28, 18), (28, 19), (27, 19), (26, 19), (25, 19), (24, 19), (23, 19), (22, 19), (22, 20), (22, 21), (22, 22), (22, 23), (22, 24), (22, 25), (21, 25), (20, 25), (19, 25), (18, 25), (17, 25), (16, 25), (15, 25), (14, 25), (13, 25), (12, 25), (11, 25), (10, 25), (9, 25), (8, 25), (7, 25), (7, 24), (7, 23), (6, 23), (5, 23), (4, 23), (4, 22), (4, 21), (4, 20), (3, 20), (2, 20), (2, 21), (2, 22), (2, 23), (2, 24), (2, 25), (2, 25)], 8: [(13, 18), (13, 19), (13, 20), (13, 21), (13, 22), (13, 23), (13, 24), (13, 25), (13, 26), (14, 26), (15, 26), (16, 26), (16, 27), (16, 28), (16, 29), (16, 30), (16, 31), (15, 31), (14, 31), (13, 31), (13, 30), (13, 29), (12, 29), (11, 29), (11, 30), (11, 30)], 9: [(23, 24), (22, 24), (22, 25), (21, 25), (20, 25), (19, 25), (18, 25), (17, 25), (16, 25), (15, 25), (14, 25), (13, 25), (12, 25), (11, 25), (10, 25), (9, 25), (8, 25), (7, 25), (7, 24), (7, 23), (6, 23), (6, 22), (5, 22), (5, 21), (5, 20), (5, 19), (5, 18), (5, 17), (6, 17), (6, 16), (7, 16), (8, 16), (9, 16), (10, 16), (10, 15), (10, 14), (9, 14), (8, 14), (7, 14), (6, 14), (6, 13), (5, 13), (4, 13), (3, 13), (2, 13), (2, 12), (2, 11), (2, 10), (3, 10), (4, 10), (5, 10), (6, 10), (7, 10), (8, 10), (9, 10), (10, 10), (11, 10), (12, 10), (13, 10), (13, 9), (13, 8), (13, 7), (14, 7), (15, 7), (16, 7), (17, 7), (18, 7), (19, 7), (20, 7), (21, 7), (22, 7), (22, 6), (22, 5), (22, 4), (22, 3), (22, 2), (21, 2), (20, 2), (19, 2), (18, 2), (17, 2), (16, 2), (15, 2), (14, 2), (13, 2), (12, 2), (11, 2), (10, 2), (9, 2), (8, 2), (8, 3), (8, 4), (8, 5), (9, 5), (10, 5), (10, 6), (10, 7), (9, 7), (8, 7), (7, 7), (6, 7), (6, 7)]}, 118)