

CBSS-C STATS
starts:[460, 150, 459, 521, 788]
targets:[656, 252, 339, 654, 810, 712, 866, 735, 215, 1022]
dests:[355, 711, 954, 802, 137]
ac_dict:{656: {0, 1}, 252: {1, 2}, 339: {2, 3}, 654: {3, 4}, 355: {0}, 711: {1}, 954: {2}, 802: {3}, 137: {4}}
clusters:[0 4 3 1 0 0 2 2 2 0]

round: 36
best_g_value: 392.0
open_list_size: 35
num_low_level_expanded: 33285
search_success: 1
search_time: 1.3954652356915176
n_tsp_call: 10
n_tsp_time: 0.6553393290378153
n_roots: 1
num_conflicts: 35
target_assignment: {654: 4, 215: 1, 712: 1, 252: 1, 339: 2}
cluster_target_selection: {1: 654, 2: 215, 0: 712, 4: 252, 3: 339}
num_nodes_transformed_graph: 27
agent_paths:({0: [(12, 14), (11, 14), (10, 14), (9, 14), (8, 14), (7, 14), (6, 14), (5, 14), (4, 14), (3, 14), (3, 13), (2, 13), (2, 12), (2, 11), (3, 11), (3, 11)], 1: [(22, 4), (23, 4), (23, 5), (23, 6), (22, 6), (22, 7), (21, 7), (20, 7), (19, 7), (18, 7), (17, 7), (16, 7), (15, 7), (14, 7), (13, 7), (13, 8), (13, 9), (13, 10), (12, 10), (11, 10), (10, 10), (9, 10), (8, 10), (7, 10), (6, 10), (5, 10), (4, 10), (3, 10), (2, 10), (2, 11), (2, 12), (2, 13), (3, 13), (4, 13), (5, 13), (6, 13), (7, 13), (8, 13), (8, 14), (9, 14), (10, 14), (10, 15), (10, 16), (9, 16), (8, 16), (8, 17), (7, 17), (6, 17), (5, 17), (5, 18), (5, 19), (5, 20), (5, 21), (5, 22), (6, 22), (7, 22), (8, 22), (8, 23), (8, 24), (8, 25), (9, 25), (10, 25), (11, 25), (12, 25), (13, 25), (13, 24), (13, 23), (13, 22), (13, 21), (13, 20), (13, 19), (13, 18), (13, 17), (13, 16), (14, 16), (15, 16), (16, 16), (16, 15), (16, 14), (17, 14), (18, 14), (19, 14), (20, 14), (20, 15), (20, 16), (21, 16), (22, 16), (23, 16), (24, 16), (25, 16), (25, 15), (25, 14), (25, 13), (25, 12), (25, 11), (25, 10), (25, 9), (25, 8), (25, 7), (26, 7), (27, 7), (28, 7), (27, 7), (26, 7), (25, 7), (25, 8), (25, 9), (25, 10), (25, 11), (25, 12), (25, 13), (25, 14), (25, 15), (25, 16), (24, 16), (23, 16), (22, 16), (21, 16), (20, 16), (19, 16), (19, 15), (19, 14), (18, 14), (17, 14), (16, 14), (16, 15), (16, 16), (15, 16), (14, 16), (13, 16), (13, 17), (13, 18), (13, 19), (13, 20), (13, 21), (13, 22), (13, 23), (13, 24), (13, 25), (12, 25), (11, 25), (10, 25), (9, 25), (8, 25), (7, 25), (7, 24), (7, 23), (7, 22), (7, 22)], 2: [(11, 14), (11, 13), (10, 13), (9, 13), (8, 13), (7, 13), (6, 13), (5, 13), (4, 13), (3, 13), (2, 13), (2, 12), (2, 11), (3, 11), (4, 11), (5, 11), (6, 11), (7, 11), (8, 11), (9, 11), (10, 11), (10, 10), (11, 10), (12, 10), (13, 10), (14, 10), (14, 9), (14, 8), (15, 8), (16, 8), (17, 8), (18, 8), (19, 8), (19, 9), (19, 10), (19, 9), (19, 8), (18, 8), (17, 8), (16, 8), (15, 8), (14, 8), (14, 9), (14, 10), (13, 10), (12, 10), (11, 10), (10, 10), (9, 10), (8, 10), (7, 10), (6, 10), (5, 10), (4, 10), (3, 10), (2, 10), (2, 11), (2, 12), (2, 13), (3, 13), (4, 13), (5, 13), (6, 13), (7, 13), (8, 13), (9, 13), (10, 13), (10, 14), (10, 15), (10, 16), (10, 17), (9, 17), (8, 17), (7, 17), (6, 17), (5, 17), (5, 18), (5, 19), (5, 20), (5, 21), (5, 22), (6, 22), (7, 22), (8, 22), (8, 23), (8, 24), (8, 25), (9, 25), (10, 25), (11, 25), (12, 25), (13, 25), (14, 25), (15, 25), (16, 25), (17, 25), (17, 26), (17, 27), (17, 28), (17, 29), (17, 30), (17, 31), (18, 31), (19, 31), (20, 31), (21, 31), (22, 31), (22, 30), (22, 29), (23, 29), (24, 29), (25, 29), (26, 29), (26, 29)], 3: [(9, 16), (8, 16), (7, 16), (6, 16), (5, 16), (4, 16), (4, 17), (4, 18), (4, 19), (3, 19), (2, 19), (2, 20), (2, 21), (2, 22), (2, 23), (2, 24), (2, 25), (2, 25)], 4: [(20, 24), (19, 24), (19, 25), (18, 25), (17, 25), (16, 25), (15, 25), (14, 25), (14, 24), (14, 23), (14, 22), (14, 21), (14, 20), (13, 20), (13, 21), (13, 22), (13, 23), (13, 24), (13, 25), (12, 25), (11, 25), (10, 25), (9, 25), (8, 25), (8, 24), (8, 23), (8, 22), (7, 22), (6, 22), (5, 22), (5, 21), (5, 20), (5, 19), (5, 18), (5, 17), (5, 16), (6, 16), (7, 16), (8, 16), (9, 16), (10, 16), (11, 16), (11, 15), (10, 15), (10, 14), (9, 14), (9, 13), (8, 13), (7, 13), (6, 13), (5, 13), (4, 13), (3, 13), (2, 13), (2, 12), (1, 12), (1, 11), (1, 10), (2, 10), (3, 10), (4, 10), (5, 10), (6, 10), (7, 10), (8, 10), (9, 10), (10, 10), (11, 10), (12, 10), (13, 10), (13, 9), (13, 8), (13, 7), (14, 7), (15, 7), (16, 7), (17, 7), (18, 7), (19, 7), (20, 7), (21, 7), (22, 7), (22, 6), (22, 5), (22, 4), (22, 3), (22, 2), (21, 2), (20, 2), (19, 2), (18, 2), (17, 2), (16, 2), (15, 2), (14, 2), (13, 2), (12, 2), (11, 2), (10, 2), (9, 2), (8, 2), (8, 3), (8, 4), (9, 4), (9, 4)]}, 147)