

CBSS-C STATS
starts:[616, 906, 841, 276, 854]
targets:[686, 230, 788, 449, 1012, 659, 712, 474, 468, 143, 188, 828, 451, 666, 549, 372, 709, 843, 167, 644]
dests:[142, 932, 804, 589, 41]
ac_dict:{686: {0, 1}, 230: {1, 2}, 788: {2, 3}, 449: {3, 4}, 142: {0}, 932: {1}, 804: {2}, 589: {3}, 41: {4}}
clusters:[0 8 5 7 6 4 6 8 5 8 2 1 4 7 7 6 4 9 3 3]

round: 4
best_g_value: 385.0
open_list_size: 3
num_low_level_expanded: 3847
search_success: 1
search_time: 3.5582893509417772
n_tsp_call: 15
n_tsp_time: 3.2782642170786858
n_roots: 1
num_conflicts: 3
target_assignment: {451: 0, 188: 0, 143: 0, 549: 3, 788: 3, 644: 2, 828: 1, 1012: 1, 686: 1, 843: 1}
cluster_target_selection: {4: 451, 2: 188, 8: 143, 7: 549, 5: 788, 3: 644, 1: 828, 6: 1012, 0: 686, 9: 843}
num_nodes_transformed_graph: 53
agent_paths:({0: [(8, 19), (9, 19), (10, 19), (10, 18), (10, 17), (10, 16), (10, 15), (10, 14), (9, 14), (8, 14), (7, 14), (6, 14), (5, 14), (4, 14), (3, 14), (3, 13), (2, 13), (2, 12), (2, 11), (2, 10), (3, 10), (4, 10), (5, 10), (6, 10), (7, 10), (8, 10), (9, 10), (10, 10), (11, 10), (12, 10), (13, 10), (13, 9), (13, 8), (13, 7), (14, 7), (15, 7), (16, 7), (17, 7), (18, 7), (19, 7), (20, 7), (21, 7), (22, 7), (22, 6), (22, 5), (23, 5), (23, 4), (23, 3), (23, 2), (24, 2), (25, 2), (26, 2), (27, 2), (28, 2), (28, 3), (28, 4), (28, 5), (28, 4), (28, 3), (28, 2), (27, 2), (26, 2), (25, 2), (24, 2), (23, 2), (22, 2), (21, 2), (20, 2), (19, 2), (18, 2), (17, 2), (16, 2), (15, 2), (14, 2), (13, 2), (12, 2), (11, 2), (10, 2), (9, 2), (8, 2), (8, 3), (8, 4), (9, 4), (10, 4), (11, 4), (12, 4), (13, 4), (14, 4), (15, 4), (14, 4), (14, 4)], 1: [(10, 28), (11, 28), (12, 28), (13, 28), (14, 28), (14, 29), (14, 30), (14, 31), (15, 31), (16, 31), (17, 31), (18, 31), (19, 31), (20, 31), (21, 31), (22, 31), (22, 30), (22, 29), (22, 28), (23, 28), (24, 28), (25, 28), (25, 27), (25, 26), (25, 25), (26, 25), (27, 25), (28, 25), (27, 25), (26, 25), (25, 25), (25, 26), (25, 27), (25, 28), (24, 28), (23, 28), (22, 28), (22, 29), (22, 30), (22, 31), (21, 31), (20, 31), (19, 31), (18, 31), (17, 31), (16, 31), (16, 30), (16, 29), (16, 28), (16, 27), (16, 26), (15, 26), (14, 26), (14, 25), (14, 24), (14, 23), (14, 22), (14, 21), (13, 21), (13, 22), (13, 23), (13, 24), (13, 25), (12, 25), (11, 25), (11, 26), (10, 26), (9, 26), (8, 26), (7, 26), (7, 25), (7, 24), (7, 23), (6, 23), (5, 23), (4, 23), (4, 22), (4, 21), (4, 20), (3, 20), (2, 20), (2, 21), (2, 22), (2, 23), (2, 24), (2, 25), (2, 26), (2, 27), (2, 28), (2, 29), (2, 30), (2, 31), (3, 31), (4, 31), (4, 30), (4, 29), (4, 29)], 2: [(9, 26), (8, 26), (7, 26), (7, 25), (7, 24), (7, 23), (6, 23), (5, 23), (4, 23), (4, 22), (4, 21), (4, 20), (3, 20), (2, 20), (2, 21), (2, 22), (2, 23), (2, 24), (2, 25), (2, 26), (2, 27), (2, 28), (2, 29), (2, 30), (2, 31), (3, 31), (4, 31), (4, 30), (4, 29), (4, 28), (4, 27), (4, 26), (4, 25), (4, 25)], 3: [(20, 8), (19, 8), (18, 8), (17, 8), (16, 8), (15, 8), (14, 8), (13, 8), (13, 9), (13, 10), (12, 10), (11, 10), (10, 10), (9, 10), (8, 10), (7, 10), (6, 10), (5, 10), (5, 11), (4, 11), (3, 11), (2, 11), (2, 12), (2, 13), (3, 13), (4, 13), (5, 13), (5, 14), (6, 14), (7, 14), (8, 14), (9, 14), (10, 14), (11, 14), (11, 15), (10, 15), (10, 16), (9, 16), (8, 16), (7, 16), (6, 16), (5, 16), (5, 17), (5, 18), (5, 19), (5, 20), (5, 21), (5, 22), (6, 22), (7, 22), (8, 22), (8, 23), (8, 24), (8, 25), (9, 25), (10, 25), (11, 25), (12, 25), (13, 25), (14, 25), (15, 25), (16, 25), (17, 25), (18, 25), (19, 25), (19, 24), (20, 24), (19, 24), (19, 25), (18, 25), (17, 25), (16, 25), (15, 25), (14, 25), (13, 25), (13, 24), (13, 23), (13, 22), (13, 21), (13, 20), (13, 19), (13, 18), (13, 18)], 4: [(22, 26), (21, 26), (20, 26), (19, 26), (18, 26), (17, 26), (16, 26), (15, 26), (14, 26), (13, 26), (12, 26), (11, 26), (10, 26), (9, 26), (9, 25), (8, 25), (8, 24), (8, 23), (8, 22), (7, 22), (6, 22), (5, 22), (5, 21), (5, 20), (5, 19), (5, 18), (5, 17), (5, 16), (6, 16), (7, 16), (8, 16), (9, 16), (10, 16), (10, 15), (10, 14), (9, 14), (9, 13), (8, 13), (7, 13), (6, 13), (5, 13), (4, 13), (3, 13), (2, 13), (2, 12), (2, 11), (2, 10), (3, 10), (4, 10), (5, 10), (6, 10), (7, 10), (8, 10), (9, 10), (10, 10), (11, 10), (12, 10), (13, 10), (13, 9), (13, 8), (13, 7), (14, 7), (15, 7), (16, 7), (17, 7), (18, 7), (19, 7), (20, 7), (21, 7), (22, 7), (22, 6), (22, 5), (22, 4), (22, 3), (22, 2), (21, 2), (20, 2), (19, 2), (18, 2), (17, 2), (16, 2), (15, 2), (14, 2), (13, 2), (12, 2), (11, 2), (10, 2), (9, 2), (9, 1), (9, 1)]}, 95)