

CBSS-C STATS
starts:[383, 348, 66, 267, 508]
targets:[756, 667, 88, 954, 84, 164, 467, 442, 929, 180]
dests:[533, 558, 632, 744, 857]
ac_dict:{756: {0, 1}, 667: {1, 2}, 88: {2, 3}, 954: {3, 4}, 533: {0}, 558: {1}, 632: {2}, 744: {3}, 857: {4}}
clusters:[0 3 4 1 4 3 1 2 3 3]

round: 4
best_g_value: 350.0
open_list_size: 3
num_low_level_expanded: 2431
search_success: 1
search_time: 1.04410680802539
n_tsp_call: 9
n_tsp_time: 0.8288197983056307
n_roots: 1
num_conflicts: 3
target_assignment: {756: 0, 467: 0, 442: 0, 84: 2, 667: 1}
cluster_target_selection: {0: 756, 1: 467, 2: 442, 4: 84, 3: 667}
num_nodes_transformed_graph: 48
agent_paths:({0: [(31, 11), (31, 12), (31, 13), (30, 13), (29, 13), (28, 13), (28, 14), (28, 15), (28, 16), (28, 17), (28, 18), (28, 19), (27, 19), (26, 19), (25, 19), (24, 19), (23, 19), (22, 19), (22, 20), (22, 21), (22, 22), (22, 23), (22, 24), (22, 25), (21, 25), (20, 25), (20, 24), (20, 23), (19, 23), (19, 24), (19, 25), (18, 25), (17, 25), (16, 25), (15, 25), (14, 25), (14, 24), (14, 23), (14, 22), (14, 21), (14, 20), (14, 19), (14, 18), (14, 17), (14, 16), (15, 16), (16, 16), (16, 15), (16, 14), (17, 14), (18, 14), (19, 14), (20, 14), (20, 15), (20, 16), (21, 16), (22, 16), (23, 16), (24, 16), (25, 16), (25, 15), (25, 14), (25, 13), (26, 13), (25, 13), (25, 14), (25, 15), (25, 16), (24, 16), (23, 16), (22, 16), (21, 16), (21, 16)], 1: [(28, 10), (28, 11), (29, 11), (30, 11), (31, 11), (31, 12), (31, 13), (30, 13), (29, 13), (28, 13), (28, 14), (28, 15), (28, 16), (28, 17), (28, 18), (28, 19), (27, 19), (27, 20), (26, 20), (25, 20), (24, 20), (23, 20), (22, 20), (22, 21), (22, 22), (22, 23), (22, 24), (22, 25), (21, 25), (20, 25), (20, 25), (19, 25), (18, 25), (17, 25), (16, 25), (15, 25), (14, 25), (14, 24), (14, 23), (14, 22), (14, 21), (14, 20), (14, 19), (14, 18), (14, 17), (14, 17)], 2: [(2, 2), (2, 3), (2, 4), (2, 5), (2, 6), (2, 7), (3, 7), (4, 7), (5, 7), (6, 7), (7, 7), (8, 7), (9, 7), (10, 7), (10, 6), (10, 5), (10, 4), (9, 4), (8, 4), (8, 3), (8, 2), (9, 2), (10, 2), (11, 2), (12, 2), (13, 2), (14, 2), (15, 2), (16, 2), (17, 2), (18, 2), (19, 2), (20, 2), (21, 2), (22, 2), (22, 3), (22, 4), (22, 5), (22, 6), (22, 7), (22, 8), (21, 8), (20, 8), (19, 8), (18, 8), (17, 8), (16, 8), (15, 8), (14, 8), (14, 9), (14, 10), (14, 11), (13, 11), (12, 11), (11, 11), (10, 11), (9, 11), (8, 11), (7, 11), (6, 11), (5, 11), (4, 11), (3, 11), (2, 11), (2, 12), (2, 13), (3, 13), (4, 13), (5, 13), (6, 13), (7, 13), (8, 13), (9, 13), (10, 13), (10, 14), (10, 15), (10, 16), (10, 17), (9, 17), (8, 17), (7, 17), (6, 17), (5, 17), (5, 18), (5, 19), (5, 20), (5, 21), (5, 22), (6, 22), (7, 22), (7, 23), (7, 24), (8, 24), (8, 25), (9, 25), (10, 25), (11, 25), (12, 25), (13, 25), (14, 25), (15, 25), (16, 25), (17, 25), (18, 25), (19, 25), (20, 25), (21, 25), (22, 25), (22, 24), (22, 23), (22, 22), (22, 21), (22, 20), (22, 19), (23, 19), (24, 19), (24, 19)], 3: [(11, 8), (10, 8), (10, 7), (10, 6), (10, 5), (9, 5), (8, 5), (8, 4), (8, 3), (8, 2), (9, 2), (10, 2), (11, 2), (12, 2), (13, 2), (14, 2), (15, 2), (16, 2), (17, 2), (18, 2), (19, 2), (20, 2), (21, 2), (22, 2), (22, 3), (22, 4), (22, 5), (22, 6), (22, 7), (21, 7), (20, 7), (19, 7), (18, 7), (17, 7), (16, 7), (15, 7), (14, 7), (13, 7), (13, 8), (13, 9), (13, 10), (12, 10), (11, 10), (10, 10), (9, 10), (8, 10), (8, 11), (7, 11), (6, 11), (5, 11), (4, 11), (3, 11), (2, 11), (2, 12), (2, 13), (3, 13), (4, 13), (5, 13), (6, 13), (7, 13), (8, 13), (8, 14), (9, 14), (10, 14), (10, 15), (10, 16), (9, 16), (8, 16), (8, 17), (7, 17), (6, 17), (5, 17), (5, 18), (5, 19), (5, 20), (5, 21), (5, 22), (6, 22), (7, 22), (8, 22), (8, 23), (8, 23)], 4: [(28, 15), (28, 16), (28, 17), (28, 18), (28, 19), (27, 19), (26, 19), (25, 19), (25, 20), (24, 20), (23, 20), (23, 21), (23, 22), (23, 23), (23, 24), (23, 25), (23, 26), (22, 26), (21, 26), (20, 26), (19, 26), (18, 26), (17, 26), (17, 27), (17, 28), (17, 29), (17, 30), (17, 31), (18, 31), (19, 31), (20, 31), (21, 31), (22, 31), (22, 30), (22, 29), (22, 28), (23, 28), (24, 28), (25, 28), (25, 27), (25, 26), (25, 26)]}, 115)