

CBSS-C STATS
starts:[753, 708, 436, 143, 563, 257, 543, 660, 587, 103]
targets:[91, 154, 345, 97, 535, 54, 479, 368, 920, 689]
dests:[726, 904, 995, 183, 343, 215, 827, 129, 695, 613]
ac_dict:{91: {0, 1}, 154: {1, 2}, 345: {2, 3}, 97: {3, 4}, 535: {4, 5}, 54: {5, 6}, 479: {6, 7}, 368: {8, 7}, 920: {8, 9}, 726: {0}, 904: {1}, 995: {2}, 183: {3}, 343: {4}, 215: {5}, 827: {6}, 129: {7}, 695: {8}, 613: {9}}
clusters:[3 4 3 4 0 1 2 2 0 1]

round: 2
best_g_value: 484.0
open_list_size: 1
num_low_level_expanded: 2010
search_success: 1
search_time: 0.2438333579339087
n_tsp_call: 1
n_tsp_time: 0.1386878932826221
n_roots: 1
num_conflicts: 1
target_assignment: {689: 0, 345: 2, 154: 2, 535: 4, 368: 7}
cluster_target_selection: {1: 689, 3: 345, 4: 154, 0: 535, 2: 368}
num_nodes_transformed_graph: 34
agent_paths:({0: [(17, 23), (17, 22), (17, 21), (17, 20), (18, 20), (19, 20), (19, 19), (19, 18), (19, 17), (19, 16), (19, 15), (19, 14), (18, 14), (17, 14), (17, 15), (17, 16), (17, 17), (16, 17), (15, 17), (14, 17), (14, 18), (14, 19), (14, 20), (14, 21), (14, 22), (14, 23), (14, 24), (14, 25), (15, 25), (16, 25), (17, 25), (18, 25), (19, 25), (20, 25), (21, 25), (22, 25), (22, 24), (22, 23), (22, 22), (22, 22)], 1: [(4, 22), (5, 22), (6, 22), (7, 22), (8, 22), (8, 23), (8, 24), (8, 25), (8, 26), (9, 26), (10, 26), (11, 26), (12, 26), (13, 26), (14, 26), (15, 26), (16, 26), (16, 27), (16, 28), (16, 29), (16, 30), (16, 31), (15, 31), (14, 31), (13, 31), (13, 30), (13, 29), (12, 29), (11, 29), (10, 29), (9, 29), (8, 29), (8, 28), (8, 28)], 2: [(20, 13), (20, 14), (20, 15), (20, 16), (21, 16), (22, 16), (23, 16), (24, 16), (25, 16), (25, 15), (25, 14), (25, 13), (25, 12), (25, 11), (25, 10), (25, 9), (25, 8), (25, 7), (25, 6), (25, 5), (25, 4), (26, 4), (25, 4), (25, 5), (25, 6), (25, 7), (25, 8), (25, 9), (25, 10), (25, 11), (25, 12), (25, 13), (25, 14), (25, 15), (25, 16), (24, 16), (23, 16), (22, 16), (21, 16), (20, 16), (19, 16), (19, 15), (19, 14), (18, 14), (17, 14), (16, 14), (16, 15), (16, 16), (15, 16), (14, 16), (13, 16), (13, 17), (13, 18), (13, 19), (13, 20), (13, 21), (13, 22), (13, 23), (13, 24), (13, 25), (12, 25), (11, 25), (10, 25), (9, 25), (8, 25), (7, 25), (7, 24), (7, 23), (6, 23), (5, 23), (4, 23), (4, 22), (4, 21), (4, 20), (3, 20), (2, 20), (2, 21), (2, 22), (2, 23), (2, 24), (2, 25), (2, 26), (2, 27), (2, 28), (2, 29), (2, 30), (2, 31), (3, 31), (3, 31)], 3: [(15, 4), (14, 4), (13, 4), (12, 4), (11, 4), (10, 4), (9, 4), (8, 4), (8, 3), (8, 2), (9, 2), (10, 2), (11, 2), (12, 2), (13, 2), (14, 2), (15, 2), (16, 2), (17, 2), (18, 2), (19, 2), (20, 2), (21, 2), (22, 2), (23, 2), (23, 3), (23, 4), (23, 5), (23, 5)], 4: [(19, 17), (19, 16), (20, 16), (21, 16), (22, 16), (23, 16), (24, 16), (25, 16), (25, 15), (25, 14), (24, 14), (23, 14), (23, 13), (23, 12), (23, 11), (23, 10), (23, 10)], 5: [(1, 8), (1, 7), (2, 7), (3, 7), (4, 7), (5, 7), (6, 7), (7, 7), (8, 7), (9, 7), (10, 7), (10, 6), (10, 5), (9, 5), (8, 5), (8, 4), (8, 3), (8, 2), (9, 2), (10, 2), (11, 2), (12, 2), (13, 2), (14, 2), (15, 2), (16, 2), (17, 2), (18, 2), (19, 2), (20, 2), (21, 2), (22, 2), (22, 3), (22, 4), (22, 5), (22, 6), (23, 6), (23, 6)], 6: [(31, 16), (31, 17), (31, 18), (31, 19), (31, 20), (31, 21), (31, 22), (31, 23), (31, 24), (31, 25), (30, 25), (29, 25), (28, 25), (27, 25), (27, 25)], 7: [(20, 20), (19, 20), (19, 19), (19, 18), (19, 17), (19, 16), (19, 15), (19, 14), (18, 14), (17, 14), (16, 14), (16, 15), (16, 16), (15, 16), (14, 16), (13, 16), (13, 17), (13, 18), (13, 19), (13, 20), (13, 21), (13, 22), (13, 23), (13, 24), (13, 25), (12, 25), (11, 25), (10, 25), (9, 25), (8, 25), (8, 24), (8, 23), (8, 22), (7, 22), (6, 22), (5, 22), (5, 21), (5, 20), (5, 19), (5, 18), (5, 17), (5, 16), (6, 16), (7, 16), (8, 16), (9, 16), (10, 16), (10, 15), (10, 14), (10, 13), (9, 13), (8, 13), (7, 13), (6, 13), (5, 13), (4, 13), (3, 13), (2, 13), (2, 12), (2, 11), (3, 11), (4, 11), (5, 11), (6, 11), (7, 11), (8, 11), (9, 11), (10, 11), (11, 11), (12, 11), (13, 11), (14, 11), (14, 10), (14, 9), (14, 8), (15, 8), (16, 8), (17, 8), (18, 8), (19, 8), (19, 9), (19, 10), (18, 10), (17, 10), (16, 10), (16, 11), (16, 10), (17, 10), (18, 10), (19, 10), (19, 9), (19, 8), (19, 7), (20, 7), (21, 7), (22, 7), (22, 6), (22, 5), (22, 4), (22, 3), (22, 2), (21, 2), (20, 2), (19, 2), (18, 2), (17, 2), (16, 2), (15, 2), (14, 2), (13, 2), (12, 2), (11, 2), (10, 2), (9, 2), (8, 2), (8, 3), (8, 4), (9, 4), (10, 4), (10, 5), (10, 6), (10, 7), (9, 7), (8, 7), (7, 7), (6, 7), (5, 7), (4, 7), (3, 7), (2, 7), (1, 7), (1, 6), (1, 5), (1, 4), (1, 4)], 8: [(11, 18), (10, 18), (10, 17), (9, 17), (8, 17), (7, 17), (6, 17), (5, 17), (5, 18), (5, 19), (5, 20), (5, 21), (5, 22), (6, 22), (7, 22), (8, 22), (8, 23), (8, 24), (8, 25), (9, 25), (10, 25), (11, 25), (12, 25), (13, 25), (14, 25), (15, 25), (16, 25), (17, 25), (18, 25), (19, 25), (20, 25), (21, 25), (22, 25), (22, 24), (22, 23), (22, 22), (22, 21), (23, 21), (23, 21)], 9: [(7, 3), (7, 2), (8, 2), (9, 2), (10, 2), (11, 2), (12, 2), (13, 2), (14, 2), (15, 2), (16, 2), (17, 2), (18, 2), (19, 2), (20, 2), (21, 2), (22, 2), (22, 3), (22, 4), (22, 5), (22, 6), (22, 7), (21, 7), (20, 7), (19, 7), (18, 7), (17, 7), (16, 7), (15, 7), (14, 7), (13, 7), (13, 8), (13, 9), (13, 10), (12, 10), (11, 10), (10, 10), (9, 10), (8, 10), (7, 10), (6, 10), (5, 10), (5, 11), (4, 11), (3, 11), (2, 11), (2, 12), (2, 13), (3, 13), (4, 13), (5, 13), (5, 14), (6, 14), (7, 14), (8, 14), (9, 14), (10, 14), (10, 15), (10, 16), (9, 16), (8, 16), (7, 16), (6, 16), (5, 16), (5, 17), (5, 18), (5, 19), (5, 19)]}, 133)