

CBSS-C STATS
starts:[281, 364, 140, 203, 451, 731, 356, 251, 519, 901]
targets:[839, 235, 474, 425, 61, 656, 538, 787, 49, 613]
dests:[132, 174, 509, 375, 226, 944, 366, 154, 444, 993]
ac_dict:{839: {0, 1}, 235: {1, 2}, 474: {2, 3}, 425: {3, 4}, 61: {4, 5}, 656: {5, 6}, 538: {6, 7}, 787: {8, 7}, 49: {8, 9}, 132: {0}, 174: {1}, 509: {2}, 375: {3}, 226: {4}, 944: {5}, 366: {6}, 154: {7}, 444: {8}, 993: {9}}
clusters:[4 1 4 3 0 0 0 2 1 3]

round: 30
best_g_value: 590.0
open_list_size: 29
num_low_level_expanded: 28742
search_success: 1
search_time: 2.6648549982346594
n_tsp_call: 13
n_tsp_time: 1.4520610799081624
n_roots: 1
num_conflicts: 29
target_assignment: {839: 0, 61: 4, 613: 8, 787: 8, 235: 1}
cluster_target_selection: {4: 839, 0: 61, 3: 613, 2: 787, 1: 235}
num_nodes_transformed_graph: 34
agent_paths:({0: [(25, 8), (25, 9), (25, 10), (25, 11), (25, 12), (25, 13), (25, 14), (25, 15), (25, 16), (24, 16), (23, 16), (22, 16), (21, 16), (20, 16), (19, 16), (19, 15), (19, 14), (18, 14), (17, 14), (16, 14), (16, 15), (16, 16), (15, 16), (14, 16), (13, 16), (13, 17), (13, 18), (13, 19), (13, 20), (13, 21), (13, 22), (13, 23), (13, 24), (13, 25), (12, 25), (11, 25), (10, 25), (9, 25), (8, 25), (7, 25), (7, 26), (7, 25), (7, 24), (7, 23), (6, 23), (5, 23), (5, 22), (5, 21), (5, 20), (5, 19), (5, 18), (5, 17), (5, 16), (6, 16), (7, 16), (8, 16), (9, 16), (10, 16), (10, 15), (10, 14), (9, 14), (8, 14), (7, 14), (6, 14), (5, 14), (4, 14), (4, 13), (3, 13), (2, 13), (2, 12), (2, 11), (2, 10), (3, 10), (4, 10), (5, 10), (6, 10), (7, 10), (8, 10), (9, 10), (10, 10), (11, 10), (12, 10), (13, 10), (13, 9), (13, 8), (13, 7), (14, 7), (15, 7), (16, 7), (17, 7), (18, 7), (19, 7), (20, 7), (21, 7), (22, 7), (22, 6), (22, 5), (22, 4), (22, 3), (22, 2), (21, 2), (20, 2), (19, 2), (18, 2), (17, 2), (16, 2), (15, 2), (14, 2), (13, 2), (12, 2), (11, 2), (10, 2), (9, 2), (8, 2), (8, 3), (8, 4), (9, 4), (10, 4), (10, 5), (10, 6), (10, 7), (9, 7), (8, 7), (7, 7), (6, 7), (5, 7), (4, 7), (3, 7), (3, 8), (2, 8), (1, 8), (1, 7), (1, 6), (1, 5), (1, 4), (2, 4), (3, 4), (4, 4), (4, 4)], 1: [(12, 11), (12, 10), (13, 10), (13, 9), (13, 8), (13, 7), (14, 7), (15, 7), (16, 7), (17, 7), (18, 7), (19, 7), (20, 7), (21, 7), (22, 7), (22, 6), (22, 5), (22, 4), (22, 3), (23, 3), (23, 2), (23, 2), (22, 2), (21, 2), (20, 2), (19, 2), (18, 2), (17, 2), (16, 2), (15, 2), (14, 2), (13, 2), (12, 2), (11, 2), (10, 2), (9, 2), (8, 2), (8, 3), (8, 4), (9, 4), (10, 4), (11, 4), (11, 5), (11, 6), (11, 7), (11, 6), (11, 5), (12, 5), (13, 5), (14, 5), (14, 5)], 2: [(12, 4), (11, 4), (10, 4), (9, 4), (8, 4), (8, 3), (8, 2), (9, 2), (10, 2), (11, 2), (12, 2), (13, 2), (14, 2), (15, 2), (16, 2), (17, 2), (18, 2), (19, 2), (20, 2), (21, 2), (22, 2), (22, 3), (22, 4), (22, 5), (22, 6), (22, 7), (22, 8), (21, 8), (20, 8), (19, 8), (18, 8), (17, 8), (16, 8), (15, 8), (14, 8), (14, 9), (14, 10), (13, 10), (13, 11), (12, 11), (11, 11), (10, 11), (9, 11), (8, 11), (7, 11), (6, 11), (5, 11), (4, 11), (3, 11), (2, 11), (2, 12), (2, 13), (3, 13), (4, 13), (5, 13), (6, 13), (7, 13), (8, 13), (9, 13), (10, 13), (10, 14), (10, 15), (10, 16), (9, 16), (8, 16), (7, 16), (6, 16), (5, 16), (5, 17), (5, 18), (5, 19), (5, 20), (5, 21), (5, 22), (6, 22), (7, 22), (8, 22), (8, 23), (8, 24), (8, 25), (9, 25), (10, 25), (11, 25), (12, 25), (13, 25), (14, 25), (15, 25), (16, 25), (17, 25), (18, 25), (19, 25), (20, 25), (21, 25), (22, 25), (22, 24), (22, 23), (22, 22), (22, 21), (22, 20), (22, 19), (23, 19), (24, 19), (25, 19), (26, 19), (27, 19), (28, 19), (28, 18), (28, 17), (28, 16), (28, 15), (29, 15), (29, 15)], 3: [(11, 6), (10, 6), (10, 5), (9, 5), (8, 5), (8, 4), (8, 3), (8, 2), (9, 2), (10, 2), (11, 2), (12, 2), (13, 2), (14, 2), (15, 2), (16, 2), (17, 2), (18, 2), (19, 2), (20, 2), (21, 2), (22, 2), (22, 3), (22, 4), (22, 5), (22, 6), (22, 7), (22, 8), (21, 8), (20, 8), (19, 8), (18, 8), (17, 8), (16, 8), (15, 8), (14, 8), (14, 9), (14, 10), (13, 10), (13, 11), (12, 11), (11, 11), (10, 11), (9, 11), (8, 11), (7, 11), (6, 11), (5, 11), (4, 11), (3, 11), (2, 11), (2, 12), (2, 13), (3, 13), (4, 13), (5, 13), (6, 13), (7, 13), (8, 13), (9, 13), (10, 13), (10, 14), (10, 15), (10, 16), (9, 16), (8, 16), (7, 16), (6, 16), (5, 16), (5, 17), (5, 18), (5, 19), (5, 20), (5, 21), (5, 22), (6, 22), (7, 22), (8, 22), (8, 23), (8, 24), (8, 25), (9, 25), (10, 25), (11, 25), (12, 25), (13, 25), (13, 24), (13, 23), (13, 22), (13, 21), (13, 20), (13, 19), (13, 18), (13, 17), (13, 16), (14, 16), (15, 16), (16, 16), (16, 15), (16, 14), (17, 14), (18, 14), (19, 14), (20, 14), (20, 15), (20, 16), (21, 16), (22, 16), (23, 16), (24, 16), (25, 16), (25, 15), (25, 14), (24, 14), (23, 14), (23, 13), (23, 12), (23, 11), (23, 11)], 4: [(3, 14), (3, 13), (2, 13), (2, 12), (2, 11), (2, 10), (3, 10), (4, 10), (5, 10), (6, 10), (7, 10), (8, 10), (9, 10), (10, 10), (11, 10), (12, 10), (13, 10), (13, 9), (13, 8), (13, 7), (14, 7), (15, 7), (16, 7), (17, 7), (18, 7), (19, 7), (20, 7), (21, 7), (22, 7), (22, 6), (22, 5), (22, 4), (22, 3), (22, 2), (22, 1), (23, 1), (24, 1), (25, 1), (26, 1), (27, 1), (28, 1), (29, 1), (28, 1), (27, 1), (26, 1), (25, 1), (24, 1), (23, 1), (22, 1), (21, 1), (20, 1), (19, 1), (18, 1), (17, 1), (16, 1), (15, 1), (14, 1), (13, 1), (12, 1), (11, 1), (10, 1), (9, 1), (8, 1), (8, 2), (8, 3), (8, 4), (8, 5), (9, 5), (10, 5), (10, 6), (10, 7), (9, 7), (8, 7), (7, 7), (6, 7), (5, 7), (4, 7), (3, 7), (2, 7), (2, 7)], 5: [(27, 22), (27, 23), (28, 23), (29, 23), (30, 23), (31, 23), (31, 24), (31, 25), (30, 25), (29, 25), (28, 25), (27, 25), (26, 25), (25, 25), (25, 26), (25, 27), (25, 28), (24, 28), (23, 28), (22, 28), (22, 29), (22, 30), (22, 31), (21, 31), (20, 31), (19, 31), (18, 31), (17, 31), (16, 31), (16, 30), (16, 29), (16, 29)], 6: [(4, 11), (5, 11), (6, 11), (7, 11), (8, 11), (9, 11), (10, 11), (11, 11), (12, 11), (13, 11), (14, 11), (14, 11)], 7: [(27, 7), (26, 7), (26, 6), (26, 5), (26, 4), (26, 4)], 8: [(7, 16), (6, 16), (5, 16), (5, 17), (5, 18), (5, 19), (5, 20), (5, 21), (5, 22), (6, 22), (7, 22), (8, 22), (8, 23), (8, 24), (8, 25), (9, 25), (10, 25), (11, 25), (12, 25), (13, 25), (14, 25), (15, 25), (16, 25), (17, 25), (18, 25), (19, 25), (19, 24), (20, 24), (20, 25), (21, 25), (22, 25), (22, 24), (22, 23), (22, 22), (22, 21), (22, 20), (22, 19), (23, 19), (24, 19), (25, 19), (26, 19), (27, 19), (28, 19), (28, 18), (28, 17), (28, 16), (28, 15), (28, 14), (28, 13), (28, 13)], 9: [(5, 28), (4, 28), (4, 29), (4, 30), (4, 31), (3, 31), (2, 31), (1, 31), (1, 31)]}, 137)