

CBSS-C STATS
starts:[1015, 68, 825, 605, 243]
targets:[276, 34, 521, 407, 654, 615, 41, 513, 570, 855]
dests:[805, 910, 834, 71, 569]
ac_dict:{276: {0, 1}, 34: {1, 2}, 521: {2, 3}, 407: {3, 4}, 805: {0}, 910: {1}, 834: {2}, 71: {3}, 569: {4}}
clusters:[3 4 3 3 1 0 0 2 2 4]

round: 3
best_g_value: 404.0
open_list_size: 2
num_low_level_expanded: 3254
search_success: 1
search_time: 0.6002762881107628
n_tsp_call: 9
n_tsp_time: 0.37204189226031303
n_roots: 1
num_conflicts: 2
target_assignment: {654: 4, 570: 4, 855: 3, 521: 3, 41: 3}
cluster_target_selection: {1: 654, 2: 570, 4: 855, 3: 521, 0: 41}
num_nodes_transformed_graph: 27
agent_paths:({0: [(23, 31), (22, 31), (21, 31), (20, 31), (19, 31), (18, 31), (17, 31), (16, 31), (16, 30), (16, 29), (16, 28), (16, 27), (16, 26), (15, 26), (14, 26), (13, 26), (12, 26), (11, 26), (10, 26), (9, 26), (8, 26), (7, 26), (7, 25), (7, 24), (7, 23), (6, 23), (5, 23), (4, 23), (4, 22), (4, 21), (4, 20), (3, 20), (2, 20), (2, 21), (2, 22), (2, 23), (2, 24), (2, 25), (2, 26), (2, 27), (2, 28), (2, 29), (2, 30), (2, 31), (3, 31), (4, 31), (4, 30), (4, 29), (4, 28), (4, 27), (4, 26), (4, 25), (5, 25), (5, 25)], 1: [(4, 2), (4, 3), (4, 4), (4, 5), (3, 5), (2, 5), (2, 6), (2, 7), (3, 7), (4, 7), (5, 7), (6, 7), (7, 7), (8, 7), (9, 7), (10, 7), (10, 6), (10, 5), (9, 5), (8, 5), (8, 4), (8, 3), (8, 2), (9, 2), (10, 2), (11, 2), (12, 2), (13, 2), (14, 2), (15, 2), (16, 2), (17, 2), (18, 2), (19, 2), (20, 2), (21, 2), (22, 2), (22, 3), (22, 4), (22, 5), (22, 6), (22, 7), (21, 7), (20, 7), (19, 7), (18, 7), (17, 7), (16, 7), (15, 7), (14, 7), (14, 8), (14, 9), (14, 10), (14, 11), (13, 11), (12, 11), (11, 11), (10, 11), (9, 11), (8, 11), (7, 11), (6, 11), (5, 11), (4, 11), (3, 11), (2, 11), (2, 12), (2, 13), (3, 13), (4, 13), (5, 13), (6, 13), (7, 13), (8, 13), (9, 13), (10, 13), (10, 14), (10, 15), (10, 16), (10, 17), (9, 17), (8, 17), (7, 17), (6, 17), (5, 17), (5, 18), (5, 19), (5, 20), (5, 21), (5, 22), (6, 22), (7, 22), (8, 22), (8, 23), (8, 24), (8, 25), (9, 25), (10, 25), (11, 25), (12, 25), (13, 25), (14, 25), (14, 26), (15, 26), (16, 26), (16, 27), (16, 28), (16, 29), (16, 30), (16, 31), (15, 31), (14, 31), (14, 30), (14, 29), (14, 28), (14, 28)], 2: [(25, 25), (25, 26), (25, 27), (25, 28), (24, 28), (23, 28), (22, 28), (22, 29), (22, 30), (22, 31), (21, 31), (20, 31), (19, 31), (18, 31), (17, 31), (16, 31), (16, 30), (16, 29), (16, 28), (16, 27), (16, 26), (15, 26), (14, 26), (13, 26), (12, 26), (11, 26), (10, 26), (9, 26), (8, 26), (7, 26), (7, 25), (7, 24), (7, 23), (6, 23), (5, 23), (4, 23), (4, 22), (4, 21), (4, 20), (3, 20), (2, 20), (2, 21), (2, 22), (2, 23), (2, 24), (2, 25), (2, 26), (2, 26)], 3: [(29, 18), (28, 18), (28, 19), (27, 19), (26, 19), (25, 19), (24, 19), (23, 19), (23, 20), (23, 21), (23, 22), (23, 23), (23, 24), (23, 25), (23, 26), (22, 26), (21, 26), (20, 26), (19, 26), (18, 26), (17, 26), (16, 26), (15, 26), (14, 26), (13, 26), (12, 26), (11, 26), (10, 26), (9, 26), (9, 25), (8, 25), (8, 24), (8, 23), (8, 22), (7, 22), (6, 22), (5, 22), (5, 21), (5, 20), (5, 19), (5, 18), (5, 17), (5, 16), (6, 16), (7, 16), (8, 16), (9, 16), (10, 16), (10, 15), (10, 14), (9, 14), (9, 13), (8, 13), (7, 13), (6, 13), (5, 13), (4, 13), (3, 13), (2, 13), (2, 12), (2, 11), (2, 10), (3, 10), (4, 10), (5, 10), (6, 10), (7, 10), (8, 10), (9, 10), (10, 10), (11, 10), (12, 10), (13, 10), (13, 9), (13, 8), (13, 7), (14, 7), (15, 7), (16, 7), (17, 7), (18, 7), (19, 7), (20, 7), (21, 7), (22, 7), (22, 6), (22, 5), (22, 4), (22, 3), (22, 2), (21, 2), (20, 2), (19, 2), (18, 2), (17, 2), (16, 2), (15, 2), (14, 2), (13, 2), (12, 2), (11, 2), (10, 2), (9, 2), (9, 1), (8, 1), (7, 1), (7, 2), (7, 2)], 4: [(19, 7), (18, 7), (17, 7), (16, 7), (15, 7), (14, 7), (14, 8), (14, 9), (14, 10), (14, 11), (13, 11), (12, 11), (11, 11), (10, 11), (9, 11), (8, 11), (7, 11), (6, 11), (5, 11), (4, 11), (3, 11), (2, 11), (2, 12), (2, 13), (3, 13), (4, 13), (5, 13), (6, 13), (7, 13), (8, 13), (9, 13), (10, 13), (10, 14), (10, 15), (10, 16), (10, 17), (9, 17), (8, 17), (7, 17), (6, 17), (6, 17), (6, 17), (5, 17), (5, 18), (5, 19), (5, 20), (5, 21), (5, 22), (6, 22), (7, 22), (8, 22), (8, 23), (8, 24), (8, 25), (9, 25), (10, 25), (11, 25), (12, 25), (13, 25), (13, 24), (13, 23), (13, 22), (13, 21), (13, 20), (14, 20), (14, 19), (14, 18), (14, 17), (15, 17), (16, 17), (17, 17), (17, 16), (17, 15), (17, 14), (18, 14), (19, 14), (20, 14), (20, 15), (20, 16), (21, 16), (22, 16), (23, 16), (24, 16), (25, 16), (26, 16), (26, 17), (25, 17), (25, 17)]}, 114)