

CBSS-C STATS
starts:[618, 353, 744, 77, 947]
targets:[526, 349, 263, 138, 228, 528, 549, 1022, 223, 853, 572, 907, 589, 364, 183, 647, 940, 409, 229, 271]
dests:[781, 1005, 462, 711, 1007]
ac_dict:{526: {0, 1}, 349: {1, 2}, 263: {2, 3}, 138: {3, 4}, 781: {0}, 1005: {1}, 462: {2}, 711: {3}, 1007: {4}}
clusters:[6 1 5 2 4 4 9 5 9 9 1 6 3 8 0 0 7 9 0 6]

round: 310
best_g_value: 342.0
open_list_size: 309
num_low_level_expanded: 352251
search_success: 1
search_time: 19.88820039667189
n_tsp_call: 15
n_tsp_time: 11.982390967197716
n_roots: 1
num_conflicts: 309
target_assignment: {589: 0, 572: 1, 940: 1, 138: 3, 263: 3, 228: 3, 229: 3, 271: 3, 364: 3, 549: 3}
cluster_target_selection: {3: 589, 1: 572, 7: 940, 2: 138, 5: 263, 4: 228, 0: 229, 6: 271, 8: 364, 9: 549}
num_nodes_transformed_graph: 54
agent_paths:({0: [(10, 19), (10, 18), (10, 17), (9, 17), (8, 17), (7, 17), (6, 17), (5, 17), (4, 17), (4, 18), (5, 18), (5, 19), (5, 20), (5, 21), (5, 22), (6, 22), (7, 22), (8, 22), (8, 23), (8, 24), (8, 25), (9, 25), (10, 25), (11, 25), (12, 25), (13, 25), (13, 24), (13, 23), (13, 22), (13, 21), (13, 20), (13, 19), (13, 18), (13, 19), (13, 20), (13, 21), (13, 22), (13, 23), (13, 24), (13, 24)], 1: [(1, 11), (2, 11), (2, 12), (2, 13), (3, 13), (4, 13), (5, 13), (6, 13), (7, 13), (8, 13), (9, 13), (10, 13), (10, 14), (10, 15), (10, 16), (10, 17), (9, 17), (8, 17), (7, 17), (6, 17), (5, 17), (5, 18), (5, 19), (5, 20), (5, 21), (5, 22), (6, 22), (7, 22), (8, 22), (8, 23), (8, 24), (8, 25), (9, 25), (10, 25), (11, 25), (12, 25), (13, 25), (14, 25), (15, 25), (16, 25), (17, 25), (18, 25), (19, 25), (20, 25), (21, 25), (22, 25), (22, 24), (22, 23), (22, 22), (22, 21), (22, 20), (22, 19), (23, 19), (24, 19), (25, 19), (26, 19), (27, 19), (28, 19), (28, 18), (28, 17), (28, 18), (28, 19), (27, 19), (26, 19), (25, 19), (24, 19), (23, 19), (22, 19), (22, 20), (22, 21), (22, 22), (22, 23), (22, 24), (22, 25), (21, 25), (20, 25), (19, 25), (18, 25), (17, 25), (16, 25), (16, 26), (16, 27), (16, 28), (16, 29), (16, 30), (16, 31), (15, 31), (14, 31), (13, 31), (13, 30), (13, 29), (12, 29), (13, 29), (13, 30), (13, 31), (13, 31)], 2: [(8, 23), (8, 22), (7, 22), (6, 22), (5, 22), (5, 21), (5, 20), (5, 19), (5, 18), (5, 17), (5, 16), (6, 16), (7, 16), (8, 16), (9, 16), (10, 16), (10, 15), (10, 14), (11, 14), (12, 14), (13, 14), (14, 14), (14, 14)], 3: [(13, 2), (12, 2), (11, 2), (10, 2), (9, 2), (8, 2), (8, 3), (8, 4), (9, 4), (10, 4), (10, 5), (10, 6), (10, 7), (9, 7), (8, 7), (7, 7), (7, 8), (6, 8), (5, 8), (4, 8), (4, 7), (5, 7), (6, 7), (7, 7), (8, 7), (9, 7), (10, 7), (10, 6), (10, 5), (9, 5), (8, 5), (8, 4), (8, 3), (8, 2), (9, 2), (10, 2), (11, 2), (12, 2), (13, 2), (14, 2), (15, 2), (16, 2), (17, 2), (18, 2), (19, 2), (20, 2), (21, 2), (22, 2), (22, 3), (22, 4), (22, 5), (22, 6), (22, 7), (21, 7), (20, 7), (19, 7), (18, 7), (17, 7), (16, 7), (15, 7), (15, 8), (14, 8), (13, 8), (13, 9), (13, 10), (12, 10), (12, 11), (11, 11), (10, 11), (9, 11), (8, 11), (7, 11), (6, 11), (5, 11), (4, 11), (3, 11), (2, 11), (2, 12), (2, 13), (3, 13), (4, 13), (5, 13), (5, 14), (6, 14), (7, 14), (8, 14), (9, 14), (10, 14), (10, 15), (10, 16), (9, 16), (8, 16), (7, 16), (6, 16), (5, 16), (5, 17), (5, 18), (5, 19), (5, 20), (5, 21), (5, 22), (6, 22), (7, 22), (7, 22)], 4: [(19, 29), (20, 29), (21, 29), (22, 29), (22, 30), (22, 31), (21, 31), (20, 31), (19, 31), (18, 31), (17, 31), (17, 31), (17, 31), (17, 31), (17, 31), (17, 31), (17, 31), (17, 31), (17, 31), (17, 31), (17, 31), (17, 31), (17, 31), (17, 31), (17, 31), (17, 31), (17, 31), (17, 31), (17, 31), (17, 31), (17, 31), (17, 31), (17, 31), (17, 31), (17, 31), (17, 31), (17, 31), (17, 31), (17, 31), (17, 31), (17, 31), (17, 31), (17, 31), (17, 31), (17, 31), (17, 31), (17, 31), (17, 31), (17, 31), (17, 31), (17, 31), (17, 31), (17, 31), (17, 31), (17, 31), (17, 31), (17, 31), (17, 31), (17, 31), (17, 31), (17, 31), (17, 31), (17, 31), (17, 31), (17, 31), (17, 31), (17, 31), (17, 31), (17, 31), (17, 31), (17, 31), (17, 31), (17, 31), (17, 31), (17, 31), (17, 31), (17, 31), (17, 31), (17, 31), (17, 31), (17, 31), (17, 31), (17, 31), (17, 31), (17, 31), (17, 31), (16, 31), (15, 31), (15, 31)]}, 102)