

CBSS-C STATS
starts:[420, 406, 676, 336, 1021, 265, 706, 799, 350, 897]
targets:[721, 85, 787, 258, 953, 118, 718, 93, 346, 359]
dests:[474, 575, 572, 580, 223, 561, 973, 762, 466, 462]
ac_dict:{721: {0, 1}, 85: {1, 2}, 787: {2, 3}, 258: {3, 4}, 953: {4, 5}, 118: {5, 6}, 718: {6, 7}, 93: {8, 7}, 346: {8, 9}, 474: {0}, 575: {1}, 572: {2}, 580: {3}, 223: {4}, 561: {5}, 973: {6}, 762: {7}, 466: {8}, 462: {9}}
clusters:[3 4 1 2 4 3 3 0 0 0]

round: 5
best_g_value: 595.0
open_list_size: 4
num_low_level_expanded: 4651
search_success: 1
search_time: 0.366207093000412
n_tsp_call: 1
n_tsp_time: 0.10595328081399202
n_roots: 1
num_conflicts: 4
target_assignment: {359: 3, 787: 2, 953: 4, 258: 4, 118: 5}
cluster_target_selection: {0: 359, 1: 787, 4: 953, 2: 258, 3: 118}
num_nodes_transformed_graph: 34
agent_paths:({0: [(4, 13), (5, 13), (6, 13), (7, 13), (8, 13), (9, 13), (10, 13), (10, 14), (10, 15), (10, 16), (9, 16), (8, 16), (7, 16), (6, 16), (5, 16), (5, 17), (5, 18), (5, 19), (5, 20), (5, 21), (5, 22), (6, 22), (7, 22), (8, 22), (8, 23), (8, 24), (8, 25), (9, 25), (10, 25), (11, 25), (12, 25), (13, 25), (13, 24), (13, 23), (13, 22), (13, 21), (13, 20), (13, 19), (13, 18), (13, 17), (13, 16), (14, 16), (15, 16), (16, 16), (16, 15), (16, 14), (17, 14), (18, 14), (19, 14), (20, 14), (20, 15), (20, 16), (21, 16), (22, 16), (23, 16), (24, 16), (25, 16), (25, 15), (25, 14), (26, 14), (26, 14)], 1: [(22, 12), (23, 12), (23, 13), (24, 13), (25, 13), (25, 14), (25, 15), (25, 16), (24, 16), (23, 16), (22, 16), (21, 16), (20, 16), (19, 16), (19, 15), (19, 14), (18, 14), (17, 14), (17, 15), (17, 16), (17, 17), (16, 17), (15, 17), (14, 17), (14, 18), (14, 19), (14, 20), (14, 21), (14, 22), (14, 23), (14, 24), (14, 25), (14, 26), (15, 26), (16, 26), (17, 26), (17, 27), (17, 28), (17, 29), (17, 30), (17, 31), (18, 31), (19, 31), (20, 31), (21, 31), (22, 31), (22, 30), (22, 29), (22, 28), (23, 28), (24, 28), (25, 28), (25, 27), (25, 26), (25, 25), (26, 25), (27, 25), (28, 25), (29, 25), (30, 25), (31, 25), (31, 24), (31, 23), (31, 22), (31, 21), (31, 20), (31, 19), (31, 18), (31, 17), (31, 17)], 2: [(4, 21), (5, 21), (5, 22), (6, 22), (7, 22), (8, 22), (8, 23), (8, 24), (8, 25), (9, 25), (10, 25), (11, 25), (12, 25), (13, 25), (14, 25), (15, 25), (16, 25), (17, 25), (18, 25), (19, 25), (19, 24), (20, 24), (20, 25), (21, 25), (22, 25), (22, 24), (22, 23), (22, 22), (22, 21), (22, 20), (22, 19), (23, 19), (24, 19), (25, 19), (26, 19), (27, 19), (28, 19), (28, 18), (28, 17), (28, 17)], 3: [(16, 10), (17, 10), (18, 10), (19, 10), (19, 9), (19, 8), (18, 8), (17, 8), (16, 8), (15, 8), (14, 8), (13, 8), (13, 9), (13, 10), (12, 10), (11, 10), (10, 10), (9, 10), (8, 10), (7, 10), (7, 11), (6, 11), (5, 11), (4, 11), (3, 11), (2, 11), (2, 12), (2, 13), (3, 13), (4, 13), (4, 14), (5, 14), (6, 14), (7, 14), (8, 14), (9, 14), (10, 14), (10, 15), (10, 16), (9, 16), (8, 16), (7, 16), (6, 16), (5, 16), (4, 16), (4, 17), (4, 18), (4, 18)], 4: [(29, 31), (30, 31), (31, 31), (31, 30), (31, 29), (31, 28), (31, 27), (31, 26), (30, 26), (29, 26), (28, 26), (27, 26), (26, 26), (25, 26), (25, 27), (25, 28), (25, 29), (24, 29), (23, 29), (22, 29), (22, 30), (22, 31), (21, 31), (20, 31), (19, 31), (18, 31), (17, 31), (17, 30), (16, 30), (16, 29), (16, 28), (16, 27), (16, 26), (16, 25), (15, 25), (14, 25), (13, 25), (12, 25), (11, 25), (10, 25), (9, 25), (8, 25), (7, 25), (7, 24), (7, 23), (6, 23), (5, 23), (5, 22), (5, 21), (5, 20), (5, 19), (5, 18), (5, 17), (5, 16), (6, 16), (7, 16), (8, 16), (9, 16), (10, 16), (10, 15), (10, 14), (9, 14), (8, 14), (7, 14), (6, 14), (5, 14), (4, 14), (3, 14), (2, 14), (2, 13), (2, 12), (2, 11), (2, 10), (3, 10), (4, 10), (5, 10), (6, 10), (7, 10), (8, 10), (9, 10), (10, 10), (11, 10), (12, 10), (13, 10), (13, 9), (13, 8), (13, 7), (14, 7), (15, 7), (16, 7), (17, 7), (18, 7), (19, 7), (20, 7), (21, 7), (22, 7), (22, 6), (22, 5), (22, 4), (22, 3), (22, 2), (21, 2), (20, 2), (19, 2), (18, 2), (17, 2), (16, 2), (15, 2), (14, 2), (13, 2), (12, 2), (11, 2), (10, 2), (9, 2), (8, 2), (8, 3), (8, 4), (8, 5), (9, 5), (10, 5), (10, 6), (10, 7), (9, 7), (8, 7), (7, 7), (6, 7), (5, 7), (4, 7), (3, 7), (2, 7), (2, 8), (2, 7), (3, 7), (4, 7), (5, 7), (6, 7), (7, 7), (8, 7), (9, 7), (10, 7), (10, 6), (10, 5), (9, 5), (8, 5), (8, 4), (8, 3), (8, 2), (9, 2), (10, 2), (11, 2), (12, 2), (13, 2), (14, 2), (15, 2), (16, 2), (17, 2), (18, 2), (19, 2), (20, 2), (21, 2), (22, 2), (23, 2), (24, 2), (25, 2), (26, 2), (27, 2), (28, 2), (29, 2), (30, 2), (31, 2), (31, 3), (31, 4), (31, 5), (31, 6), (31, 6)], 5: [(9, 8), (9, 7), (10, 7), (10, 6), (10, 5), (10, 4), (9, 4), (8, 4), (8, 3), (8, 2), (9, 2), (10, 2), (11, 2), (12, 2), (13, 2), (14, 2), (15, 2), (16, 2), (17, 2), (18, 2), (19, 2), (20, 2), (21, 2), (22, 2), (22, 3), (22, 4), (22, 5), (22, 6), (22, 7), (21, 7), (20, 7), (19, 7), (18, 7), (17, 7), (17, 8), (16, 8), (15, 8), (14, 8), (14, 9), (14, 10), (14, 11), (13, 11), (12, 11), (11, 11), (10, 11), (9, 11), (8, 11), (7, 11), (6, 11), (5, 11), (4, 11), (3, 11), (2, 11), (2, 12), (2, 13), (3, 13), (4, 13), (5, 13), (6, 13), (7, 13), (8, 13), (9, 13), (10, 13), (10, 14), (10, 15), (10, 16), (10, 17), (9, 17), (8, 17), (7, 17), (6, 17), (5, 17), (5, 18), (5, 19), (5, 20), (5, 21), (5, 22), (6, 22), (7, 22), (8, 22), (8, 23), (8, 24), (8, 25), (9, 25), (10, 25), (11, 25), (12, 25), (13, 25), (13, 24), (13, 23), (13, 22), (13, 21), (13, 20), (13, 19), (13, 18), (13, 17), (14, 17), (15, 17), (16, 17), (17, 17), (17, 17)], 6: [(2, 22), (2, 21), (2, 20), (3, 20), (4, 20), (5, 20), (5, 21), (5, 22), (6, 22), (7, 22), (8, 22), (8, 23), (8, 24), (8, 25), (9, 25), (10, 25), (11, 25), (12, 25), (13, 25), (13, 26), (14, 26), (15, 26), (16, 26), (16, 27), (16, 28), (16, 29), (16, 30), (16, 31), (15, 31), (14, 31), (13, 31), (13, 30), (13, 30)], 7: [(31, 24), (31, 23), (30, 23), (29, 23), (28, 23), (27, 23), (26, 23), (26, 23)], 8: [(30, 10), (30, 11), (31, 11), (31, 12), (31, 13), (30, 13), (29, 13), (28, 13), (28, 14), (28, 15), (28, 16), (28, 17), (28, 18), (28, 19), (27, 19), (26, 19), (25, 19), (24, 19), (23, 19), (23, 20), (23, 21), (23, 22), (23, 23), (23, 24), (23, 25), (22, 25), (21, 25), (20, 25), (19, 25), (18, 25), (17, 25), (16, 25), (15, 25), (14, 25), (14, 24), (14, 23), (14, 22), (14, 21), (14, 20), (14, 19), (14, 18), (14, 17), (14, 16), (15, 16), (16, 16), (16, 15), (16, 14), (17, 14), (18, 14), (18, 14)], 9: [(1, 28), (1, 27), (1, 26), (1, 25), (1, 24), (1, 23), (1, 22), (1, 21), (1, 20), (1, 19), (2, 19), (3, 19), (4, 19), (4, 18), (4, 17), (4, 16), (5, 16), (6, 16), (7, 16), (8, 16), (9, 16), (10, 16), (10, 15), (10, 14), (11, 14), (12, 14), (13, 14), (14, 14), (14, 14)]}, 173)