

CBSS-C STATS
starts:[362, 85, 428, 844, 269, 276, 669, 157, 761, 468]
targets:[441, 78, 744, 137, 427, 474, 353, 664, 961, 685]
dests:[174, 1006, 936, 912, 241, 97, 136, 71, 91, 533]
ac_dict:{441: {0, 1}, 78: {1, 2}, 744: {2, 3}, 137: {3, 4}, 427: {4, 5}, 474: {5, 6}, 353: {6, 7}, 664: {8, 7}, 961: {8, 9}, 174: {0}, 1006: {1}, 936: {2}, 912: {3}, 241: {4}, 97: {5}, 136: {6}, 71: {7}, 91: {8}, 533: {9}}
clusters:[0 4 1 2 3 2 3 0 2 2]

round: 54
best_g_value: 510.0
open_list_size: 53
num_low_level_expanded: 35420
search_success: 1
search_time: 4.196422433946282
n_tsp_call: 12
n_tsp_time: 2.456616788636893
n_roots: 1
num_conflicts: 53
target_assignment: {744: 2, 664: 8, 685: 8, 78: 1, 353: 6}
cluster_target_selection: {1: 744, 0: 664, 2: 685, 4: 78, 3: 353}
num_nodes_transformed_graph: 48
agent_paths:({0: [(10, 11), (10, 10), (11, 10), (12, 10), (13, 10), (13, 9), (13, 8), (14, 8), (15, 8), (16, 8), (17, 8), (18, 8), (18, 7), (19, 7), (20, 7), (21, 7), (22, 7), (22, 6), (22, 5), (23, 5), (23, 4), (22, 4), (22, 3), (22, 2), (21, 2), (20, 2), (19, 2), (18, 2), (17, 2), (16, 2), (15, 2), (14, 2), (13, 2), (12, 2), (11, 2), (10, 2), (9, 2), (8, 2), (8, 3), (8, 4), (9, 4), (10, 4), (11, 4), (12, 4), (13, 4), (14, 4), (14, 5), (14, 5)], 1: [(21, 2), (20, 2), (19, 2), (18, 2), (17, 2), (16, 2), (15, 2), (14, 2), (14, 1), (15, 1), (16, 1), (17, 1), (18, 1), (19, 1), (19, 2), (20, 2), (21, 2), (22, 2), (22, 3), (22, 4), (22, 5), (22, 6), (22, 7), (21, 7), (20, 7), (19, 7), (18, 7), (18, 8), (17, 8), (16, 8), (15, 8), (14, 8), (14, 9), (14, 10), (14, 11), (13, 11), (12, 11), (11, 11), (10, 11), (9, 11), (8, 11), (7, 11), (6, 11), (5, 11), (4, 11), (3, 11), (2, 11), (2, 12), (2, 13), (3, 13), (4, 13), (5, 13), (6, 13), (7, 13), (8, 13), (9, 13), (10, 13), (10, 14), (10, 15), (10, 16), (10, 17), (9, 17), (8, 17), (7, 17), (6, 17), (5, 17), (5, 18), (5, 19), (5, 20), (5, 21), (5, 22), (6, 22), (7, 22), (7, 23), (7, 24), (7, 25), (8, 25), (9, 25), (10, 25), (11, 25), (12, 25), (13, 25), (14, 25), (14, 26), (15, 26), (16, 26), (16, 27), (17, 27), (17, 28), (17, 29), (16, 29), (16, 30), (16, 31), (15, 31), (14, 31), (14, 31)], 2: [(12, 13), (11, 13), (10, 13), (10, 14), (10, 15), (10, 16), (9, 16), (8, 16), (8, 17), (7, 17), (6, 17), (5, 17), (5, 18), (5, 19), (5, 20), (5, 21), (5, 22), (6, 22), (7, 22), (8, 22), (8, 23), (8, 24), (8, 25), (8, 26), (9, 26), (10, 26), (11, 26), (12, 26), (13, 26), (14, 26), (15, 26), (16, 26), (16, 27), (17, 27), (17, 28), (17, 29), (16, 29), (16, 30), (16, 31), (15, 31), (14, 31), (13, 31), (13, 30), (13, 29), (12, 29), (11, 29), (10, 29), (9, 29), (8, 29), (8, 29)], 3: [(12, 26), (13, 26), (14, 26), (15, 26), (16, 26), (16, 27), (16, 28), (16, 28)], 4: [(13, 8), (13, 7), (14, 7), (15, 7), (16, 7), (17, 7), (17, 7)], 5: [(20, 8), (20, 7), (21, 7), (22, 7), (22, 6), (22, 5), (22, 4), (22, 3), (22, 2), (21, 2), (20, 2), (19, 2), (18, 2), (17, 2), (16, 2), (15, 2), (14, 2), (13, 2), (12, 2), (11, 2), (10, 2), (9, 2), (8, 2), (8, 3), (8, 4), (9, 4), (10, 4), (10, 5), (10, 6), (10, 7), (9, 7), (8, 7), (7, 7), (6, 7), (5, 7), (4, 7), (3, 7), (2, 7), (1, 7), (1, 6), (1, 5), (1, 4), (1, 3), (1, 3)], 6: [(29, 20), (28, 20), (27, 20), (26, 20), (25, 20), (24, 20), (23, 20), (22, 20), (22, 21), (22, 22), (22, 23), (22, 24), (22, 25), (21, 25), (20, 25), (19, 25), (18, 25), (17, 25), (16, 25), (15, 25), (14, 25), (13, 25), (12, 25), (11, 25), (10, 25), (9, 25), (8, 25), (7, 25), (7, 24), (7, 23), (6, 23), (5, 23), (5, 22), (5, 21), (5, 20), (5, 19), (5, 18), (5, 17), (5, 16), (6, 16), (7, 16), (8, 16), (9, 16), (10, 16), (10, 15), (10, 14), (9, 14), (8, 14), (7, 14), (6, 14), (5, 14), (4, 14), (3, 14), (2, 14), (1, 14), (1, 13), (1, 12), (1, 11), (1, 10), (2, 10), (3, 10), (4, 10), (5, 10), (6, 10), (7, 10), (8, 10), (9, 10), (10, 10), (11, 10), (12, 10), (13, 10), (13, 9), (13, 8), (14, 8), (15, 8), (16, 8), (17, 8), (18, 8), (18, 7), (19, 7), (20, 7), (21, 7), (22, 7), (22, 6), (22, 5), (22, 4), (22, 3), (22, 2), (21, 2), (20, 2), (19, 2), (18, 2), (17, 2), (16, 2), (15, 2), (14, 2), (13, 2), (12, 2), (11, 2), (10, 2), (9, 2), (8, 2), (8, 3), (8, 4), (8, 4)], 7: [(29, 4), (28, 4), (28, 3), (28, 2), (27, 2), (26, 2), (25, 2), (24, 2), (23, 2), (22, 2), (21, 2), (20, 2), (19, 2), (18, 2), (17, 2), (16, 2), (15, 2), (14, 2), (13, 2), (12, 2), (11, 2), (10, 2), (9, 2), (8, 2), (7, 2), (7, 2)], 8: [(25, 23), (26, 23), (27, 23), (28, 23), (29, 23), (30, 23), (31, 23), (31, 24), (31, 25), (30, 25), (29, 25), (28, 25), (27, 25), (26, 25), (25, 25), (25, 26), (25, 27), (25, 28), (24, 28), (23, 28), (22, 28), (22, 29), (22, 30), (22, 31), (21, 31), (20, 31), (19, 31), (18, 31), (17, 31), (17, 30), (17, 29), (17, 28), (17, 27), (17, 26), (17, 25), (18, 25), (19, 25), (20, 25), (21, 25), (22, 25), (22, 24), (22, 23), (22, 22), (22, 21), (22, 20), (23, 20), (24, 20), (23, 20), (22, 20), (22, 21), (22, 22), (22, 23), (22, 24), (22, 25), (21, 25), (20, 25), (19, 25), (18, 25), (17, 25), (16, 25), (15, 25), (14, 25), (13, 25), (13, 24), (13, 23), (13, 22), (13, 21), (13, 22), (13, 23), (13, 24), (13, 25), (12, 25), (11, 25), (10, 25), (9, 25), (8, 25), (8, 24), (8, 23), (8, 22), (7, 22), (6, 22), (5, 22), (5, 21), (5, 20), (5, 19), (5, 18), (5, 17), (5, 16), (6, 16), (7, 16), (8, 16), (9, 16), (10, 16), (10, 15), (10, 14), (10, 13), (9, 13), (8, 13), (7, 13), (6, 13), (5, 13), (4, 13), (3, 13), (2, 13), (2, 12), (2, 11), (2, 10), (3, 10), (4, 10), (5, 10), (6, 10), (7, 10), (8, 10), (9, 10), (10, 10), (11, 10), (12, 10), (13, 10), (13, 9), (13, 8), (14, 8), (15, 8), (16, 8), (17, 8), (18, 8), (18, 7), (19, 7), (20, 7), (21, 7), (22, 7), (22, 6), (22, 5), (22, 4), (22, 3), (22, 2), (23, 2), (24, 2), (25, 2), (26, 2), (27, 2), (27, 2)], 9: [(20, 14), (20, 15), (20, 16), (21, 16), (21, 16)]}, 139)