

CBSS-C STATS
starts:[125, 973, 432, 611, 612, 821, 142, 333, 68, 551]
targets:[881, 817, 976, 905, 520, 842, 546, 82, 804, 637, 461, 274, 1000, 711, 331]
dests:[133, 506, 476, 240, 664, 863, 721, 762, 66, 418]
ac_dict:{881: {0, 1}, 817: {1, 2}, 976: {2, 3}, 905: {3, 4}, 520: {4, 5}, 842: {5, 6}, 546: {6, 7}, 82: {8, 7}, 804: {8, 9}, 133: {0}, 506: {1}, 476: {2}, 240: {3}, 664: {4}, 863: {5}, 721: {6}, 762: {7}, 66: {8}, 418: {9}}
clusters:[8 6 9 8 0 3 4 3 2 1 8 5 6 7 7]

round: 27
best_g_value: 530.0
open_list_size: 26
num_low_level_expanded: 15713
search_success: 1
search_time: 6.9135183352045715
n_tsp_call: 18
n_tsp_time: 5.395810725633055
n_roots: 1
num_conflicts: 26
target_assignment: {804: 9, 274: 6, 546: 6, 711: 6, 842: 6, 976: 2, 817: 2, 637: 2, 881: 1, 520: 4}
cluster_target_selection: {2: 804, 5: 274, 4: 546, 7: 711, 3: 842, 9: 976, 6: 817, 1: 637, 8: 881, 0: 520}
num_nodes_transformed_graph: 58
agent_paths:({0: [(29, 3), (28, 3), (28, 2), (27, 2), (26, 2), (25, 2), (24, 2), (23, 2), (22, 2), (21, 2), (20, 2), (19, 2), (18, 2), (17, 2), (16, 2), (16, 1), (15, 1), (14, 1), (13, 1), (12, 1), (11, 1), (10, 1), (9, 1), (8, 1), (8, 2), (8, 3), (8, 4), (9, 4), (10, 4), (10, 5), (10, 6), (10, 7), (9, 7), (8, 7), (7, 7), (6, 7), (5, 7), (4, 7), (3, 7), (2, 7), (2, 6), (2, 5), (2, 4), (3, 4), (4, 4), (5, 4), (5, 4)], 1: [(13, 30), (14, 30), (14, 31), (15, 31), (16, 31), (16, 30), (16, 29), (16, 28), (16, 27), (17, 27), (17, 26), (16, 26), (15, 26), (14, 26), (14, 26), (14, 25), (14, 24), (14, 23), (14, 22), (14, 21), (14, 20), (14, 19), (14, 18), (14, 17), (14, 16), (15, 16), (16, 16), (16, 15), (17, 15), (17, 14), (18, 14), (19, 14), (20, 14), (20, 15), (20, 16), (21, 16), (22, 16), (23, 16), (24, 16), (25, 16), (25, 15), (26, 15), (26, 15)], 2: [(16, 13), (16, 14), (16, 15), (16, 16), (16, 17), (15, 17), (14, 17), (14, 18), (14, 19), (14, 20), (14, 21), (14, 22), (14, 23), (14, 24), (14, 25), (15, 25), (16, 25), (16, 26), (16, 27), (16, 28), (16, 29), (16, 30), (16, 29), (16, 28), (16, 27), (16, 26), (16, 25), (17, 25), (18, 25), (19, 25), (20, 25), (21, 25), (22, 25), (22, 24), (22, 23), (22, 22), (22, 21), (22, 20), (22, 19), (23, 19), (24, 19), (25, 19), (26, 19), (27, 19), (28, 19), (29, 19), (28, 19), (28, 18), (28, 17), (28, 16), (28, 15), (28, 14), (28, 14)], 3: [(3, 19), (4, 19), (4, 18), (5, 18), (5, 17), (5, 16), (6, 16), (7, 16), (8, 16), (9, 16), (10, 16), (10, 15), (10, 14), (10, 13), (9, 13), (8, 13), (7, 13), (6, 13), (5, 13), (4, 13), (3, 13), (2, 13), (2, 12), (2, 11), (2, 10), (3, 10), (4, 10), (5, 10), (6, 10), (7, 10), (8, 10), (9, 10), (10, 10), (11, 10), (12, 10), (13, 10), (13, 9), (13, 8), (13, 7), (14, 7), (15, 7), (16, 7), (16, 7)], 4: [(4, 19), (4, 18), (4, 17), (4, 16), (5, 16), (6, 16), (7, 16), (8, 16), (8, 17), (7, 17), (6, 17), (5, 17), (5, 18), (5, 19), (5, 20), (5, 21), (5, 22), (6, 22), (7, 22), (8, 22), (8, 23), (8, 24), (8, 25), (9, 25), (10, 25), (11, 25), (12, 25), (13, 25), (14, 25), (15, 25), (16, 25), (17, 25), (18, 25), (19, 25), (20, 25), (21, 25), (22, 25), (22, 24), (22, 23), (22, 22), (22, 21), (22, 20), (23, 20), (24, 20), (24, 20)], 5: [(21, 25), (21, 26), (20, 26), (19, 26), (18, 26), (17, 26), (17, 27), (17, 28), (17, 29), (17, 30), (17, 31), (18, 31), (19, 31), (20, 31), (21, 31), (22, 31), (22, 30), (22, 29), (22, 28), (23, 28), (24, 28), (25, 28), (25, 27), (25, 26), (26, 26), (27, 26), (28, 26), (29, 26), (30, 26), (31, 26), (31, 26)], 6: [(14, 4), (13, 4), (12, 4), (11, 4), (10, 4), (9, 4), (8, 4), (8, 3), (8, 2), (9, 2), (10, 2), (11, 2), (12, 2), (13, 2), (14, 2), (15, 2), (16, 2), (17, 2), (18, 2), (19, 2), (20, 2), (21, 2), (22, 2), (22, 3), (22, 4), (22, 5), (22, 6), (22, 7), (21, 7), (20, 7), (19, 7), (18, 7), (18, 8), (17, 8), (16, 8), (15, 8), (14, 8), (14, 9), (13, 9), (13, 10), (12, 10), (11, 10), (10, 10), (9, 10), (8, 10), (7, 10), (6, 10), (5, 10), (4, 10), (3, 10), (2, 10), (2, 11), (2, 12), (2, 13), (2, 14), (2, 15), (2, 16), (2, 17), (2, 16), (2, 15), (2, 14), (3, 14), (4, 14), (5, 14), (6, 14), (7, 14), (8, 14), (9, 14), (10, 14), (10, 15), (10, 16), (9, 16), (8, 16), (7, 16), (7, 17), (6, 17), (5, 17), (5, 18), (5, 19), (5, 20), (5, 21), (5, 22), (6, 22), (7, 22), (8, 22), (8, 23), (8, 24), (8, 25), (9, 25), (10, 25), (10, 26), (10, 25), (11, 25), (12, 25), (13, 25), (13, 24), (13, 23), (13, 22), (14, 22), (14, 21), (14, 20), (14, 19), (14, 18), (14, 17), (15, 17), (16, 17), (17, 17), (17, 16), (17, 15), (17, 14), (18, 14), (19, 14), (19, 15), (19, 16), (19, 17), (19, 18), (19, 19), (18, 19), (17, 19), (17, 20), (17, 21), (17, 22), (17, 22)], 7: [(13, 10), (13, 11), (12, 11), (11, 11), (10, 11), (9, 11), (8, 11), (7, 11), (6, 11), (5, 11), (4, 11), (3, 11), (2, 11), (2, 12), (2, 13), (3, 13), (4, 13), (4, 14), (5, 14), (6, 14), (7, 14), (8, 14), (9, 14), (10, 14), (10, 15), (10, 16), (10, 17), (9, 17), (8, 17), (7, 17), (6, 17), (5, 17), (5, 18), (5, 19), (5, 20), (5, 21), (5, 22), (6, 22), (7, 22), (8, 22), (8, 23), (8, 24), (8, 25), (9, 25), (10, 25), (11, 25), (12, 25), (13, 25), (14, 25), (15, 25), (16, 25), (17, 25), (17, 26), (17, 27), (17, 28), (17, 29), (17, 30), (17, 31), (18, 31), (19, 31), (20, 31), (21, 31), (22, 31), (22, 30), (22, 29), (22, 28), (23, 28), (24, 28), (25, 28), (25, 27), (25, 26), (25, 25), (26, 25), (27, 25), (28, 25), (29, 25), (30, 25), (31, 25), (31, 24), (31, 23), (30, 23), (29, 23), (28, 23), (27, 23), (26, 23), (26, 23)], 8: [(4, 2), (4, 3), (4, 4), (3, 4), (2, 4), (2, 3), (2, 2), (2, 2)], 9: [(7, 17), (6, 17), (5, 17), (4, 17), (4, 18), (4, 19), (4, 20), (3, 20), (2, 20), (2, 21), (2, 22), (2, 23), (2, 24), (2, 25), (2, 26), (2, 27), (2, 28), (2, 29), (2, 30), (2, 31), (3, 31), (4, 31), (4, 30), (4, 29), (4, 28), (4, 27), (4, 26), (4, 25), (4, 26), (4, 27), (4, 28), (4, 29), (4, 30), (4, 31), (3, 31), (2, 31), (2, 30), (2, 29), (2, 28), (2, 27), (2, 26), (2, 25), (2, 24), (2, 23), (2, 22), (2, 21), (2, 20), (2, 19), (3, 19), (4, 19), (4, 18), (4, 17), (4, 16), (5, 16), (6, 16), (7, 16), (8, 16), (9, 16), (10, 16), (10, 15), (10, 14), (9, 14), (8, 14), (7, 14), (7, 13), (6, 13), (5, 13), (4, 13), (3, 13), (2, 13), (2, 13)]}, 121)