

CBSS-C STATS
starts:[90, 452, 767, 631, 46]
targets:[1015, 194, 406, 802, 170, 688, 997, 632, 478, 607]
dests:[1021, 729, 63, 619, 971]
ac_dict:{1015: {0, 1}, 194: {1, 2}, 406: {2, 3}, 802: {3, 4}, 1021: {0}, 729: {1}, 63: {2}, 619: {3}, 971: {4}}
clusters:[3 0 1 0 0 2 2 0 0 4]

round: 2
best_g_value: 497.0
open_list_size: 1
num_low_level_expanded: 2748
search_success: 1
search_time: 0.42376011796295643
n_tsp_call: 1
n_tsp_time: 0.3138749338686466
n_roots: 1
num_conflicts: 1
target_assignment: {632: 3, 688: 3, 406: 3, 1015: 1, 607: 1}
cluster_target_selection: {0: 632, 2: 688, 1: 406, 3: 1015, 4: 607}
num_nodes_transformed_graph: 48
agent_paths:({0: [(26, 2), (25, 2), (24, 2), (23, 2), (23, 3), (23, 4), (23, 5), (23, 6), (23, 7), (23, 8), (22, 8), (21, 8), (20, 8), (19, 8), (18, 8), (17, 8), (16, 8), (15, 8), (14, 8), (14, 9), (14, 10), (14, 11), (13, 11), (12, 11), (11, 11), (10, 11), (9, 11), (8, 11), (7, 11), (6, 11), (5, 11), (4, 11), (3, 11), (2, 11), (2, 12), (2, 13), (3, 13), (4, 13), (5, 13), (6, 13), (7, 13), (8, 13), (9, 13), (10, 13), (10, 14), (10, 15), (10, 16), (10, 17), (9, 17), (8, 17), (7, 17), (6, 17), (5, 17), (5, 18), (5, 19), (5, 20), (5, 21), (5, 22), (6, 22), (7, 22), (8, 22), (8, 23), (8, 24), (8, 25), (9, 25), (10, 25), (11, 25), (12, 25), (13, 25), (14, 25), (15, 25), (16, 25), (17, 25), (17, 26), (17, 27), (17, 28), (17, 29), (17, 30), (17, 31), (18, 31), (19, 31), (20, 31), (21, 31), (22, 31), (23, 31), (23, 30), (23, 29), (24, 29), (25, 29), (26, 29), (26, 28), (26, 27), (26, 26), (27, 26), (28, 26), (29, 26), (30, 26), (31, 26), (31, 27), (31, 28), (31, 29), (31, 30), (31, 31), (30, 31), (29, 31), (29, 31)], 1: [(4, 14), (5, 14), (6, 14), (7, 14), (8, 14), (9, 14), (10, 14), (10, 15), (10, 16), (10, 17), (9, 17), (8, 17), (7, 17), (6, 17), (5, 17), (5, 18), (5, 19), (5, 20), (5, 21), (5, 22), (6, 22), (7, 22), (8, 22), (8, 23), (8, 24), (8, 25), (9, 25), (10, 25), (11, 25), (12, 25), (13, 25), (13, 26), (14, 26), (15, 26), (16, 26), (17, 26), (17, 27), (17, 28), (17, 29), (17, 30), (17, 31), (18, 31), (19, 31), (20, 31), (21, 31), (22, 31), (23, 31), (23, 30), (23, 29), (23, 28), (24, 28), (25, 28), (25, 27), (25, 26), (25, 25), (26, 25), (27, 25), (28, 25), (29, 25), (30, 25), (31, 25), (31, 24), (31, 23), (31, 22), (31, 21), (31, 20), (31, 19), (31, 18), (31, 19), (31, 20), (31, 21), (31, 22), (30, 22), (29, 22), (28, 22), (27, 22), (26, 22), (25, 22), (25, 22)], 2: [(31, 23), (31, 24), (31, 25), (30, 25), (29, 25), (28, 25), (27, 25), (26, 25), (25, 25), (25, 26), (25, 27), (25, 28), (24, 28), (23, 28), (22, 28), (22, 29), (22, 30), (22, 31), (21, 31), (20, 31), (19, 31), (18, 31), (17, 31), (17, 30), (17, 29), (17, 28), (17, 27), (17, 26), (17, 25), (16, 25), (15, 25), (14, 25), (13, 25), (12, 25), (11, 25), (10, 25), (9, 25), (8, 25), (8, 24), (8, 23), (8, 22), (7, 22), (6, 22), (5, 22), (5, 21), (5, 20), (5, 19), (5, 18), (5, 17), (5, 16), (6, 16), (7, 16), (8, 16), (9, 16), (10, 16), (10, 15), (10, 14), (10, 13), (9, 13), (8, 13), (7, 13), (6, 13), (5, 13), (4, 13), (3, 13), (2, 13), (2, 12), (2, 11), (2, 10), (3, 10), (4, 10), (5, 10), (6, 10), (7, 10), (8, 10), (9, 10), (10, 10), (11, 10), (12, 10), (13, 10), (13, 9), (13, 8), (13, 7), (14, 7), (15, 7), (16, 7), (17, 7), (18, 7), (19, 7), (20, 7), (21, 7), (22, 7), (22, 6), (22, 5), (22, 4), (22, 3), (22, 2), (22, 1), (23, 1), (24, 1), (25, 1), (26, 1), (27, 1), (28, 1), (29, 1), (30, 1), (31, 1), (31, 1)], 3: [(23, 19), (24, 19), (23, 19), (22, 19), (22, 20), (22, 21), (22, 22), (22, 23), (22, 24), (22, 25), (21, 25), (20, 25), (19, 25), (18, 25), (17, 25), (16, 25), (15, 25), (14, 25), (14, 24), (14, 23), (14, 22), (14, 21), (14, 20), (14, 19), (14, 18), (14, 17), (15, 17), (16, 17), (16, 16), (16, 15), (16, 14), (17, 14), (18, 14), (19, 14), (19, 15), (19, 16), (19, 17), (19, 18), (19, 19), (18, 19), (17, 19), (16, 19), (16, 20), (16, 21), (16, 20), (16, 19), (17, 19), (18, 19), (19, 19), (19, 18), (19, 17), (19, 16), (20, 16), (21, 16), (22, 16), (23, 16), (24, 16), (25, 16), (25, 15), (25, 14), (24, 14), (23, 14), (22, 14), (22, 13), (22, 12), (22, 13), (22, 14), (23, 14), (24, 14), (25, 14), (25, 15), (25, 16), (24, 16), (23, 16), (22, 16), (21, 16), (20, 16), (19, 16), (19, 15), (19, 14), (18, 14), (17, 14), (16, 14), (16, 15), (16, 16), (15, 16), (14, 16), (13, 16), (13, 17), (13, 18), (13, 19), (13, 20), (13, 21), (13, 22), (13, 23), (13, 24), (13, 25), (12, 25), (11, 25), (10, 25), (9, 25), (8, 25), (8, 24), (8, 23), (8, 22), (7, 22), (6, 22), (5, 22), (5, 21), (5, 20), (5, 19), (5, 18), (5, 17), (6, 17), (7, 17), (8, 17), (9, 17), (10, 17), (11, 17), (11, 18), (11, 19), (11, 19)], 4: [(14, 1), (14, 2), (15, 2), (16, 2), (17, 2), (18, 2), (19, 2), (20, 2), (21, 2), (22, 2), (22, 3), (22, 4), (22, 5), (22, 6), (22, 7), (21, 7), (20, 7), (19, 7), (18, 7), (17, 7), (16, 7), (15, 7), (14, 7), (13, 7), (13, 8), (13, 9), (13, 10), (12, 10), (11, 10), (11, 11), (10, 11), (9, 11), (8, 11), (7, 11), (6, 11), (5, 11), (4, 11), (3, 11), (2, 11), (2, 12), (2, 13), (3, 13), (4, 13), (5, 13), (6, 13), (7, 13), (8, 13), (9, 13), (10, 13), (10, 14), (10, 15), (10, 16), (10, 17), (9, 17), (8, 17), (7, 17), (6, 17), (5, 17), (5, 18), (5, 19), (5, 20), (5, 21), (5, 22), (6, 22), (7, 22), (8, 22), (8, 23), (8, 24), (8, 25), (9, 25), (10, 25), (11, 25), (11, 26), (12, 26), (13, 26), (14, 26), (15, 26), (16, 26), (16, 27), (16, 28), (16, 29), (16, 30), (16, 31), (15, 31), (14, 31), (13, 31), (13, 30), (13, 29), (12, 29), (11, 29), (11, 30), (11, 30)]}, 120)