

CBSS-C STATS
starts:[454, 245, 455, 234, 766]
targets:[370, 897, 332, 788, 712, 369, 377, 371, 95, 663]
dests:[805, 523, 641, 252, 179]
ac_dict:{370: {0, 1}, 897: {1, 2}, 332: {2, 3}, 788: {3, 4}, 805: {0}, 523: {1}, 641: {2}, 252: {3}, 179: {4}}
clusters:[1 2 2 3 1 2 0 4 3 1]

round: 1
best_g_value: 354.0
open_list_size: 0
num_low_level_expanded: 1547
search_success: 1
search_time: 0.14391780737787485
n_tsp_call: 1
n_tsp_time: 0.08564885426312685
n_roots: 1
num_conflicts: 0
target_assignment: {788: 4, 371: 3, 332: 3, 712: 3, 377: 3}
cluster_target_selection: {3: 788, 4: 371, 2: 332, 1: 712, 0: 377}
num_nodes_transformed_graph: 29
agent_paths:({0: [(6, 14), (7, 14), (8, 14), (9, 14), (10, 14), (10, 15), (10, 16), (9, 16), (8, 16), (7, 16), (6, 16), (5, 16), (5, 17), (5, 18), (5, 19), (5, 20), (4, 20), (3, 20), (2, 20), (2, 21), (2, 22), (2, 23), (2, 24), (2, 25), (2, 26), (2, 27), (2, 28), (2, 29), (2, 30), (2, 31), (3, 31), (4, 31), (4, 30), (4, 29), (4, 28), (4, 27), (4, 26), (4, 25), (5, 25), (5, 25)], 1: [(21, 7), (20, 7), (19, 7), (18, 7), (17, 7), (16, 7), (15, 7), (14, 7), (13, 7), (13, 8), (13, 9), (13, 10), (12, 10), (11, 10), (11, 11), (10, 11), (9, 11), (8, 11), (7, 11), (6, 11), (5, 11), (4, 11), (3, 11), (2, 11), (2, 12), (2, 13), (3, 13), (4, 13), (5, 13), (6, 13), (7, 13), (8, 13), (9, 13), (10, 13), (11, 13), (11, 14), (11, 15), (11, 16), (11, 16)], 2: [(7, 14), (8, 14), (9, 14), (10, 14), (10, 15), (10, 16), (9, 16), (8, 16), (7, 16), (6, 16), (5, 16), (4, 16), (4, 17), (4, 18), (4, 19), (3, 19), (2, 19), (1, 19), (1, 20), (1, 20)], 3: [(10, 7), (10, 6), (10, 5), (9, 5), (8, 5), (8, 4), (8, 3), (8, 2), (9, 2), (10, 2), (11, 2), (12, 2), (13, 2), (14, 2), (15, 2), (16, 2), (17, 2), (18, 2), (19, 2), (20, 2), (21, 2), (22, 2), (22, 3), (22, 4), (22, 5), (22, 6), (22, 7), (21, 7), (20, 7), (19, 7), (19, 8), (19, 9), (19, 10), (19, 11), (19, 10), (19, 9), (19, 8), (18, 8), (17, 8), (16, 8), (15, 8), (14, 8), (13, 8), (13, 9), (13, 10), (12, 10), (11, 10), (10, 10), (9, 10), (8, 10), (8, 11), (7, 11), (6, 11), (5, 11), (4, 11), (3, 11), (2, 11), (2, 12), (2, 13), (3, 13), (4, 13), (5, 13), (6, 13), (7, 13), (8, 13), (8, 14), (9, 14), (10, 14), (10, 15), (10, 16), (9, 16), (8, 16), (8, 17), (7, 17), (6, 17), (5, 17), (5, 18), (5, 19), (5, 20), (5, 21), (5, 22), (6, 22), (7, 22), (8, 22), (8, 23), (8, 24), (8, 25), (9, 25), (10, 25), (11, 25), (12, 25), (13, 25), (13, 24), (13, 23), (13, 22), (13, 21), (13, 20), (13, 19), (13, 18), (13, 17), (13, 16), (14, 16), (15, 16), (16, 16), (16, 15), (16, 14), (17, 14), (18, 14), (19, 14), (20, 14), (20, 15), (20, 16), (21, 16), (22, 16), (23, 16), (24, 16), (25, 16), (25, 15), (25, 14), (25, 13), (25, 12), (25, 11), (25, 10), (25, 9), (25, 8), (25, 7), (26, 7), (27, 7), (28, 7), (28, 7)], 4: [(30, 23), (31, 23), (31, 24), (31, 25), (30, 25), (29, 25), (28, 25), (27, 25), (26, 25), (25, 25), (25, 26), (25, 27), (25, 28), (24, 28), (23, 28), (22, 28), (22, 29), (22, 30), (22, 31), (21, 31), (20, 31), (19, 31), (18, 31), (17, 31), (17, 30), (17, 29), (17, 28), (17, 27), (17, 26), (17, 25), (18, 25), (19, 25), (19, 24), (20, 24), (19, 24), (19, 25), (18, 25), (17, 25), (16, 25), (15, 25), (14, 25), (13, 25), (12, 25), (11, 25), (10, 25), (9, 25), (8, 25), (8, 24), (8, 23), (8, 22), (7, 22), (6, 22), (5, 22), (5, 21), (5, 20), (5, 19), (5, 18), (5, 17), (5, 16), (6, 16), (7, 16), (8, 16), (9, 16), (10, 16), (10, 15), (10, 14), (10, 13), (9, 13), (8, 13), (7, 13), (6, 13), (5, 13), (4, 13), (3, 13), (2, 13), (2, 12), (2, 11), (2, 10), (3, 10), (4, 10), (5, 10), (6, 10), (7, 10), (8, 10), (9, 10), (10, 10), (11, 10), (12, 10), (13, 10), (13, 9), (13, 8), (13, 7), (14, 7), (15, 7), (16, 7), (17, 7), (18, 7), (19, 7), (20, 7), (21, 7), (22, 7), (22, 6), (22, 5), (22, 4), (22, 3), (22, 2), (21, 2), (20, 2), (19, 2), (18, 2), (17, 2), (16, 2), (15, 2), (14, 2), (13, 2), (12, 2), (11, 2), (10, 2), (9, 2), (8, 2), (8, 3), (8, 4), (9, 4), (10, 4), (11, 4), (12, 4), (13, 4), (14, 4), (15, 4), (16, 4), (17, 4), (18, 4), (19, 4), (19, 5), (19, 5)]}, 133)