

CBSS-C STATS
starts:[325, 1023, 287, 532, 127]
targets:[573, 372, 1018, 52, 322, 60, 929, 42, 370, 965, 145, 543, 775, 559, 677, 915, 462, 470, 147, 844]
dests:[284, 332, 551, 949, 930]
ac_dict:{573: {0, 1}, 372: {1, 2}, 1018: {2, 3}, 52: {3, 4}, 284: {0}, 332: {1}, 551: {2}, 949: {3}, 930: {4}}
clusters:[1 6 7 6 6 7 3 5 4 5 9 2 4 0 4 3 6 6 6 8]

round: 1
best_g_value: 441.0
open_list_size: 0
num_low_level_expanded: 1497
search_success: 1
search_time: 0.9833298521116376
n_tsp_call: 1
n_tsp_time: 0.9118369091302156
n_roots: 1
num_conflicts: 0
target_assignment: {322: 0, 775: 0, 844: 0, 543: 1, 573: 1, 559: 3, 60: 4, 42: 4, 145: 4, 929: 4}
cluster_target_selection: {6: 322, 4: 775, 8: 844, 2: 543, 1: 573, 0: 559, 7: 60, 5: 42, 9: 145, 3: 929}
num_nodes_transformed_graph: 54
agent_paths:({0: [(5, 10), (4, 10), (3, 10), (2, 10), (2, 11), (2, 12), (2, 13), (3, 13), (4, 13), (5, 13), (6, 13), (7, 13), (7, 14), (8, 14), (9, 14), (10, 14), (10, 15), (10, 16), (9, 16), (8, 16), (7, 16), (7, 17), (6, 17), (5, 17), (5, 18), (5, 19), (5, 20), (5, 21), (5, 22), (6, 22), (7, 22), (7, 23), (7, 24), (8, 24), (8, 25), (9, 25), (10, 25), (11, 25), (12, 25), (12, 26), (12, 25), (13, 25), (13, 24), (13, 23), (13, 22), (13, 21), (13, 20), (13, 19), (13, 18), (13, 17), (13, 16), (14, 16), (15, 16), (16, 16), (16, 15), (16, 14), (17, 14), (18, 14), (19, 14), (20, 14), (20, 15), (20, 16), (21, 16), (22, 16), (23, 16), (24, 16), (25, 16), (25, 15), (25, 14), (25, 13), (25, 12), (25, 11), (25, 10), (25, 9), (25, 8), (26, 8), (27, 8), (28, 8), (28, 8)], 1: [(31, 31), (31, 30), (31, 29), (31, 28), (31, 27), (31, 26), (31, 25), (31, 24), (31, 23), (31, 22), (31, 21), (31, 20), (31, 19), (31, 18), (31, 17), (31, 16), (31, 17), (31, 18), (31, 19), (31, 20), (31, 21), (31, 22), (31, 23), (31, 24), (31, 25), (30, 25), (29, 25), (28, 25), (27, 25), (26, 25), (25, 25), (25, 26), (25, 27), (25, 28), (24, 28), (23, 28), (22, 28), (22, 29), (22, 30), (22, 31), (21, 31), (20, 31), (19, 31), (18, 31), (17, 31), (17, 30), (17, 29), (17, 28), (17, 27), (17, 26), (17, 25), (18, 25), (19, 25), (20, 25), (21, 25), (22, 25), (22, 24), (22, 23), (22, 22), (22, 21), (22, 20), (22, 19), (23, 19), (24, 19), (25, 19), (26, 19), (27, 19), (28, 19), (28, 18), (28, 17), (29, 17), (28, 17), (28, 18), (28, 19), (27, 19), (26, 19), (25, 19), (24, 19), (23, 19), (22, 19), (22, 20), (22, 21), (22, 22), (22, 23), (22, 24), (22, 25), (21, 25), (20, 25), (19, 25), (18, 25), (17, 25), (16, 25), (15, 25), (14, 25), (13, 25), (12, 25), (11, 25), (10, 25), (9, 25), (8, 25), (8, 24), (8, 23), (8, 22), (7, 22), (6, 22), (5, 22), (5, 21), (5, 20), (5, 19), (5, 18), (5, 17), (5, 16), (6, 16), (7, 16), (8, 16), (9, 16), (10, 16), (10, 15), (10, 14), (10, 13), (9, 13), (8, 13), (7, 13), (6, 13), (5, 13), (4, 13), (3, 13), (2, 13), (2, 12), (2, 11), (2, 10), (3, 10), (4, 10), (5, 10), (6, 10), (7, 10), (8, 10), (9, 10), (10, 10), (11, 10), (12, 10), (12, 10)], 2: [(31, 8), (31, 7), (31, 6), (31, 5), (31, 4), (31, 3), (31, 2), (30, 2), (29, 2), (28, 2), (27, 2), (26, 2), (25, 2), (24, 2), (23, 2), (22, 2), (22, 3), (22, 4), (22, 5), (22, 6), (22, 7), (21, 7), (20, 7), (19, 7), (18, 7), (17, 7), (16, 7), (15, 7), (14, 7), (13, 7), (13, 8), (13, 9), (13, 10), (12, 10), (11, 10), (10, 10), (9, 10), (8, 10), (7, 10), (7, 11), (6, 11), (5, 11), (4, 11), (3, 11), (2, 11), (2, 12), (2, 13), (3, 13), (4, 13), (5, 13), (6, 13), (7, 13), (7, 14), (8, 14), (9, 14), (10, 14), (10, 15), (10, 16), (9, 16), (8, 16), (7, 16), (7, 17), (7, 17)], 3: [(20, 16), (19, 16), (19, 15), (19, 14), (18, 14), (17, 14), (16, 14), (16, 15), (16, 16), (15, 16), (15, 17), (14, 17), (14, 18), (14, 19), (14, 20), (14, 21), (14, 22), (14, 23), (14, 24), (14, 25), (15, 25), (16, 25), (17, 25), (17, 26), (17, 27), (17, 28), (17, 29), (17, 30), (17, 31), (18, 31), (19, 31), (20, 31), (21, 31), (22, 31), (22, 30), (22, 29), (21, 29), (21, 29)], 4: [(31, 3), (31, 2), (30, 2), (29, 2), (28, 2), (28, 1), (27, 1), (26, 1), (25, 1), (24, 1), (23, 1), (22, 1), (21, 1), (20, 1), (19, 1), (18, 1), (17, 1), (16, 1), (15, 1), (14, 1), (13, 1), (12, 1), (11, 1), (10, 1), (10, 2), (9, 2), (8, 2), (8, 3), (8, 4), (9, 4), (10, 4), (11, 4), (12, 4), (13, 4), (14, 4), (15, 4), (16, 4), (17, 4), (16, 4), (15, 4), (14, 4), (13, 4), (12, 4), (11, 4), (10, 4), (9, 4), (8, 4), (8, 3), (8, 2), (9, 2), (10, 2), (11, 2), (12, 2), (13, 2), (14, 2), (15, 2), (16, 2), (17, 2), (18, 2), (19, 2), (20, 2), (21, 2), (22, 2), (22, 3), (22, 4), (22, 5), (22, 6), (22, 7), (21, 7), (20, 7), (19, 7), (18, 7), (17, 7), (16, 7), (15, 7), (14, 7), (13, 7), (13, 8), (13, 9), (13, 10), (12, 10), (11, 10), (10, 10), (9, 10), (8, 10), (7, 10), (6, 10), (5, 10), (4, 10), (3, 10), (2, 10), (2, 11), (2, 12), (2, 13), (2, 14), (3, 14), (4, 14), (5, 14), (6, 14), (7, 14), (8, 14), (9, 14), (10, 14), (10, 15), (10, 16), (9, 16), (8, 16), (7, 16), (6, 16), (5, 16), (4, 16), (4, 17), (4, 18), (4, 19), (3, 19), (2, 19), (1, 19), (1, 20), (1, 21), (1, 22), (1, 23), (1, 24), (1, 25), (1, 26), (1, 27), (1, 28), (1, 29), (2, 29), (2, 29)]}, 140)