

CBSS-C STATS
starts:[126, 649, 692, 122, 939]
targets:[311, 176, 480, 111, 281, 219, 474, 977, 223, 507, 494, 742, 313, 9, 485, 333, 854, 973, 849, 431, 505, 607, 175, 495, 587, 443, 785, 115, 671, 462, 503, 471, 1019, 17, 182, 1017, 389, 358, 873, 835, 662, 338, 378, 630, 974]
dests:[318, 346, 185, 968, 833]
ac_dict:{311: {0, 1}, 176: {1, 2}, 480: {2, 3}, 111: {3, 4}, 318: {0}, 346: {1}, 185: {2}, 968: {3}, 833: {4}}
clusters:[38 41 42  6 13  3 17 11 40 25  5  7  8 33 30 37 21 16 29 31 26 24 14 39
  4  1 20 36 34 32 15  9 23 27 18 22  2 12 44 43 10 28 19 35  0]

round: 1
best_g_value: 284.0
open_list_size: 0
num_low_level_expanded: 532
search_success: 1
search_time: 31.35149798700877
n_tsp_call: 1
n_tsp_time: 31.248261132001062
n_roots: 1
num_conflicts: 0
target_assignment: {223: 0, 835: 4, 785: 2, 849: 2, 977: 2, 974: 2, 973: 2, 1019: 2, 1017: 2, 854: 2, 662: 2, 630: 2, 503: 2, 471: 2, 607: 2, 671: 2, 507: 2, 505: 2, 474: 2, 443: 2, 378: 2, 313: 2, 281: 2, 219: 2, 587: 1, 462: 1, 494: 1, 495: 1, 431: 1, 338: 1, 333: 1, 175: 1, 176: 1, 182: 1, 311: 1, 115: 3, 17: 3, 111: 3, 9: 3, 358: 3, 389: 3, 485: 3, 480: 3, 742: 3, 873: 3}
cluster_target_selection: {40: 223, 43: 835, 20: 785, 29: 849, 11: 977, 0: 974, 16: 973, 23: 1019, 22: 1017, 21: 854, 10: 662, 35: 630, 15: 503, 9: 471, 24: 607, 34: 671, 25: 507, 26: 505, 17: 474, 1: 443, 19: 378, 8: 313, 13: 281, 3: 219, 4: 587, 32: 462, 5: 494, 39: 495, 31: 431, 28: 338, 37: 333, 14: 175, 41: 176, 18: 182, 38: 311, 36: 115, 27: 17, 6: 111, 33: 9, 12: 358, 2: 389, 30: 485, 42: 480, 7: 742, 44: 873}
num_nodes_transformed_graph: 223
agent_paths:({0: [(30, 3), (30, 4), (30, 5), (31, 5), (31, 6), (31, 7), (31, 8), (31, 9), (30, 9), (30, 9)], 1: [(9, 20), (9, 19), (9, 18), (10, 18), (11, 18), (11, 17), (11, 16), (11, 15), (11, 14), (12, 14), (13, 14), (14, 14), (14, 15), (15, 15), (15, 14), (15, 13), (15, 14), (16, 14), (17, 14), (17, 13), (18, 13), (18, 12), (18, 11), (18, 10), (17, 10), (17, 9), (16, 9), (15, 9), (14, 9), (13, 9), (13, 10), (13, 9), (14, 9), (14, 8), (14, 7), (14, 6), (14, 5), (15, 5), (16, 5), (17, 5), (18, 5), (19, 5), (19, 6), (19, 7), (20, 7), (21, 7), (21, 6), (21, 5), (22, 5), (23, 5), (23, 6), (23, 7), (23, 8), (23, 9), (24, 9), (25, 9), (26, 9), (26, 10), (26, 10)], 2: [(20, 21), (19, 21), (18, 21), (17, 21), (17, 22), (17, 23), (17, 24), (17, 25), (17, 26), (17, 27), (18, 27), (18, 28), (18, 29), (17, 29), (17, 30), (17, 31), (16, 31), (15, 31), (14, 31), (14, 30), (13, 30), (14, 30), (15, 30), (15, 31), (16, 31), (17, 31), (18, 31), (19, 31), (20, 31), (21, 31), (22, 31), (23, 31), (24, 31), (25, 31), (26, 31), (27, 31), (26, 31), (25, 31), (24, 31), (23, 31), (23, 30), (23, 29), (23, 28), (23, 27), (22, 27), (22, 26), (22, 25), (23, 25), (23, 24), (23, 23), (22, 23), (22, 22), (22, 21), (22, 20), (22, 19), (22, 18), (22, 17), (22, 16), (22, 15), (23, 15), (23, 14), (23, 15), (22, 15), (22, 16), (22, 17), (23, 17), (23, 18), (24, 18), (25, 18), (26, 18), (27, 18), (28, 18), (29, 18), (30, 18), (31, 18), (31, 19), (31, 20), (31, 19), (30, 19), (29, 19), (29, 18), (28, 18), (27, 18), (27, 17), (27, 16), (27, 15), (26, 15), (25, 15), (25, 14), (26, 14), (26, 13), (27, 13), (27, 12), (27, 11), (26, 11), (25, 11), (25, 10), (25, 9), (25, 8), (25, 7), (25, 6), (26, 6), (27, 6), (26, 6), (25, 6), (25, 5), (25, 5)], 3: [(26, 3), (25, 3), (24, 3), (23, 3), (22, 3), (21, 3), (21, 2), (21, 1), (20, 1), (19, 1), (19, 2), (19, 3), (18, 3), (17, 3), (17, 2), (17, 1), (17, 0), (17, 1), (17, 2), (16, 2), (15, 2), (15, 3), (14, 3), (13, 3), (12, 3), (11, 3), (10, 3), (9, 3), (9, 2), (9, 1), (9, 0), (9, 1), (8, 1), (7, 1), (6, 1), (6, 2), (6, 3), (6, 4), (6, 5), (6, 6), (6, 7), (6, 8), (6, 9), (6, 10), (6, 11), (5, 11), (5, 12), (5, 13), (5, 14), (5, 15), (6, 15), (6, 16), (6, 17), (5, 17), (5, 18), (5, 19), (4, 19), (3, 19), (2, 19), (2, 18), (2, 17), (2, 16), (2, 15), (1, 15), (0, 15), (1, 15), (2, 15), (2, 16), (2, 17), (2, 18), (2, 19), (2, 20), (2, 21), (3, 21), (3, 22), (4, 22), (5, 22), (6, 22), (6, 23), (7, 23), (7, 22), (7, 21), (8, 21), (9, 21), (9, 22), (9, 23), (10, 23), (11, 23), (11, 24), (11, 25), (10, 25), (9, 25), (9, 26), (9, 27), (10, 27), (10, 28), (10, 29), (9, 29), (9, 30), (8, 30), (8, 30)], 4: [(11, 29), (10, 29), (9, 29), (9, 30), (8, 30), (7, 30), (6, 30), (5, 30), (4, 30), (3, 30), (3, 29), (3, 28), (3, 27), (3, 26), (2, 26), (1, 26), (1, 26)]}, 105)