

CBSS-C STATS
starts:[246, 339, 746, 842, 573, 327, 870]
targets:[426, 419, 186, 879, 377, 559, 845, 999, 58, 172, 971, 805, 766, 92, 850, 241, 934, 701, 809, 242, 627, 118, 235, 1023, 107, 95, 70, 78, 289, 681, 625, 579, 873, 618, 565]
dests:[182, 866, 214, 629, 861, 374, 623]
ac_dict:{426: {0, 1}, 419: {1, 2}, 186: {2, 3}, 879: {3, 4}, 377: {4, 5}, 559: {5, 6}, 182: {0}, 866: {1}, 214: {2}, 629: {3}, 861: {4}, 374: {5}, 623: {6}}
clusters:[13 15  9  0  6 32  3 10 20 27 30  8 17 26 24 33 12 16 14 23  1 29 34 25
 18 31  7  5 28 22  2 21  4 11 19]

round: 2
best_g_value: 303.0
open_list_size: 1
num_low_level_expanded: 1093
search_success: 1
search_time: 16.47455541200179
n_tsp_call: 1
n_tsp_time: 16.34993458200188
n_roots: 1
num_conflicts: 1
target_assignment: {681: 2, 618: 2, 289: 2, 70: 2, 107: 2, 78: 2, 118: 2, 58: 2, 95: 2, 92: 2, 186: 2, 805: 6, 934: 6, 999: 6, 971: 6, 873: 6, 809: 6, 565: 6, 627: 6, 625: 6, 559: 6, 235: 5, 172: 5, 241: 5, 242: 5, 377: 5, 845: 3, 879: 3, 850: 3, 426: 1, 579: 1, 419: 1, 701: 4, 766: 4, 1023: 4}
cluster_target_selection: {22: 681, 11: 618, 28: 289, 7: 70, 18: 107, 5: 78, 29: 118, 20: 58, 31: 95, 26: 92, 9: 186, 8: 805, 12: 934, 10: 999, 30: 971, 4: 873, 14: 809, 19: 565, 1: 627, 2: 625, 32: 559, 34: 235, 27: 172, 33: 241, 23: 242, 6: 377, 3: 845, 0: 879, 24: 850, 13: 426, 21: 579, 15: 419, 16: 701, 17: 766, 25: 1023}
num_nodes_transformed_graph: 229
agent_paths:({0: [(22, 7), (22, 6), (22, 5), (22, 5)], 1: [(19, 10), (18, 10), (18, 11), (18, 12), (18, 13), (17, 13), (17, 14), (16, 14), (15, 14), (14, 14), (13, 14), (12, 14), (11, 14), (10, 14), (10, 13), (9, 13), (8, 13), (7, 13), (6, 13), (6, 14), (6, 15), (6, 16), (6, 17), (5, 17), (5, 18), (5, 19), (4, 19), (3, 19), (3, 18), (3, 17), (2, 17), (2, 16), (2, 15), (2, 14), (2, 13), (3, 13), (2, 13), (2, 14), (2, 15), (2, 16), (2, 17), (2, 18), (2, 19), (2, 20), (2, 21), (2, 22), (2, 23), (1, 23), (1, 24), (1, 25), (2, 25), (2, 26), (2, 27), (2, 27)], 2: [(10, 23), (9, 23), (9, 22), (9, 21), (9, 20), (9, 19), (10, 19), (9, 19), (9, 18), (8, 18), (7, 18), (6, 18), (6, 17), (6, 16), (6, 15), (5, 15), (5, 14), (5, 13), (5, 12), (5, 11), (5, 10), (4, 10), (3, 10), (2, 10), (1, 10), (1, 9), (2, 9), (3, 9), (3, 10), (4, 10), (5, 10), (5, 9), (6, 9), (6, 8), (6, 7), (6, 6), (6, 5), (6, 4), (6, 3), (6, 2), (7, 2), (7, 1), (8, 1), (9, 1), (10, 1), (11, 1), (11, 2), (11, 3), (12, 3), (13, 3), (13, 2), (14, 2), (15, 2), (16, 2), (17, 2), (18, 2), (19, 2), (19, 1), (20, 1), (21, 1), (22, 1), (22, 2), (22, 3), (23, 3), (24, 3), (25, 3), (25, 2), (25, 1), (26, 1), (27, 1), (27, 2), (28, 2), (29, 2), (30, 2), (31, 2), (30, 2), (29, 2), (28, 2), (27, 2), (27, 3), (27, 4), (27, 5), (26, 5), (25, 5), (25, 6), (25, 7), (25, 8), (25, 9), (24, 9), (23, 9), (23, 8), (23, 7), (22, 7), (22, 6), (22, 6)], 3: [(10, 26), (11, 26), (11, 27), (12, 27), (13, 27), (13, 26), (14, 26), (15, 26), (15, 27), (16, 27), (17, 27), (17, 26), (18, 26), (18, 25), (17, 25), (17, 24), (17, 23), (17, 22), (17, 21), (18, 21), (19, 21), (20, 21), (21, 21), (22, 21), (22, 20), (22, 19), (21, 19), (21, 19)], 4: [(29, 17), (29, 18), (29, 19), (30, 19), (31, 19), (31, 20), (31, 21), (30, 21), (29, 21), (30, 21), (30, 22), (30, 23), (30, 24), (30, 25), (31, 25), (31, 26), (31, 27), (31, 28), (31, 29), (31, 30), (31, 31), (31, 30), (31, 29), (31, 28), (31, 27), (30, 27), (29, 27), (29, 26), (29, 26)], 5: [(7, 10), (7, 9), (6, 9), (6, 8), (6, 7), (7, 7), (7, 6), (8, 6), (9, 6), (10, 6), (11, 6), (11, 7), (11, 6), (11, 5), (12, 5), (13, 5), (14, 5), (15, 5), (16, 5), (17, 5), (17, 6), (17, 7), (18, 7), (19, 7), (20, 7), (21, 7), (22, 7), (23, 7), (23, 8), (23, 9), (24, 9), (25, 9), (25, 10), (25, 11), (25, 10), (25, 9), (24, 9), (23, 9), (22, 9), (22, 10), (22, 11), (22, 11)], 6: [(6, 27), (5, 27), (5, 26), (5, 25), (5, 26), (4, 26), (3, 26), (3, 27), (3, 28), (3, 29), (3, 30), (4, 30), (5, 30), (5, 29), (6, 29), (7, 29), (7, 30), (7, 31), (7, 30), (8, 30), (9, 30), (10, 30), (11, 30), (10, 30), (10, 29), (10, 28), (10, 27), (9, 27), (9, 26), (9, 25), (10, 25), (11, 25), (11, 24), (11, 23), (12, 23), (13, 23), (13, 22), (14, 22), (15, 22), (16, 22), (17, 22), (17, 21), (18, 21), (19, 21), (20, 21), (21, 21), (22, 21), (22, 20), (22, 19), (22, 18), (21, 18), (21, 17), (20, 17), (19, 17), (19, 18), (19, 19), (18, 19), (17, 19), (17, 18), (16, 18), (15, 18), (15, 17), (15, 18), (15, 19), (15, 19)]}, 93)