

CBSS-C STATS
starts:[461, 377, 612, 962, 419, 1016, 226]
targets:[102, 50, 109, 122, 989, 75, 742, 17, 933, 203, 879, 92, 894, 719, 720, 343, 21, 581, 495, 567, 353, 626, 895, 501, 486, 982, 233, 600, 329, 174, 96, 362, 678, 597, 490]
dests:[814, 162, 779, 312, 702, 965, 303]
ac_dict:{102: {0, 1}, 50: {1, 2}, 109: {2, 3}, 122: {3, 4}, 989: {4, 5}, 75: {5, 6}, 814: {0}, 162: {1}, 779: {2}, 312: {3}, 702: {4}, 965: {5}, 303: {6}}
clusters:[ 6  9 27 14 13 11 18 24 15 20  2 28 16 19 10 25  0  5 21  1  3 26 17  4
  7 31 34 30 32  8 33 23 12 22 29]

round: 1
best_g_value: 350.0
open_list_size: 0
num_low_level_expanded: 821
search_success: 1
search_time: 5.166048947998206
n_tsp_call: 1
n_tsp_time: 5.092525034997379
n_roots: 1
num_conflicts: 0
target_assignment: {719: 0, 720: 0, 581: 4, 486: 4, 353: 4, 490: 4, 495: 4, 626: 4, 597: 4, 501: 4, 567: 4, 600: 4, 989: 4, 895: 4, 894: 4, 329: 3, 362: 3, 174: 3, 109: 3, 17: 3, 122: 3, 343: 3, 742: 2, 678: 2, 982: 5, 879: 5, 933: 5, 233: 6, 203: 6, 75: 6, 92: 1, 21: 1, 50: 1, 102: 1, 96: 1}
cluster_target_selection: {19: 719, 10: 720, 5: 581, 7: 486, 3: 353, 29: 490, 21: 495, 26: 626, 22: 597, 4: 501, 1: 567, 30: 600, 13: 989, 17: 895, 16: 894, 32: 329, 23: 362, 8: 174, 27: 109, 24: 17, 14: 122, 25: 343, 18: 742, 12: 678, 31: 982, 2: 879, 15: 933, 34: 233, 20: 203, 11: 75, 28: 92, 0: 21, 9: 50, 6: 102, 33: 96}
num_nodes_transformed_graph: 116
agent_paths:({0: [(13, 14), (12, 14), (11, 14), (11, 15), (11, 16), (11, 17), (11, 18), (11, 19), (10, 19), (9, 19), (9, 20), (9, 21), (10, 21), (11, 21), (11, 22), (11, 23), (12, 23), (13, 23), (13, 22), (14, 22), (15, 22), (16, 22), (15, 22), (15, 23), (15, 24), (15, 25), (14, 25), (14, 25)], 1: [(25, 11), (25, 10), (25, 9), (25, 8), (25, 7), (25, 6), (25, 5), (26, 5), (27, 5), (27, 4), (27, 3), (27, 2), (28, 2), (27, 2), (26, 2), (25, 2), (25, 3), (24, 3), (23, 3), (22, 3), (21, 3), (21, 2), (21, 1), (21, 0), (21, 1), (20, 1), (19, 1), (18, 1), (17, 1), (17, 2), (16, 2), (15, 2), (14, 2), (13, 2), (13, 3), (12, 3), (11, 3), (10, 3), (9, 3), (9, 2), (9, 1), (8, 1), (7, 1), (6, 1), (6, 2), (6, 3), (6, 4), (6, 5), (5, 5), (4, 5), (3, 5), (3, 4), (3, 3), (2, 3), (1, 3), (0, 3), (1, 3), (2, 3), (3, 3), (3, 4), (3, 5), (2, 5), (2, 5)], 2: [(4, 19), (3, 19), (2, 19), (2, 20), (2, 21), (3, 21), (3, 22), (4, 22), (5, 22), (6, 22), (6, 23), (6, 22), (6, 21), (7, 21), (8, 21), (9, 21), (10, 21), (11, 21), (11, 22), (11, 23), (11, 24), (11, 24)], 3: [(2, 30), (2, 29), (3, 29), (3, 28), (3, 27), (3, 26), (3, 25), (2, 25), (1, 25), (1, 24), (1, 23), (1, 22), (1, 21), (2, 21), (2, 20), (2, 19), (3, 19), (4, 19), (5, 19), (5, 18), (5, 17), (6, 17), (6, 16), (6, 15), (6, 14), (6, 13), (7, 13), (8, 13), (9, 13), (9, 12), (9, 11), (9, 10), (10, 10), (10, 11), (11, 11), (12, 11), (13, 11), (13, 10), (13, 9), (14, 9), (14, 8), (14, 7), (14, 6), (14, 5), (14, 4), (14, 3), (13, 3), (13, 2), (14, 2), (15, 2), (16, 2), (17, 2), (17, 1), (17, 0), (17, 1), (18, 1), (19, 1), (20, 1), (21, 1), (22, 1), (23, 1), (23, 2), (23, 3), (24, 3), (25, 3), (26, 3), (27, 3), (27, 4), (27, 5), (26, 5), (25, 5), (25, 6), (25, 7), (25, 8), (25, 9), (24, 9), (23, 9), (23, 10), (23, 9), (24, 9), (24, 9)], 4: [(3, 13), (3, 14), (3, 15), (2, 15), (2, 16), (2, 17), (3, 17), (3, 18), (3, 19), (4, 19), (5, 19), (5, 18), (5, 17), (6, 17), (6, 16), (6, 15), (5, 15), (5, 14), (5, 13), (5, 12), (5, 11), (5, 10), (4, 10), (3, 10), (2, 10), (1, 10), (1, 11), (2, 11), (3, 11), (3, 10), (4, 10), (5, 10), (5, 11), (5, 12), (5, 13), (6, 13), (7, 13), (8, 13), (9, 13), (10, 13), (10, 14), (10, 15), (11, 15), (11, 14), (12, 14), (13, 14), (14, 14), (15, 14), (15, 15), (15, 14), (16, 14), (17, 14), (18, 14), (18, 15), (18, 16), (18, 17), (18, 18), (18, 19), (18, 18), (19, 18), (19, 17), (20, 17), (21, 17), (21, 18), (21, 17), (22, 17), (22, 16), (22, 15), (21, 15), (22, 15), (22, 16), (22, 17), (23, 17), (23, 18), (24, 18), (25, 18), (26, 18), (27, 18), (27, 19), (27, 20), (27, 21), (27, 22), (27, 23), (27, 24), (27, 25), (27, 26), (27, 27), (27, 28), (27, 29), (27, 30), (27, 31), (28, 31), (29, 31), (29, 30), (29, 29), (30, 29), (31, 29), (31, 28), (31, 27), (30, 27), (30, 26), (30, 25), (30, 24), (30, 23), (30, 22), (30, 21), (30, 21)], 5: [(24, 31), (23, 31), (22, 31), (22, 30), (21, 30), (21, 31), (20, 31), (19, 31), (18, 31), (18, 30), (18, 29), (18, 28), (18, 27), (17, 27), (16, 27), (15, 27), (14, 27), (13, 27), (12, 27), (11, 27), (10, 27), (10, 28), (10, 29), (9, 29), (9, 30), (8, 30), (7, 30), (6, 30), (5, 30), (5, 29), (5, 30), (5, 30)], 6: [(2, 7), (3, 7), (3, 6), (3, 5), (4, 5), (5, 5), (6, 5), (7, 5), (7, 6), (8, 6), (9, 6), (9, 7), (9, 6), (10, 6), (11, 6), (11, 5), (11, 4), (11, 3), (11, 2), (11, 3), (12, 3), (13, 3), (14, 3), (14, 4), (14, 5), (14, 6), (14, 7), (14, 8), (14, 9), (15, 9), (15, 9)]}, 105)