

CBSS-C STATS
starts:[207, 274, 85, 963, 51]
targets:[54, 510, 879, 350, 3, 251, 197, 499, 894, 779, 881, 958, 244, 978, 1013, 851, 349, 1014, 313, 194, 577, 169, 989, 101, 967, 730, 359, 139, 255, 893, 587, 222, 933, 642, 91, 957, 95, 364, 565, 226, 127, 802, 766, 534, 172]
dests:[230, 745, 600, 743, 675]
ac_dict:{54: {0, 1}, 510: {1, 2}, 879: {2, 3}, 350: {3, 4}, 230: {0}, 745: {1}, 600: {2}, 743: {3}, 675: {4}}
clusters:[33 38 41 39 36  2 40  4 26 29 20 10 13 23 24 19  8 21 35 37 27  5 34  1
 31 17 12 14  6 25 43 28  7 16 44 30  0  9 15 18 11 32 42  3 22]

round: 1
best_g_value: 312.0
open_list_size: 0
num_low_level_expanded: 632
search_success: 1
search_time: 28.882779073013808
n_tsp_call: 1
n_tsp_time: 28.76771249801095
n_roots: 1
num_conflicts: 0
target_assignment: {54: 0, 172: 0, 139: 0, 169: 0, 101: 0, 3: 0, 226: 0, 194: 0, 197: 0, 91: 2, 95: 2, 127: 2, 222: 2, 255: 2, 510: 2, 730: 2, 766: 2, 893: 2, 894: 2, 958: 2, 957: 2, 989: 2, 1014: 2, 1013: 2, 978: 2, 879: 2, 881: 2, 851: 2, 534: 2, 565: 2, 933: 3, 967: 3, 802: 3, 499: 1, 587: 1, 779: 1, 251: 4, 349: 4, 350: 4, 313: 4, 244: 4, 364: 4, 359: 4, 577: 4, 642: 4}
cluster_target_selection: {33: 54, 22: 172, 14: 139, 5: 169, 1: 101, 36: 3, 18: 226, 37: 194, 40: 197, 44: 91, 0: 95, 11: 127, 28: 222, 6: 255, 38: 510, 17: 730, 42: 766, 25: 893, 26: 894, 10: 958, 30: 957, 34: 989, 21: 1014, 24: 1013, 23: 978, 41: 879, 20: 881, 19: 851, 3: 534, 15: 565, 7: 933, 31: 967, 32: 802, 4: 499, 43: 587, 29: 779, 2: 251, 8: 349, 39: 350, 35: 313, 13: 244, 9: 364, 12: 359, 27: 577, 16: 642}
num_nodes_transformed_graph: 223
agent_paths:({0: [(15, 6), (15, 5), (14, 5), (14, 4), (14, 3), (14, 2), (15, 2), (16, 2), (17, 2), (17, 1), (18, 1), (19, 1), (20, 1), (21, 1), (22, 1), (21, 1), (20, 1), (19, 1), (18, 1), (17, 1), (17, 2), (16, 2), (15, 2), (14, 2), (14, 3), (14, 4), (14, 5), (13, 5), (12, 5), (11, 5), (11, 4), (11, 5), (10, 5), (9, 5), (9, 6), (8, 6), (7, 6), (6, 6), (6, 5), (6, 4), (6, 3), (5, 3), (6, 3), (6, 4), (6, 5), (5, 5), (4, 5), (3, 5), (3, 4), (3, 3), (3, 2), (3, 1), (3, 0), (3, 1), (3, 2), (3, 3), (3, 4), (3, 5), (2, 5), (2, 6), (2, 7), (2, 6), (3, 6), (3, 5), (4, 5), (5, 5), (5, 6), (6, 6), (6, 7), (6, 7)], 1: [(18, 8), (18, 9), (18, 10), (18, 11), (18, 12), (18, 13), (19, 13), (19, 14), (19, 15), (18, 15), (17, 15), (17, 14), (16, 14), (15, 14), (14, 14), (13, 14), (12, 14), (11, 14), (11, 15), (11, 16), (11, 17), (11, 18), (11, 19), (10, 19), (9, 19), (9, 20), (9, 21), (10, 21), (11, 21), (11, 22), (11, 23), (11, 24), (11, 23), (10, 23), (9, 23), (9, 23)], 2: [(21, 2), (22, 2), (23, 2), (23, 3), (24, 3), (25, 3), (25, 2), (26, 2), (27, 2), (28, 2), (29, 2), (30, 2), (31, 2), (31, 3), (30, 3), (30, 4), (30, 5), (30, 6), (31, 6), (31, 7), (31, 8), (31, 9), (31, 10), (31, 11), (31, 12), (31, 13), (30, 13), (30, 14), (30, 15), (29, 15), (29, 14), (28, 14), (27, 14), (27, 15), (27, 16), (27, 17), (27, 18), (27, 19), (27, 20), (27, 21), (26, 21), (26, 22), (27, 22), (27, 23), (28, 23), (29, 23), (30, 23), (30, 24), (30, 25), (29, 25), (29, 26), (29, 27), (30, 27), (31, 27), (31, 28), (31, 29), (30, 29), (29, 29), (29, 30), (29, 31), (28, 31), (27, 31), (26, 31), (25, 31), (24, 31), (23, 31), (22, 31), (21, 31), (20, 31), (19, 31), (18, 31), (18, 30), (18, 29), (18, 28), (18, 27), (17, 27), (16, 27), (15, 27), (16, 27), (17, 27), (17, 26), (18, 26), (19, 26), (20, 26), (21, 26), (21, 25), (22, 25), (23, 25), (23, 24), (23, 23), (22, 23), (22, 22), (22, 21), (22, 20), (22, 19), (22, 18), (22, 17), (22, 16), (22, 17), (21, 17), (22, 17), (23, 17), (23, 18), (24, 18), (24, 18)], 3: [(3, 30), (4, 30), (5, 30), (5, 29), (6, 29), (7, 29), (7, 30), (6, 30), (5, 30), (4, 30), (3, 30), (3, 29), (3, 28), (3, 27), (2, 27), (2, 26), (2, 25), (1, 25), (1, 24), (1, 23), (2, 23), (3, 23), (3, 22), (4, 22), (5, 22), (6, 22), (7, 22), (7, 23), (7, 23)], 4: [(19, 1), (20, 1), (21, 1), (22, 1), (23, 1), (23, 2), (23, 3), (24, 3), (25, 3), (26, 3), (27, 3), (27, 4), (27, 5), (27, 6), (27, 7), (26, 7), (25, 7), (25, 8), (25, 9), (26, 9), (27, 9), (27, 10), (28, 10), (29, 10), (30, 10), (29, 10), (28, 10), (27, 10), (26, 10), (25, 10), (25, 9), (24, 9), (23, 9), (23, 8), (23, 7), (22, 7), (21, 7), (20, 7), (19, 7), (18, 7), (18, 8), (18, 9), (17, 9), (16, 9), (15, 9), (14, 9), (13, 9), (13, 10), (13, 11), (12, 11), (11, 11), (10, 11), (9, 11), (9, 10), (9, 9), (8, 9), (7, 9), (7, 10), (7, 11), (6, 11), (5, 11), (5, 12), (5, 13), (5, 14), (5, 15), (6, 15), (6, 16), (6, 17), (5, 17), (5, 18), (5, 19), (4, 19), (3, 19), (2, 19), (1, 19), (1, 18), (2, 18), (2, 19), (2, 20), (2, 21), (3, 21), (3, 21)]}, 103)