

CBSS-C STATS
starts:[586, 298, 935, 1006, 357, 362, 832, 817, 590, 679]
targets:[358, 866, 485, 833, 711, 99, 968, 226, 281, 351, 480, 1014, 973, 1011, 118]
dests:[585, 475, 97, 80, 101, 695, 545, 98, 557, 446]
ac_dict:{358: {0, 1}, 866: {1, 2}, 485: {2, 3}, 833: {3, 4}, 711: {4, 5}, 99: {5, 6}, 968: {6, 7}, 226: {8, 7}, 281: {8, 9}, 585: {0}, 475: {1}, 97: {2}, 80: {3}, 101: {4}, 695: {5}, 545: {6}, 98: {7}, 557: {8}, 446: {9}}
clusters:[1 4 2 3 8 5 9 9 5 2 2 0 6 8 7]

round: 5
best_g_value: 325.0
open_list_size: 4
num_low_level_expanded: 2049
search_success: 1
search_time: 7.328590077813715
n_tsp_call: 18
n_tsp_time: 6.577384359203279
n_roots: 1
num_conflicts: 4
target_assignment: {358: 1, 118: 1, 866: 2, 281: 9, 351: 9, 973: 3, 1011: 3, 1014: 3, 833: 3, 226: 7}
cluster_target_selection: {1: 358, 7: 118, 4: 866, 5: 281, 2: 351, 6: 973, 8: 1011, 0: 1014, 3: 833, 9: 226}
num_nodes_transformed_graph: 59
agent_paths:({0: [(10, 18), (9, 18), (9, 18)], 1: [(10, 9), (9, 9), (8, 9), (7, 9), (6, 9), (6, 10), (6, 11), (6, 10), (6, 9), (6, 8), (6, 7), (6, 6), (7, 6), (8, 6), (9, 6), (9, 5), (10, 5), (11, 5), (11, 4), (11, 3), (12, 3), (13, 3), (14, 3), (15, 3), (15, 2), (16, 2), (17, 2), (18, 2), (19, 2), (19, 1), (20, 1), (21, 1), (22, 1), (22, 2), (22, 3), (23, 3), (24, 3), (25, 3), (26, 3), (27, 3), (27, 4), (27, 5), (27, 6), (27, 7), (26, 7), (25, 7), (25, 8), (25, 9), (26, 9), (27, 9), (27, 10), (27, 11), (27, 12), (27, 13), (27, 14), (27, 14)], 2: [(7, 29), (6, 29), (5, 29), (5, 30), (4, 30), (3, 30), (3, 29), (3, 28), (3, 27), (2, 27), (1, 27), (1, 26), (1, 25), (1, 24), (1, 23), (1, 22), (1, 21), (2, 21), (2, 20), (2, 19), (3, 19), (4, 19), (5, 19), (5, 18), (5, 17), (6, 17), (6, 16), (6, 15), (5, 15), (5, 14), (5, 13), (5, 12), (5, 11), (5, 10), (5, 9), (6, 9), (6, 8), (6, 7), (5, 7), (5, 6), (5, 5), (4, 5), (3, 5), (3, 4), (3, 3), (2, 3), (1, 3), (1, 3)], 3: [(14, 31), (13, 31), (13, 30), (14, 30), (15, 30), (15, 31), (16, 31), (17, 31), (18, 31), (19, 31), (20, 31), (21, 31), (22, 31), (21, 31), (20, 31), (19, 31), (18, 31), (18, 30), (18, 29), (18, 28), (18, 27), (17, 27), (16, 27), (15, 27), (14, 27), (13, 27), (12, 27), (11, 27), (10, 27), (10, 28), (10, 29), (9, 29), (9, 30), (8, 30), (7, 30), (6, 30), (5, 30), (4, 30), (3, 30), (3, 29), (3, 28), (3, 27), (2, 27), (1, 27), (1, 26), (1, 25), (1, 24), (1, 23), (1, 22), (1, 21), (2, 21), (2, 20), (2, 19), (3, 19), (4, 19), (5, 19), (5, 18), (5, 17), (6, 17), (6, 16), (6, 15), (6, 14), (6, 13), (7, 13), (8, 13), (9, 13), (9, 12), (9, 11), (10, 11), (11, 11), (12, 11), (13, 11), (13, 10), (13, 9), (14, 9), (14, 8), (14, 7), (14, 6), (14, 5), (14, 4), (14, 3), (14, 2), (15, 2), (16, 2), (16, 2)], 4: [(5, 11), (5, 10), (5, 9), (6, 9), (6, 8), (6, 7), (6, 6), (6, 5), (6, 4), (6, 3), (5, 3), (5, 3)], 5: [(10, 11), (9, 11), (9, 12), (9, 13), (10, 13), (11, 13), (11, 14), (12, 14), (13, 14), (14, 14), (15, 14), (16, 14), (17, 14), (18, 14), (18, 15), (18, 16), (18, 17), (19, 17), (20, 17), (21, 17), (22, 17), (22, 18), (22, 19), (22, 20), (22, 21), (23, 21), (23, 21)], 6: [(0, 26), (1, 26), (1, 25), (1, 24), (1, 23), (1, 22), (1, 21), (2, 21), (2, 20), (2, 19), (1, 19), (1, 18), (1, 17), (1, 17)], 7: [(17, 25), (17, 24), (17, 23), (17, 22), (16, 22), (15, 22), (14, 22), (13, 22), (13, 23), (12, 23), (11, 23), (10, 23), (9, 23), (9, 22), (9, 21), (9, 20), (9, 19), (10, 19), (10, 18), (10, 17), (11, 17), (11, 16), (11, 15), (10, 15), (9, 15), (9, 14), (9, 13), (9, 12), (9, 11), (9, 10), (9, 9), (8, 9), (7, 9), (6, 9), (6, 8), (6, 7), (5, 7), (5, 6), (5, 5), (4, 5), (3, 5), (2, 5), (2, 6), (2, 7), (2, 6), (2, 5), (3, 5), (3, 4), (3, 3), (2, 3), (2, 3)], 8: [(14, 18), (13, 18), (13, 17), (13, 17)], 9: [(7, 21), (8, 21), (9, 21), (9, 20), (9, 19), (10, 19), (10, 18), (10, 17), (11, 17), (11, 16), (11, 15), (11, 14), (12, 14), (13, 14), (14, 14), (15, 14), (16, 14), (17, 14), (17, 13), (18, 13), (18, 12), (18, 11), (19, 11), (20, 11), (21, 11), (21, 10), (21, 9), (22, 9), (23, 9), (24, 9), (25, 9), (25, 8), (25, 9), (26, 9), (27, 9), (27, 10), (28, 10), (29, 10), (30, 10), (31, 10), (31, 11), (31, 12), (31, 13), (30, 13), (30, 13)]}, 83)