

CBSS-C STATS
starts:[571, 849, 701, 677, 753, 62, 71]
targets:[92, 310, 245, 281, 579, 711, 675, 802, 937, 635, 509, 662, 995, 449, 471, 431, 246, 977, 843, 378, 1009, 55, 565, 50, 1006, 35, 203, 1003, 859, 795, 943, 312, 750, 353, 86]
dests:[801, 439, 1021, 733, 721, 117, 581]
ac_dict:{92: {0, 1}, 310: {1, 2}, 245: {2, 3}, 281: {3, 4}, 579: {4, 5}, 711: {5, 6}, 801: {0}, 439: {1}, 1021: {2}, 733: {3}, 721: {4}, 117: {5}, 581: {6}}
clusters:[10  6  5 32 34 30 28 25  7 21  0 23 11 18 27 15 12  3 19 16 14 31 13 33
 26 22  8  1 20 29 24  2 17  9  4]

round: 2
best_g_value: 362.0
open_list_size: 2
num_low_level_expanded: 1675
search_success: 1
search_time: 532.4834847540042
n_tsp_call: 41
n_tsp_time: 528.9943965190469
n_roots: 2
num_conflicts: 1
target_assignment: {859: 0, 1006: 0, 943: 0, 1009: 0, 977: 0, 843: 0, 1003: 0, 937: 0, 995: 0, 802: 0, 662: 1, 565: 1, 92: 1, 310: 1, 471: 1, 35: 6, 203: 6, 353: 6, 711: 6, 431: 3, 245: 3, 246: 3, 312: 3, 281: 3, 378: 3, 509: 3, 635: 3, 86: 5, 55: 5, 50: 5, 579: 4, 449: 4, 675: 4, 750: 4, 795: 2}
cluster_target_selection: {20: 859, 26: 1006, 24: 943, 14: 1009, 3: 977, 19: 843, 1: 1003, 7: 937, 11: 995, 25: 802, 23: 662, 13: 565, 10: 92, 6: 310, 27: 471, 22: 35, 8: 203, 9: 353, 30: 711, 15: 431, 5: 245, 12: 246, 2: 312, 32: 281, 16: 378, 0: 509, 21: 635, 4: 86, 31: 55, 33: 50, 34: 579, 18: 449, 28: 675, 17: 750, 29: 795}
num_nodes_transformed_graph: 229
agent_paths:({0: [(27, 17), (27, 18), (27, 19), (27, 20), (27, 21), (27, 22), (27, 23), (27, 24), (27, 25), (27, 26), (27, 27), (27, 28), (27, 29), (26, 29), (25, 29), (25, 30), (25, 31), (24, 31), (23, 31), (22, 31), (21, 31), (20, 31), (19, 31), (18, 31), (17, 31), (16, 31), (15, 31), (14, 31), (14, 30), (14, 29), (15, 29), (15, 30), (15, 31), (16, 31), (17, 31), (17, 30), (17, 29), (18, 29), (18, 28), (18, 27), (17, 27), (16, 27), (15, 27), (14, 27), (13, 27), (12, 27), (11, 27), (11, 26), (11, 27), (10, 27), (10, 28), (10, 29), (11, 29), (11, 30), (11, 31), (10, 31), (9, 31), (9, 30), (9, 29), (9, 30), (8, 30), (7, 30), (6, 30), (5, 30), (4, 30), (3, 30), (3, 31), (3, 30), (3, 29), (3, 28), (3, 27), (2, 27), (2, 26), (2, 25), (1, 25), (1, 25)], 1: [(17, 26), (17, 25), (17, 24), (17, 23), (17, 22), (17, 21), (18, 21), (19, 21), (20, 21), (21, 21), (22, 21), (22, 20), (22, 19), (21, 19), (21, 18), (21, 17), (22, 17), (22, 16), (22, 15), (22, 14), (22, 13), (22, 12), (22, 11), (22, 10), (22, 9), (23, 9), (24, 9), (25, 9), (25, 8), (25, 7), (25, 6), (25, 5), (26, 5), (27, 5), (27, 4), (27, 3), (27, 2), (28, 2), (27, 2), (27, 3), (27, 4), (27, 5), (26, 5), (25, 5), (25, 6), (25, 7), (25, 8), (25, 9), (24, 9), (23, 9), (22, 9), (22, 10), (22, 11), (22, 12), (22, 13), (23, 13), (23, 14), (23, 13), (23, 13)], 2: [(29, 21), (29, 22), (29, 23), (28, 23), (27, 23), (27, 24), (27, 25), (27, 26), (27, 27), (27, 28), (27, 29), (27, 30), (27, 31), (28, 31), (29, 31), (29, 31)], 3: [(5, 21), (6, 21), (7, 21), (8, 21), (9, 21), (9, 20), (9, 19), (9, 18), (9, 17), (10, 17), (11, 17), (11, 16), (11, 15), (11, 14), (12, 14), (13, 14), (13, 13), (14, 13), (15, 13), (15, 14), (16, 14), (17, 14), (17, 13), (18, 13), (18, 12), (18, 11), (18, 10), (18, 9), (18, 8), (18, 7), (19, 7), (20, 7), (21, 7), (22, 7), (23, 7), (23, 8), (23, 9), (24, 9), (25, 9), (25, 8), (25, 9), (26, 9), (26, 10), (26, 11), (27, 11), (27, 12), (27, 13), (27, 14), (28, 14), (29, 14), (29, 15), (29, 14), (28, 14), (27, 14), (27, 15), (27, 16), (27, 17), (27, 18), (27, 19), (27, 20), (27, 21), (27, 22), (27, 23), (28, 23), (29, 23), (29, 22), (29, 22)], 4: [(17, 23), (17, 22), (16, 22), (15, 22), (14, 22), (13, 22), (13, 23), (12, 23), (11, 23), (10, 23), (9, 23), (9, 22), (9, 21), (9, 20), (9, 19), (9, 18), (8, 18), (7, 18), (6, 18), (5, 18), (5, 19), (4, 19), (3, 19), (3, 18), (2, 18), (2, 17), (2, 16), (2, 15), (1, 15), (1, 14), (2, 14), (2, 15), (2, 16), (2, 17), (2, 18), (2, 19), (2, 20), (2, 21), (3, 21), (3, 22), (4, 22), (5, 22), (6, 22), (7, 22), (7, 21), (8, 21), (9, 21), (10, 21), (11, 21), (11, 22), (11, 23), (12, 23), (13, 23), (14, 23), (14, 22), (15, 22), (16, 22), (17, 22), (17, 22)], 5: [(30, 1), (29, 1), (29, 2), (28, 2), (27, 2), (26, 2), (25, 2), (25, 3), (24, 3), (23, 3), (22, 3), (22, 2), (22, 1), (23, 1), (22, 1), (21, 1), (20, 1), (19, 1), (18, 1), (19, 1), (20, 1), (21, 1), (21, 2), (21, 3), (21, 3)], 6: [(7, 2), (6, 2), (6, 3), (6, 4), (6, 5), (5, 5), (4, 5), (3, 5), (3, 4), (3, 3), (3, 2), (3, 1), (3, 2), (3, 3), (3, 4), (3, 5), (4, 5), (5, 5), (6, 5), (7, 5), (7, 6), (8, 6), (9, 6), (10, 6), (11, 6), (10, 6), (9, 6), (8, 6), (7, 6), (6, 6), (6, 7), (6, 8), (6, 9), (5, 9), (5, 10), (4, 10), (3, 10), (2, 10), (1, 10), (1, 11), (2, 11), (3, 11), (3, 10), (4, 10), (5, 10), (5, 11), (5, 12), (5, 13), (6, 13), (6, 14), (6, 15), (6, 16), (6, 17), (7, 17), (7, 18), (8, 18), (9, 18), (9, 19), (9, 20), (9, 21), (8, 21), (7, 21), (7, 22), (7, 21), (8, 21), (9, 21), (9, 20), (9, 19), (9, 18), (8, 18), (7, 18), (6, 18), (5, 18), (5, 18)]}, 74)