

CBSS-C STATS
starts:[345, 422, 478, 831, 741, 971, 843, 649, 203, 461]
targets:[735, 436, 612, 393, 205, 462, 721, 327, 359, 699, 131, 746, 633, 118, 199]
dests:[785, 1009, 1011, 474, 859, 374, 43, 720, 590, 687]
ac_dict:{735: {0, 1}, 436: {1, 2}, 612: {2, 3}, 393: {3, 4}, 205: {4, 5}, 462: {5, 6}, 721: {6, 7}, 327: {8, 7}, 359: {8, 9}, 785: {0}, 1009: {1}, 1011: {2}, 474: {3}, 859: {4}, 374: {5}, 43: {6}, 720: {7}, 590: {8}, 687: {9}}
clusters:[9 2 5 6 9 2 3 0 4 7 8 8 7 1 3]

round: 142
best_g_value: 366.0
open_list_size: 141
num_low_level_expanded: 37385
search_success: 1
search_time: 8.274681142065674
n_tsp_call: 19
n_tsp_time: 5.675944787915796
n_roots: 1
num_conflicts: 141
target_assignment: {699: 3, 393: 4, 205: 4, 118: 4, 199: 6, 746: 1, 436: 2, 612: 2, 327: 8, 359: 8}
cluster_target_selection: {7: 699, 6: 393, 9: 205, 1: 118, 3: 199, 8: 746, 2: 436, 5: 612, 0: 327, 4: 359}
num_nodes_transformed_graph: 58
agent_paths:({0: [(25, 10), (25, 9), (24, 9), (23, 9), (22, 9), (22, 10), (22, 11), (22, 12), (22, 13), (22, 14), (22, 15), (22, 16), (22, 17), (22, 18), (22, 19), (22, 20), (22, 21), (21, 21), (20, 21), (19, 21), (18, 21), (17, 21), (17, 22), (17, 23), (17, 24), (17, 24)], 1: [(6, 13), (7, 13), (8, 13), (9, 13), (10, 13), (10, 14), (10, 15), (11, 15), (11, 16), (11, 17), (10, 17), (10, 18), (10, 19), (9, 19), (9, 20), (9, 21), (10, 21), (10, 22), (10, 23), (11, 23), (12, 23), (13, 23), (14, 23), (15, 23), (15, 24), (15, 25), (15, 26), (15, 27), (16, 27), (17, 27), (18, 27), (18, 28), (18, 29), (17, 29), (17, 30), (17, 31), (17, 31)], 2: [(30, 14), (29, 14), (28, 14), (27, 14), (27, 13), (27, 12), (27, 11), (26, 11), (25, 11), (25, 10), (25, 9), (24, 9), (23, 9), (22, 9), (22, 10), (22, 11), (22, 12), (22, 13), (21, 13), (20, 13), (19, 13), (18, 13), (17, 13), (17, 14), (16, 14), (15, 14), (14, 14), (13, 14), (12, 14), (11, 14), (11, 15), (11, 16), (11, 17), (10, 17), (9, 17), (9, 18), (8, 18), (7, 18), (6, 18), (5, 18), (5, 19), (4, 19), (5, 19), (6, 19), (7, 19), (7, 18), (8, 18), (9, 18), (9, 19), (9, 20), (9, 21), (10, 21), (11, 21), (11, 22), (11, 23), (12, 23), (13, 23), (14, 23), (15, 23), (15, 24), (15, 25), (15, 26), (15, 27), (16, 27), (17, 27), (18, 27), (18, 28), (18, 29), (19, 29), (19, 30), (19, 31), (19, 31)], 3: [(31, 25), (30, 25), (30, 24), (30, 23), (29, 23), (28, 23), (27, 23), (27, 22), (27, 21), (27, 20), (27, 19), (27, 18), (27, 17), (27, 16), (27, 15), (26, 15), (26, 14), (26, 14)], 4: [(5, 23), (5, 22), (5, 21), (6, 21), (7, 21), (8, 21), (9, 21), (9, 20), (9, 19), (9, 18), (9, 17), (10, 17), (11, 17), (11, 16), (11, 15), (10, 15), (9, 15), (9, 14), (9, 13), (9, 12), (9, 11), (10, 11), (11, 11), (12, 11), (13, 11), (13, 10), (13, 9), (14, 9), (14, 8), (14, 7), (13, 7), (13, 6), (13, 5), (14, 5), (14, 4), (14, 3), (15, 3), (15, 2), (16, 2), (17, 2), (18, 2), (19, 2), (19, 1), (20, 1), (21, 1), (22, 1), (22, 2), (22, 3), (23, 3), (24, 3), (25, 3), (26, 3), (27, 3), (27, 4), (27, 5), (27, 6), (27, 7), (26, 7), (25, 7), (25, 8), (25, 9), (26, 9), (27, 9), (27, 10), (27, 11), (27, 12), (27, 13), (27, 14), (27, 15), (27, 16), (27, 17), (27, 18), (27, 19), (27, 20), (27, 21), (27, 22), (27, 23), (27, 24), (27, 25), (27, 26), (27, 26)], 5: [(11, 30), (11, 29), (10, 29), (10, 28), (10, 27), (11, 27), (12, 27), (13, 27), (14, 27), (15, 27), (16, 27), (17, 27), (17, 26), (17, 25), (17, 24), (17, 23), (17, 22), (18, 22), (19, 22), (19, 22), (19, 21), (20, 21), (21, 21), (22, 21), (22, 20), (22, 19), (22, 18), (22, 17), (22, 16), (22, 15), (22, 14), (22, 13), (22, 12), (22, 11), (22, 11)], 6: [(11, 26), (11, 25), (11, 24), (11, 23), (10, 23), (9, 23), (9, 22), (9, 21), (9, 20), (9, 19), (9, 18), (8, 18), (7, 18), (7, 17), (6, 17), (6, 16), (6, 15), (6, 14), (6, 13), (5, 13), (5, 12), (5, 11), (5, 10), (5, 9), (6, 9), (6, 8), (6, 7), (6, 6), (7, 6), (8, 6), (9, 6), (9, 5), (10, 5), (11, 5), (11, 4), (11, 3), (11, 2), (11, 1), (11, 1)], 7: [(9, 20), (9, 21), (10, 21), (11, 21), (11, 22), (11, 23), (12, 23), (13, 23), (13, 22), (14, 22), (15, 22), (16, 22), (16, 22)], 8: [(11, 6), (10, 6), (9, 6), (8, 6), (7, 6), (7, 7), (6, 7), (6, 8), (6, 9), (7, 9), (7, 10), (7, 11), (6, 11), (5, 11), (5, 12), (5, 13), (6, 13), (7, 13), (8, 13), (9, 13), (10, 13), (11, 13), (11, 14), (12, 14), (13, 14), (13, 15), (14, 15), (14, 14), (15, 14), (16, 14), (17, 14), (17, 15), (18, 15), (18, 16), (18, 17), (17, 17), (17, 18), (16, 18), (15, 18), (14, 18), (14, 18)], 9: [(13, 14), (12, 14), (11, 14), (11, 15), (11, 16), (11, 17), (11, 18), (11, 19), (10, 19), (10, 19), (9, 19), (9, 20), (9, 21), (10, 21), (11, 21), (11, 22), (11, 23), (12, 23), (13, 23), (13, 22), (13, 21), (14, 21), (15, 21), (15, 21)]}, 79)