

CBSS-C STATS
starts:[928, 438, 766, 967, 731, 843, 523, 570, 559, 40]
targets:[937, 1012, 550, 477, 986, 779, 691, 314, 43, 46]
dests:[463, 166, 301, 442, 417, 102, 677, 119, 311, 822]
ac_dict:{937: {0, 1}, 1012: {1, 2}, 550: {2, 3}, 477: {3, 4}, 986: {4, 5}, 779: {5, 6}, 691: {6, 7}, 314: {8, 7}, 43: {8, 9}, 463: {0}, 166: {1}, 301: {2}, 442: {3}, 417: {4}, 102: {5}, 677: {6}, 119: {7}, 311: {8}, 822: {9}}
clusters:[2 2 0 4 3 1 1 2 2 3]

round: 168
best_g_value: 332.0
open_list_size: 167
num_low_level_expanded: 57316
search_success: 1
search_time: 4.387449566740543
n_tsp_call: 14
n_tsp_time: 1.5036657899618149
n_roots: 1
num_conflicts: 167
target_assignment: {779: 5, 550: 3, 477: 3, 43: 9, 46: 9}
cluster_target_selection: {1: 779, 0: 550, 4: 477, 2: 43, 3: 46}
num_nodes_transformed_graph: 34
agent_paths:({0: [(0, 29), (1, 29), (2, 29), (3, 29), (3, 28), (3, 27), (3, 26), (3, 25), (2, 25), (1, 25), (1, 24), (1, 23), (1, 22), (1, 21), (2, 21), (2, 20), (2, 19), (3, 19), (4, 19), (5, 19), (5, 18), (6, 18), (7, 18), (8, 18), (9, 18), (10, 18), (11, 18), (11, 18), (11, 17), (11, 16), (11, 15), (11, 14), (12, 14), (13, 14), (14, 14), (15, 14), (15, 14)], 1: [(22, 13), (21, 13), (20, 13), (19, 13), (18, 13), (18, 12), (18, 11), (17, 11), (17, 10), (17, 9), (16, 9), (15, 9), (14, 9), (14, 8), (14, 7), (13, 7), (13, 6), (13, 5), (12, 5), (11, 5), (10, 5), (9, 5), (9, 6), (8, 6), (7, 6), (7, 5), (7, 5), (7, 5), (7, 5), (7, 5), (6, 5), (6, 5)], 2: [(30, 23), (29, 23), (28, 23), (27, 23), (27, 22), (27, 21), (27, 20), (27, 19), (26, 19), (25, 19), (25, 18), (24, 18), (23, 18), (22, 18), (21, 18), (21, 17), (20, 17), (19, 17), (18, 17), (18, 16), (18, 15), (18, 14), (18, 13), (18, 12), (18, 11), (17, 11), (17, 10), (17, 9), (16, 9), (15, 9), (14, 9), (13, 9), (13, 9)], 3: [(7, 30), (8, 30), (9, 30), (9, 29), (10, 29), (10, 28), (10, 27), (10, 26), (10, 25), (11, 25), (11, 24), (11, 23), (10, 23), (9, 23), (9, 22), (9, 21), (9, 20), (9, 19), (9, 18), (8, 18), (7, 18), (7, 17), (6, 17), (7, 17), (7, 18), (8, 18), (9, 18), (9, 19), (9, 20), (9, 21), (10, 21), (11, 21), (11, 22), (11, 23), (12, 23), (13, 23), (13, 22), (14, 22), (15, 22), (16, 22), (17, 22), (17, 21), (18, 21), (19, 21), (20, 21), (21, 21), (22, 21), (22, 20), (22, 19), (22, 18), (23, 18), (24, 18), (25, 18), (25, 17), (26, 17), (27, 17), (27, 16), (27, 15), (27, 14), (28, 14), (29, 14), (28, 14), (27, 14), (26, 14), (26, 13), (26, 13)], 4: [(27, 22), (27, 21), (27, 20), (27, 19), (26, 19), (25, 19), (25, 18), (24, 18), (23, 18), (22, 18), (21, 18), (21, 17), (20, 17), (19, 17), (18, 17), (18, 16), (18, 15), (17, 15), (17, 14), (16, 14), (15, 14), (14, 14), (13, 14), (12, 14), (11, 14), (11, 15), (11, 16), (11, 17), (10, 17), (9, 17), (9, 18), (8, 18), (7, 18), (6, 18), (5, 18), (5, 19), (4, 19), (3, 19), (2, 19), (2, 18), (2, 17), (2, 16), (2, 15), (1, 15), (1, 14), (1, 13), (1, 13)], 5: [(11, 26), (11, 25), (11, 24), (11, 23), (10, 23), (9, 23), (9, 22), (9, 22), (9, 21), (9, 20), (9, 19), (9, 18), (8, 18), (7, 18), (6, 18), (6, 17), (6, 16), (6, 15), (6, 14), (6, 13), (5, 13), (5, 12), (5, 11), (5, 10), (5, 9), (6, 9), (6, 8), (6, 7), (6, 6), (6, 5), (6, 4), (6, 3), (6, 3)], 6: [(11, 16), (11, 17), (10, 17), (9, 17), (9, 18), (9, 19), (9, 20), (9, 21), (8, 21), (7, 21), (6, 21), (5, 21), (5, 21)], 7: [(26, 17), (27, 17), (27, 16), (27, 15), (27, 14), (27, 13), (27, 12), (27, 11), (26, 11), (25, 11), (25, 10), (25, 9), (25, 8), (25, 7), (25, 6), (25, 5), (26, 5), (27, 5), (27, 4), (27, 3), (26, 3), (25, 3), (24, 3), (23, 3), (23, 3)], 8: [(15, 17), (15, 18), (16, 18), (17, 18), (17, 17), (18, 17), (18, 16), (18, 15), (18, 14), (18, 13), (18, 12), (18, 11), (19, 11), (20, 11), (21, 11), (21, 10), (21, 9), (22, 9), (23, 9), (23, 9)], 9: [(8, 1), (9, 1), (10, 1), (11, 1), (11, 2), (11, 3), (12, 3), (13, 3), (13, 2), (13, 1), (14, 1), (14, 2), (14, 3), (14, 4), (14, 5), (15, 5), (16, 5), (17, 5), (18, 5), (18, 6), (18, 7), (18, 8), (18, 9), (19, 9), (19, 10), (19, 11), (20, 11), (21, 11), (22, 11), (22, 12), (22, 13), (22, 14), (22, 15), (22, 16), (22, 17), (22, 18), (22, 19), (22, 20), (22, 21), (22, 22), (22, 23), (23, 23), (23, 24), (23, 25), (22, 25), (22, 25)]}, 64)