

CBSS-C STATS
starts:[819, 370, 445, 103, 119, 367, 109, 167, 25, 805]
targets:[299, 246, 375, 1018, 934, 327, 862, 447, 705, 480, 493, 553, 855, 618, 354]
dests:[61, 815, 891, 882, 203, 309, 421, 220, 1007, 549]
ac_dict:{299: {0, 1}, 246: {1, 2}, 375: {2, 3}, 1018: {3, 4}, 934: {4, 5}, 327: {5, 6}, 862: {6, 7}, 447: {8, 7}, 705: {8, 9}, 61: {0}, 815: {1}, 891: {2}, 882: {3}, 203: {4}, 309: {5}, 421: {6}, 220: {7}, 1007: {8}, 549: {9}}
clusters:[2 6 9 0 3 3 8 7 8 5 1 8 0 7 4]

round: 7
best_g_value: 332.0
open_list_size: 6
num_low_level_expanded: 2677
search_success: 1
search_time: 5.9956913366913795
n_tsp_call: 18
n_tsp_time: 5.131844901945442
n_roots: 1
num_conflicts: 6
target_assignment: {855: 8, 705: 9, 480: 9, 375: 3, 327: 6, 354: 6, 246: 1, 299: 1, 493: 1, 618: 1}
cluster_target_selection: {0: 855, 8: 705, 5: 480, 9: 375, 3: 327, 4: 354, 6: 246, 2: 299, 1: 493, 7: 618}
num_nodes_transformed_graph: 59
agent_paths:({0: [(19, 25), (19, 26), (20, 26), (21, 26), (21, 25), (22, 25), (23, 25), (23, 24), (23, 23), (23, 22), (23, 21), (22, 21), (22, 20), (22, 19), (22, 18), (22, 17), (22, 16), (22, 15), (22, 14), (22, 13), (22, 12), (22, 11), (22, 10), (22, 9), (23, 9), (24, 9), (25, 9), (25, 8), (25, 7), (25, 6), (25, 5), (26, 5), (27, 5), (27, 4), (27, 3), (27, 2), (28, 2), (29, 2), (29, 1), (29, 1)], 1: [(18, 11), (18, 10), (18, 9), (18, 8), (18, 7), (19, 7), (20, 7), (21, 7), (22, 7), (21, 7), (20, 7), (19, 7), (18, 7), (18, 8), (18, 9), (17, 9), (16, 9), (15, 9), (14, 9), (13, 9), (13, 10), (13, 11), (12, 11), (11, 11), (11, 10), (11, 9), (11, 10), (11, 11), (10, 11), (9, 11), (9, 12), (9, 13), (10, 13), (11, 13), (11, 14), (12, 14), (13, 14), (13, 15), (13, 14), (12, 14), (11, 14), (11, 15), (11, 16), (11, 17), (10, 17), (10, 18), (10, 19), (9, 19), (9, 20), (9, 21), (10, 21), (11, 21), (11, 22), (11, 23), (12, 23), (13, 23), (14, 23), (15, 23), (15, 24), (15, 25), (15, 25)], 2: [(29, 13), (29, 14), (28, 14), (27, 14), (27, 15), (27, 16), (27, 17), (27, 18), (27, 19), (27, 20), (27, 21), (27, 22), (27, 23), (27, 24), (27, 25), (27, 26), (27, 27), (27, 27)], 3: [(7, 3), (7, 2), (7, 1), (8, 1), (9, 1), (10, 1), (11, 1), (11, 2), (11, 3), (12, 3), (13, 3), (14, 3), (14, 4), (14, 5), (15, 5), (16, 5), (17, 5), (18, 5), (19, 5), (19, 6), (19, 7), (20, 7), (21, 7), (22, 7), (23, 7), (23, 8), (23, 9), (23, 10), (23, 11), (22, 11), (22, 12), (22, 13), (22, 14), (22, 15), (22, 16), (22, 17), (22, 18), (22, 19), (22, 20), (22, 21), (21, 21), (20, 21), (19, 21), (18, 21), (18, 22), (18, 23), (17, 23), (17, 24), (17, 25), (18, 25), (18, 26), (18, 27), (18, 27)], 4: [(23, 3), (22, 3), (21, 3), (21, 2), (21, 1), (20, 1), (19, 1), (18, 1), (17, 1), (17, 2), (16, 2), (15, 2), (14, 2), (13, 2), (13, 3), (12, 3), (11, 3), (11, 4), (11, 5), (11, 6), (11, 6)], 5: [(15, 11), (15, 10), (15, 9), (16, 9), (17, 9), (18, 9), (19, 9), (19, 10), (19, 11), (20, 11), (21, 11), (21, 10), (21, 9), (21, 9)], 6: [(13, 3), (12, 3), (11, 3), (11, 4), (11, 5), (10, 5), (9, 5), (9, 6), (8, 6), (7, 6), (7, 7), (6, 7), (6, 8), (6, 9), (7, 9), (7, 10), (6, 10), (5, 10), (4, 10), (3, 10), (2, 10), (2, 11), (3, 11), (3, 10), (4, 10), (5, 10), (5, 11), (5, 12), (5, 13), (5, 13)], 7: [(7, 5), (7, 6), (8, 6), (9, 6), (10, 6), (11, 6), (11, 5), (12, 5), (13, 5), (14, 5), (15, 5), (16, 5), (17, 5), (18, 5), (19, 5), (19, 6), (19, 7), (20, 7), (21, 7), (22, 7), (23, 7), (23, 8), (23, 9), (24, 9), (25, 9), (25, 8), (25, 7), (25, 6), (26, 6), (27, 6), (28, 6), (28, 6)], 8: [(25, 0), (25, 1), (25, 2), (25, 3), (26, 3), (27, 3), (27, 4), (27, 5), (26, 5), (25, 5), (25, 6), (25, 7), (25, 8), (25, 9), (25, 10), (25, 11), (26, 11), (27, 11), (27, 12), (27, 13), (27, 14), (27, 15), (27, 16), (27, 17), (27, 18), (27, 19), (27, 20), (27, 21), (27, 22), (27, 23), (27, 24), (27, 25), (26, 25), (25, 25), (24, 25), (23, 25), (23, 26), (22, 26), (21, 26), (20, 26), (19, 26), (18, 26), (18, 27), (18, 28), (18, 29), (17, 29), (17, 30), (17, 31), (16, 31), (15, 31), (15, 31)], 9: [(5, 25), (5, 26), (4, 26), (3, 26), (2, 26), (1, 26), (1, 25), (1, 24), (1, 23), (1, 22), (1, 21), (2, 21), (2, 20), (2, 19), (2, 18), (2, 17), (2, 16), (2, 15), (1, 15), (0, 15), (1, 15), (2, 15), (2, 16), (2, 17), (3, 17), (3, 18), (3, 19), (4, 19), (5, 19), (5, 18), (5, 17), (5, 17)]}, 59)