

CBSS-C STATS
starts:[108, 985, 61, 442, 321, 882, 858]
targets:[802, 836, 579, 587, 594, 679, 446, 557, 731, 554, 847, 389, 561, 35, 565, 880, 607, 51, 745, 207, 3, 345, 895, 1014, 742, 562, 938, 614, 633, 610, 824, 155, 499, 511, 354]
dests:[1020, 289, 934, 591, 826, 765, 327]
ac_dict:{802: {0, 1}, 836: {1, 2}, 579: {2, 3}, 587: {3, 4}, 594: {4, 5}, 679: {5, 6}, 1020: {0}, 289: {1}, 934: {2}, 591: {3}, 826: {4}, 765: {5}, 327: {6}}
clusters:[30 22  6  2 23  8 27 11 10 18 21  9 14  3  0 29 28 16 34 19 26 15 20  5
  4 33  7 31 24 32  1 13 25 12 17]

round: 6
best_g_value: 378.0
open_list_size: 9
num_low_level_expanded: 5489
search_success: 1
search_time: 163.0331741139962
n_tsp_call: 106
n_tsp_time: 159.49693137100257
n_roots: 4
num_conflicts: 7
target_assignment: {207: 0, 51: 0, 446: 0, 511: 0, 607: 0, 895: 0, 633: 3, 565: 3, 562: 3, 561: 3, 557: 3, 155: 2, 345: 2, 499: 2, 554: 2, 579: 2, 1014: 1, 880: 1, 847: 1, 938: 1, 836: 1, 802: 1, 610: 1, 614: 1, 389: 1, 354: 4, 35: 4, 3: 4, 587: 4, 594: 4, 731: 4, 824: 6, 745: 6, 742: 6, 679: 6}
cluster_target_selection: {19: 207, 16: 51, 27: 446, 12: 511, 28: 607, 20: 895, 24: 633, 0: 565, 33: 562, 14: 561, 11: 557, 13: 155, 15: 345, 25: 499, 18: 554, 6: 579, 5: 1014, 29: 880, 21: 847, 7: 938, 22: 836, 30: 802, 32: 610, 31: 614, 9: 389, 17: 354, 3: 35, 26: 3, 2: 587, 23: 594, 10: 731, 1: 824, 34: 745, 4: 742, 8: 679}
num_nodes_transformed_graph: 117
agent_paths:({0: [(12, 3), (13, 3), (14, 3), (14, 4), (14, 5), (15, 5), (15, 6), (15, 5), (14, 5), (14, 4), (14, 3), (14, 2), (15, 2), (16, 2), (17, 2), (17, 1), (18, 1), (19, 1), (20, 1), (21, 1), (22, 1), (23, 1), (23, 2), (23, 3), (24, 3), (25, 3), (26, 3), (27, 3), (27, 4), (27, 5), (27, 6), (28, 6), (29, 6), (30, 6), (30, 7), (31, 7), (31, 8), (31, 9), (31, 10), (31, 11), (31, 12), (31, 13), (30, 13), (31, 13), (31, 14), (31, 15), (31, 16), (31, 17), (31, 18), (31, 19), (31, 20), (31, 21), (31, 22), (31, 23), (30, 23), (30, 24), (30, 25), (31, 25), (31, 26), (31, 27), (31, 28), (31, 29), (30, 29), (29, 29), (29, 30), (29, 31), (28, 31), (28, 31)], 1: [(25, 30), (25, 31), (24, 31), (23, 31), (22, 31), (21, 31), (20, 31), (19, 31), (18, 31), (18, 30), (18, 29), (18, 28), (18, 27), (17, 27), (16, 27), (15, 27), (15, 26), (14, 26), (13, 26), (13, 27), (12, 27), (11, 27), (10, 27), (10, 28), (10, 29), (9, 29), (9, 30), (8, 30), (7, 30), (6, 30), (5, 30), (4, 30), (3, 30), (3, 29), (3, 28), (3, 27), (3, 26), (4, 26), (3, 26), (2, 26), (2, 25), (1, 25), (1, 24), (1, 23), (1, 22), (1, 21), (2, 21), (2, 20), (2, 19), (3, 19), (4, 19), (5, 19), (6, 19), (6, 18), (6, 17), (6, 16), (6, 15), (5, 15), (5, 14), (5, 13), (5, 12), (5, 11), (5, 10), (4, 10), (3, 10), (2, 10), (1, 10), (1, 9), (1, 9)], 2: [(29, 1), (29, 2), (28, 2), (27, 2), (27, 3), (27, 4), (27, 5), (26, 5), (25, 5), (25, 6), (25, 7), (25, 8), (25, 9), (25, 10), (25, 9), (24, 9), (23, 9), (22, 9), (22, 10), (22, 11), (22, 12), (22, 13), (21, 13), (20, 13), (19, 13), (19, 14), (19, 15), (18, 15), (17, 15), (17, 14), (16, 14), (15, 14), (14, 14), (13, 14), (12, 14), (11, 14), (11, 15), (11, 16), (11, 17), (10, 17), (9, 17), (9, 18), (8, 18), (7, 18), (6, 18), (5, 18), (5, 19), (4, 19), (3, 19), (3, 18), (3, 19), (2, 19), (2, 20), (2, 21), (2, 22), (2, 23), (1, 23), (1, 24), (1, 25), (2, 25), (3, 25), (3, 26), (3, 27), (3, 28), (3, 29), (3, 30), (4, 30), (5, 30), (5, 29), (6, 29), (6, 29)], 3: [(26, 13), (26, 14), (26, 15), (27, 15), (27, 16), (27, 17), (26, 17), (25, 17), (25, 18), (25, 19), (25, 18), (24, 18), (23, 18), (22, 18), (21, 18), (21, 17), (20, 17), (19, 17), (18, 17), (17, 17), (17, 18), (16, 18), (15, 18), (14, 18), (13, 18), (13, 17), (14, 17), (15, 17), (15, 18), (15, 18)], 4: [(1, 10), (2, 10), (2, 11), (2, 10), (3, 10), (4, 10), (5, 10), (5, 9), (6, 9), (6, 8), (6, 7), (5, 7), (5, 6), (5, 5), (4, 5), (3, 5), (3, 4), (3, 3), (3, 2), (3, 1), (3, 0), (3, 1), (3, 2), (3, 3), (3, 4), (3, 5), (4, 5), (5, 5), (6, 5), (6, 6), (6, 7), (6, 8), (6, 9), (7, 9), (8, 9), (9, 9), (9, 10), (9, 11), (9, 12), (9, 13), (10, 13), (11, 13), (11, 14), (11, 15), (11, 16), (11, 17), (11, 18), (11, 17), (11, 16), (11, 15), (11, 14), (12, 14), (13, 14), (14, 14), (15, 14), (16, 14), (17, 14), (18, 14), (18, 15), (18, 16), (18, 17), (18, 18), (19, 18), (19, 17), (20, 17), (21, 17), (22, 17), (23, 17), (23, 18), (24, 18), (25, 18), (26, 18), (27, 18), (27, 19), (27, 20), (27, 21), (27, 22), (27, 23), (27, 24), (27, 25), (26, 25), (26, 25)], 5: [(18, 27), (18, 26), (19, 26), (20, 26), (21, 26), (22, 26), (22, 25), (23, 25), (24, 25), (25, 25), (26, 25), (27, 25), (27, 24), (27, 23), (28, 23), (29, 23), (29, 23)], 6: [(26, 26), (25, 26), (25, 25), (24, 25), (23, 25), (22, 25), (21, 25), (21, 26), (20, 26), (19, 26), (18, 26), (17, 26), (17, 25), (17, 24), (17, 23), (17, 22), (16, 22), (15, 22), (14, 22), (13, 22), (13, 23), (12, 23), (11, 23), (10, 23), (9, 23), (9, 22), (9, 21), (8, 21), (7, 21), (6, 21), (6, 22), (6, 23), (6, 22), (6, 21), (7, 21), (8, 21), (9, 21), (9, 20), (9, 19), (9, 18), (8, 18), (7, 18), (7, 17), (6, 17), (6, 16), (6, 15), (6, 14), (6, 13), (5, 13), (5, 12), (5, 11), (5, 10), (6, 10), (7, 10), (7, 10)]}, 80)