

CBSS-C STATS
starts:[431, 570, 574, 3, 17, 551, 600, 970, 210, 735]
targets:[371, 839, 194, 357, 639, 835, 326, 349, 611, 462, 237, 262, 253, 234, 1002]
dests:[39, 383, 54, 810, 209, 550, 875, 633, 229, 47]
ac_dict:{371: {0, 1}, 839: {1, 2}, 194: {2, 3}, 357: {3, 4}, 639: {4, 5}, 835: {5, 6}, 326: {6, 7}, 349: {8, 7}, 611: {8, 9}, 39: {0}, 383: {1}, 54: {2}, 810: {3}, 209: {4}, 550: {5}, 875: {6}, 633: {7}, 229: {8}, 47: {9}}
clusters:[3 5 7 9 6 8 4 1 0 9 6 8 3 2 9]

round: 14
best_g_value: 401.0
open_list_size: 12
num_low_level_expanded: 6519
search_success: 1
search_time: 7.239568644668907
n_tsp_call: 20
n_tsp_time: 6.638022440485656
n_roots: 1
num_conflicts: 13
target_assignment: {462: 9, 611: 9, 237: 9, 194: 3, 262: 3, 839: 1, 326: 7, 234: 7, 349: 7, 253: 2}
cluster_target_selection: {9: 462, 0: 611, 6: 237, 7: 194, 8: 262, 5: 839, 4: 326, 2: 234, 1: 349, 3: 253}
num_nodes_transformed_graph: 59
agent_paths:({0: [(15, 13), (14, 13), (13, 13), (13, 14), (12, 14), (11, 14), (10, 14), (9, 14), (9, 13), (9, 12), (9, 11), (9, 10), (9, 9), (8, 9), (7, 9), (7, 10), (6, 10), (6, 9), (6, 8), (6, 7), (6, 6), (6, 5), (6, 4), (6, 3), (6, 2), (6, 1), (7, 1), (7, 1)], 1: [(26, 17), (25, 17), (25, 18), (24, 18), (23, 18), (22, 18), (22, 19), (22, 20), (22, 21), (21, 21), (20, 21), (19, 21), (18, 21), (17, 21), (17, 22), (16, 22), (15, 22), (14, 22), (13, 22), (13, 23), (12, 23), (11, 23), (11, 24), (11, 25), (10, 25), (10, 26), (10, 27), (10, 28), (10, 29), (9, 29), (9, 30), (8, 30), (7, 30), (6, 30), (5, 30), (4, 30), (3, 30), (3, 29), (3, 28), (3, 27), (3, 26), (4, 26), (5, 26), (6, 26), (7, 26), (6, 26), (5, 26), (4, 26), (3, 26), (3, 25), (2, 25), (1, 25), (1, 24), (1, 23), (1, 22), (1, 21), (2, 21), (2, 20), (2, 19), (3, 19), (4, 19), (5, 19), (5, 18), (6, 18), (7, 18), (8, 18), (9, 18), (9, 17), (10, 17), (11, 17), (11, 16), (11, 15), (11, 14), (12, 14), (13, 14), (14, 14), (15, 14), (16, 14), (17, 14), (17, 13), (18, 13), (18, 12), (18, 11), (19, 11), (20, 11), (21, 11), (22, 11), (23, 11), (23, 10), (23, 9), (24, 9), (25, 9), (26, 9), (27, 9), (27, 10), (28, 10), (29, 10), (30, 10), (31, 10), (31, 11), (31, 11)], 2: [(30, 17), (31, 17), (31, 16), (31, 15), (31, 14), (31, 13), (31, 12), (31, 11), (31, 10), (31, 9), (31, 8), (31, 7), (30, 7), (29, 7), (29, 6), (28, 6), (27, 6), (27, 5), (27, 4), (27, 3), (26, 3), (25, 3), (24, 3), (23, 3), (22, 3), (22, 2), (22, 1), (22, 1)], 3: [(3, 0), (3, 1), (3, 2), (3, 3), (3, 4), (3, 5), (2, 5), (2, 6), (3, 6), (3, 5), (4, 5), (5, 5), (6, 5), (6, 6), (6, 7), (6, 8), (6, 9), (7, 9), (8, 9), (9, 9), (9, 10), (9, 11), (9, 12), (9, 13), (10, 13), (10, 14), (10, 15), (11, 15), (11, 16), (11, 17), (10, 17), (10, 18), (10, 19), (9, 19), (9, 20), (9, 21), (10, 21), (10, 22), (10, 23), (11, 23), (11, 24), (11, 25), (10, 25), (10, 25)], 4: [(17, 0), (17, 1), (17, 2), (16, 2), (15, 2), (15, 3), (14, 3), (14, 4), (14, 5), (15, 5), (16, 5), (17, 5), (17, 6), (17, 6)], 5: [(7, 17), (6, 17), (6, 17)], 6: [(24, 18), (23, 18), (22, 18), (22, 19), (22, 20), (22, 21), (21, 21), (20, 21), (19, 21), (18, 21), (17, 21), (17, 22), (16, 22), (15, 22), (14, 22), (13, 22), (13, 23), (12, 23), (11, 23), (11, 24), (11, 25), (11, 26), (11, 27), (11, 27)], 7: [(10, 30), (10, 29), (10, 28), (10, 27), (10, 26), (10, 25), (11, 25), (11, 24), (11, 23), (10, 23), (9, 23), (9, 22), (9, 21), (9, 20), (9, 19), (9, 18), (9, 17), (10, 17), (11, 17), (11, 16), (11, 15), (10, 15), (9, 15), (9, 14), (9, 13), (8, 13), (7, 13), (6, 13), (5, 13), (5, 12), (5, 11), (5, 10), (6, 10), (6, 9), (6, 8), (6, 7), (7, 7), (7, 6), (8, 6), (9, 6), (10, 6), (10, 7), (11, 7), (11, 6), (11, 5), (12, 5), (13, 5), (14, 5), (15, 5), (16, 5), (17, 5), (18, 5), (19, 5), (19, 6), (19, 7), (20, 7), (21, 7), (22, 7), (23, 7), (23, 8), (23, 9), (24, 9), (25, 9), (26, 9), (27, 9), (27, 10), (28, 10), (29, 10), (28, 10), (27, 10), (27, 11), (27, 12), (27, 13), (27, 14), (27, 15), (27, 16), (27, 17), (26, 17), (25, 17), (25, 18), (25, 19), (25, 19)], 8: [(18, 6), (17, 6), (17, 5), (16, 5), (15, 5), (14, 5), (13, 5), (12, 5), (11, 5), (10, 5), (9, 5), (9, 6), (8, 6), (7, 6), (6, 6), (5, 6), (5, 7), (5, 7)], 9: [(31, 22), (31, 21), (31, 20), (31, 19), (30, 19), (29, 19), (29, 18), (28, 18), (27, 18), (26, 18), (25, 18), (24, 18), (23, 18), (22, 18), (21, 18), (21, 17), (20, 17), (19, 17), (18, 17), (18, 16), (18, 15), (17, 15), (17, 14), (16, 14), (15, 14), (14, 14), (13, 14), (12, 14), (11, 14), (11, 15), (11, 16), (11, 17), (10, 17), (9, 17), (9, 18), (8, 18), (7, 18), (6, 18), (5, 18), (5, 19), (4, 19), (3, 19), (4, 19), (5, 19), (5, 18), (6, 18), (7, 18), (8, 18), (9, 18), (9, 17), (10, 17), (11, 17), (11, 16), (11, 15), (11, 14), (11, 13), (10, 13), (9, 13), (9, 12), (9, 11), (10, 11), (11, 11), (12, 11), (13, 11), (13, 10), (13, 9), (14, 9), (14, 8), (14, 7), (13, 7), (13, 6), (13, 5), (14, 5), (14, 4), (14, 3), (14, 2), (14, 1), (15, 1), (15, 1)]}, 99)