

CBSS-C STATS
starts:[350, 855, 847, 289, 481, 806, 565, 439, 625, 221]
targets:[243, 349, 189, 679, 378, 973, 37, 1003, 244, 443]
dests:[862, 47, 723, 549, 195, 317, 635, 729, 850, 880]
ac_dict:{243: {0, 1}, 349: {1, 2}, 189: {2, 3}, 679: {3, 4}, 378: {4, 5}, 973: {5, 6}, 37: {6, 7}, 1003: {8, 7}, 244: {8, 9}, 862: {0}, 47: {1}, 723: {2}, 549: {3}, 195: {4}, 317: {5}, 635: {6}, 729: {7}, 850: {8}, 880: {9}}
clusters:[1 0 3 3 1 4 2 4 1 1]

round: 68
best_g_value: 352.0
open_list_size: 67
num_low_level_expanded: 58013
search_success: 1
search_time: 5.092908830847591
n_tsp_call: 13
n_tsp_time: 2.7271840148605406
n_roots: 1
num_conflicts: 67
target_assignment: {37: 7, 679: 4, 349: 1, 243: 1, 973: 5}
cluster_target_selection: {2: 37, 3: 679, 0: 349, 1: 243, 4: 973}
num_nodes_transformed_graph: 48
agent_paths:({0: [(30, 10), (30, 11), (31, 11), (31, 12), (31, 13), (31, 14), (31, 15), (31, 16), (31, 17), (31, 18), (31, 19), (31, 20), (31, 21), (30, 21), (30, 22), (30, 23), (30, 24), (30, 25), (30, 26), (30, 26)], 1: [(23, 26), (23, 25), (23, 24), (23, 23), (23, 22), (23, 21), (22, 21), (22, 20), (22, 19), (22, 18), (23, 18), (24, 18), (25, 18), (25, 17), (26, 17), (27, 17), (27, 16), (27, 15), (27, 14), (27, 13), (27, 12), (27, 11), (27, 10), (28, 10), (29, 10), (28, 10), (27, 10), (26, 10), (25, 10), (25, 9), (24, 9), (23, 9), (23, 8), (23, 7), (22, 7), (21, 7), (20, 7), (19, 7), (18, 7), (17, 7), (17, 6), (17, 5), (16, 5), (15, 5), (14, 5), (14, 4), (14, 3), (14, 2), (14, 1), (15, 1), (15, 1)], 2: [(15, 26), (15, 25), (15, 24), (15, 23), (15, 22), (16, 22), (17, 22), (18, 22), (19, 22), (19, 22)], 3: [(1, 9), (2, 9), (3, 9), (3, 10), (4, 10), (5, 10), (5, 11), (5, 12), (5, 13), (5, 14), (5, 15), (6, 15), (6, 16), (6, 17), (5, 17), (5, 17)], 4: [(1, 15), (2, 15), (2, 16), (2, 17), (2, 18), (2, 19), (2, 20), (2, 21), (3, 21), (3, 22), (4, 22), (5, 22), (5, 21), (6, 21), (7, 21), (8, 21), (9, 21), (9, 20), (9, 19), (9, 18), (8, 18), (7, 18), (6, 18), (6, 17), (6, 16), (6, 15), (5, 15), (5, 14), (5, 13), (5, 12), (5, 11), (5, 10), (5, 9), (6, 9), (6, 8), (6, 7), (5, 7), (5, 6), (5, 5), (4, 5), (3, 5), (3, 6), (3, 6)], 5: [(6, 25), (6, 26), (5, 26), (4, 26), (3, 26), (3, 27), (3, 28), (3, 29), (3, 30), (4, 30), (5, 30), (6, 30), (7, 30), (8, 30), (9, 30), (10, 30), (10, 29), (10, 28), (10, 27), (11, 27), (12, 27), (13, 27), (14, 27), (15, 27), (16, 27), (17, 27), (18, 27), (18, 28), (18, 29), (17, 29), (17, 30), (17, 31), (16, 31), (15, 31), (14, 31), (13, 31), (13, 30), (14, 30), (15, 30), (15, 31), (16, 31), (17, 31), (17, 30), (17, 29), (18, 29), (18, 28), (18, 27), (19, 27), (19, 26), (20, 26), (21, 26), (21, 25), (22, 25), (23, 25), (23, 24), (23, 23), (23, 22), (23, 21), (22, 21), (22, 20), (22, 19), (22, 18), (23, 18), (24, 18), (25, 18), (25, 17), (26, 17), (27, 17), (27, 16), (27, 15), (27, 14), (27, 13), (27, 12), (27, 11), (27, 10), (28, 10), (29, 10), (29, 9), (29, 9)], 6: [(21, 17), (22, 17), (23, 17), (23, 18), (24, 18), (25, 18), (26, 18), (27, 18), (27, 19), (27, 19)], 7: [(23, 13), (22, 13), (21, 13), (20, 13), (19, 13), (18, 13), (18, 12), (18, 11), (17, 11), (17, 10), (17, 9), (16, 9), (15, 9), (14, 9), (14, 8), (14, 7), (13, 7), (13, 6), (13, 5), (12, 5), (11, 5), (11, 4), (11, 3), (10, 3), (9, 3), (9, 2), (9, 1), (8, 1), (7, 1), (6, 1), (5, 1), (6, 1), (7, 1), (8, 1), (9, 1), (10, 1), (11, 1), (11, 2), (11, 3), (11, 4), (11, 5), (12, 5), (13, 5), (13, 6), (14, 6), (14, 7), (14, 8), (14, 9), (15, 9), (16, 9), (17, 9), (18, 9), (19, 9), (19, 10), (19, 11), (20, 11), (21, 11), (22, 11), (22, 12), (22, 13), (22, 14), (22, 15), (22, 16), (22, 17), (22, 18), (22, 19), (22, 20), (22, 21), (23, 21), (23, 22), (23, 23), (23, 24), (23, 25), (24, 25), (25, 25), (26, 25), (27, 25), (27, 24), (27, 23), (26, 23), (25, 23), (25, 22), (25, 22)], 8: [(17, 19), (18, 19), (18, 18), (18, 17), (19, 17), (20, 17), (21, 17), (21, 18), (21, 19), (22, 19), (22, 20), (22, 21), (21, 21), (20, 21), (19, 21), (18, 21), (18, 22), (18, 23), (17, 23), (17, 24), (17, 25), (18, 25), (18, 26), (18, 26)], 9: [(29, 6), (28, 6), (27, 6), (26, 6), (25, 6), (25, 7), (25, 8), (25, 9), (24, 9), (23, 9), (22, 9), (22, 10), (22, 11), (22, 12), (22, 13), (22, 14), (22, 15), (22, 16), (22, 17), (22, 18), (22, 19), (22, 20), (22, 21), (21, 21), (20, 21), (19, 21), (18, 21), (17, 21), (17, 22), (17, 23), (17, 24), (17, 25), (17, 26), (17, 27), (16, 27), (16, 27)]}, 81)