

CBSS-C STATS
starts:[587, 97, 592, 818, 629, 372, 701, 39, 875, 595]
targets:[914, 1007, 190, 465, 187, 621, 287, 938, 113, 341, 299, 499, 584, 850, 928]
dests:[769, 662, 366, 230, 422, 21, 79, 435, 162, 977]
ac_dict:{914: {0, 1}, 1007: {1, 2}, 190: {2, 3}, 465: {3, 4}, 187: {4, 5}, 621: {5, 6}, 287: {6, 7}, 938: {8, 7}, 113: {8, 9}, 769: {0}, 662: {1}, 366: {2}, 230: {3}, 422: {4}, 21: {5}, 79: {6}, 435: {7}, 162: {8}, 977: {9}}
clusters:[9 8 2 7 2 2 0 7 3 5 5 4 1 1 6]

round: 1602
best_g_value: 397.0
open_list_size: 1601
num_low_level_expanded: 1421069
search_success: 1
search_time: 49.380708490964025
n_tsp_call: 19
n_tsp_time: 5.74179197056219
n_roots: 1
num_conflicts: 1601
target_assignment: {928: 8, 113: 8, 584: 1, 914: 1, 1007: 1, 287: 6, 499: 4, 465: 4, 341: 5, 187: 5}
cluster_target_selection: {6: 928, 3: 113, 1: 584, 9: 914, 8: 1007, 0: 287, 4: 499, 7: 465, 5: 341, 2: 187}
num_nodes_transformed_graph: 59
agent_paths:({0: [(11, 18), (10, 18), (9, 18), (8, 18), (7, 18), (6, 18), (5, 18), (5, 19), (4, 19), (3, 19), (2, 19), (2, 20), (2, 21), (1, 21), (1, 22), (1, 23), (1, 24), (1, 25), (2, 25), (2, 25), (2, 25), (2, 25), (2, 25), (2, 25), (2, 25), (1, 25), (1, 24), (1, 24)], 1: [(1, 3), (2, 3), (3, 3), (3, 4), (3, 5), (4, 5), (5, 5), (6, 5), (6, 6), (6, 7), (6, 8), (6, 9), (6, 10), (6, 11), (5, 11), (5, 12), (5, 13), (6, 13), (6, 14), (6, 15), (6, 16), (6, 17), (7, 17), (7, 18), (8, 18), (9, 18), (9, 19), (9, 20), (9, 21), (10, 21), (11, 21), (11, 22), (11, 23), (12, 23), (13, 23), (14, 23), (15, 23), (15, 24), (15, 25), (15, 26), (15, 27), (16, 27), (17, 27), (18, 27), (18, 28), (18, 29), (18, 30), (18, 31), (17, 31), (16, 31), (15, 31), (16, 31), (17, 31), (18, 31), (18, 30), (18, 29), (18, 28), (18, 27), (18, 26), (19, 26), (20, 26), (21, 26), (21, 25), (22, 25), (23, 25), (23, 24), (23, 23), (22, 23), (22, 22), (22, 21), (22, 20), (22, 20)], 2: [(16, 18), (17, 18), (17, 17), (18, 17), (18, 16), (18, 15), (18, 14), (18, 13), (18, 12), (18, 11), (17, 11), (17, 10), (17, 9), (16, 9), (15, 9), (14, 9), (14, 10), (14, 11), (14, 11)], 3: [(18, 25), (17, 25), (17, 24), (17, 23), (17, 22), (16, 22), (15, 22), (14, 22), (13, 22), (13, 23), (12, 23), (11, 23), (10, 23), (9, 23), (9, 22), (9, 21), (9, 20), (9, 19), (9, 18), (8, 18), (7, 18), (6, 18), (6, 17), (6, 16), (6, 15), (6, 14), (5, 14), (5, 13), (5, 12), (5, 11), (5, 10), (5, 9), (6, 9), (6, 8), (6, 7), (6, 7)], 4: [(21, 19), (21, 18), (22, 18), (22, 17), (21, 17), (20, 17), (19, 17), (18, 17), (18, 16), (18, 15), (19, 15), (18, 15), (17, 15), (17, 14), (16, 14), (15, 14), (14, 14), (13, 14), (12, 14), (11, 14), (10, 14), (9, 14), (9, 13), (8, 13), (7, 13), (6, 13), (6, 13)], 5: [(20, 11), (21, 11), (21, 10), (21, 9), (22, 9), (23, 9), (24, 9), (25, 9), (25, 8), (25, 7), (25, 6), (25, 5), (26, 5), (27, 5), (27, 4), (27, 3), (26, 3), (25, 3), (24, 3), (23, 3), (22, 3), (21, 3), (21, 2), (21, 1), (21, 0), (21, 0)], 6: [(29, 21), (30, 21), (31, 21), (31, 20), (31, 19), (31, 18), (31, 17), (31, 16), (31, 15), (31, 14), (31, 13), (31, 12), (31, 11), (31, 10), (31, 9), (31, 8), (31, 7), (30, 7), (29, 7), (29, 6), (28, 6), (27, 6), (27, 5), (27, 4), (27, 3), (26, 3), (25, 3), (24, 3), (23, 3), (22, 3), (21, 3), (21, 2), (21, 1), (20, 1), (19, 1), (18, 1), (17, 1), (17, 2), (16, 2), (15, 2), (15, 1), (15, 1), (15, 1), (15, 1), (15, 1), (15, 1), (15, 1), (15, 1), (15, 1), (15, 1), (15, 1), (15, 1), (15, 1), (15, 1), (15, 1), (15, 1), (15, 1), (15, 1), (15, 1), (15, 1), (15, 1), (15, 1), (15, 1), (15, 1), (15, 1), (15, 1), (15, 1), (15, 1), (15, 2), (15, 2)], 7: [(7, 1), (8, 1), (9, 1), (10, 1), (11, 1), (11, 2), (11, 3), (12, 3), (13, 3), (14, 3), (14, 4), (14, 5), (15, 5), (16, 5), (17, 5), (18, 5), (18, 6), (18, 7), (18, 8), (18, 9), (18, 10), (18, 11), (18, 12), (18, 13), (19, 13), (19, 13)], 8: [(11, 27), (10, 27), (10, 28), (10, 29), (9, 29), (9, 30), (8, 30), (7, 30), (6, 30), (5, 30), (4, 30), (3, 30), (2, 30), (1, 30), (1, 29), (0, 29), (1, 29), (2, 29), (3, 29), (3, 28), (3, 27), (3, 26), (2, 26), (1, 26), (1, 25), (1, 24), (1, 23), (1, 22), (1, 21), (2, 21), (2, 20), (2, 19), (3, 19), (4, 19), (5, 19), (5, 18), (5, 17), (6, 17), (6, 16), (6, 15), (6, 14), (7, 14), (7, 13), (8, 13), (9, 13), (9, 12), (9, 11), (10, 11), (11, 11), (12, 11), (13, 11), (13, 10), (13, 9), (14, 9), (14, 8), (14, 7), (14, 6), (14, 5), (14, 4), (14, 3), (15, 3), (15, 2), (16, 2), (17, 2), (17, 3), (17, 2), (16, 2), (15, 2), (14, 2), (13, 2), (13, 3), (12, 3), (11, 3), (11, 4), (11, 5), (10, 5), (9, 5), (9, 6), (8, 6), (7, 6), (6, 6), (5, 6), (5, 5), (4, 5), (3, 5), (2, 5), (2, 5)], 9: [(19, 18), (19, 17), (20, 17), (21, 17), (21, 18), (21, 19), (22, 19), (22, 20), (22, 21), (21, 21), (20, 21), (19, 21), (18, 21), (17, 21), (17, 22), (17, 23), (17, 24), (17, 25), (17, 26), (17, 27), (18, 27), (18, 28), (18, 29), (17, 29), (17, 30), (17, 30)]}, 85)