

CBSS-C STATS
starts:[449, 307, 755, 1013, 235, 304, 607, 463, 574, 353]
targets:[690, 635, 893, 310, 1009, 55, 886, 193, 418, 51]
dests:[357, 17, 612, 729, 890, 299, 494, 411, 417, 966]
ac_dict:{690: {0, 1}, 635: {1, 2}, 893: {2, 3}, 310: {3, 4}, 1009: {4, 5}, 55: {5, 6}, 886: {6, 7}, 193: {8, 7}, 418: {8, 9}, 357: {0}, 17: {1}, 612: {2}, 729: {3}, 890: {4}, 299: {5}, 494: {6}, 411: {7}, 417: {8}, 966: {9}}
clusters:[4 4 4 0 2 3 3 1 0 3]

round: 263
best_g_value: 332.0
open_list_size: 262
num_low_level_expanded: 264182
search_success: 1
search_time: 9.204303450882435
n_tsp_call: 15
n_tsp_time: 1.6080361031927168
n_roots: 1
num_conflicts: 262
target_assignment: {893: 3, 1009: 4, 193: 8, 418: 8, 51: 1}
cluster_target_selection: {4: 893, 2: 1009, 1: 193, 0: 418, 3: 51}
num_nodes_transformed_graph: 34
agent_paths:({0: [(1, 14), (2, 14), (2, 15), (2, 16), (2, 17), (3, 17), (3, 18), (3, 19), (4, 19), (5, 19), (5, 18), (5, 17), (5, 17), (5, 17), (6, 17), (6, 16), (6, 15), (5, 15), (5, 14), (5, 13), (5, 12), (5, 11), (5, 11)], 1: [(19, 9), (18, 9), (18, 8), (18, 7), (18, 6), (18, 5), (17, 5), (16, 5), (15, 5), (14, 5), (14, 4), (14, 3), (14, 2), (15, 2), (16, 2), (17, 2), (17, 1), (18, 1), (19, 1), (18, 1), (17, 1), (17, 0), (17, 0)], 2: [(19, 23), (18, 23), (17, 23), (17, 22), (16, 22), (15, 22), (14, 22), (13, 22), (13, 23), (12, 23), (11, 23), (10, 23), (9, 23), (9, 22), (9, 21), (9, 20), (9, 19), (9, 18), (8, 18), (7, 18), (6, 18), (5, 18), (5, 19), (4, 19), (4, 19)], 3: [(21, 31), (22, 31), (23, 31), (24, 31), (25, 31), (26, 31), (27, 31), (28, 31), (29, 31), (29, 30), (29, 29), (30, 29), (31, 29), (31, 28), (31, 27), (30, 27), (29, 27), (29, 26), (29, 25), (30, 25), (30, 24), (30, 23), (29, 23), (28, 23), (27, 23), (26, 23), (25, 23), (25, 22), (25, 22)], 4: [(11, 7), (11, 6), (11, 5), (12, 5), (13, 5), (14, 5), (14, 6), (14, 7), (14, 8), (14, 9), (15, 9), (16, 9), (17, 9), (17, 10), (17, 11), (18, 11), (18, 12), (18, 13), (18, 14), (18, 15), (18, 16), (18, 17), (19, 17), (20, 17), (21, 17), (21, 18), (21, 19), (22, 19), (22, 20), (22, 21), (21, 21), (20, 21), (19, 21), (18, 21), (17, 21), (17, 22), (17, 23), (17, 24), (17, 25), (17, 26), (17, 27), (18, 27), (18, 28), (18, 29), (17, 29), (17, 30), (17, 31), (18, 31), (19, 31), (20, 31), (21, 31), (22, 31), (23, 31), (24, 31), (25, 31), (25, 30), (25, 29), (26, 29), (27, 29), (27, 28), (27, 27), (26, 27), (26, 27)], 5: [(16, 9), (15, 9), (14, 9), (13, 9), (13, 10), (13, 11), (12, 11), (11, 11), (11, 10), (11, 9), (11, 9)], 6: [(31, 18), (30, 18), (30, 18), (29, 18), (28, 18), (27, 18), (26, 18), (25, 18), (24, 18), (23, 18), (22, 18), (21, 18), (21, 17), (20, 17), (19, 17), (18, 17), (18, 16), (18, 15), (17, 15), (17, 14), (16, 14), (15, 14), (14, 14), (14, 15), (14, 15)], 7: [(15, 14), (16, 14), (17, 14), (17, 13), (18, 13), (19, 13), (20, 13), (21, 13), (22, 13), (22, 12), (22, 11), (23, 11), (23, 10), (23, 9), (24, 9), (25, 9), (26, 9), (27, 9), (27, 10), (27, 11), (27, 12), (27, 12)], 8: [(30, 17), (29, 17), (29, 18), (28, 18), (27, 18), (26, 18), (25, 18), (24, 18), (23, 18), (22, 18), (21, 18), (21, 17), (20, 17), (19, 17), (18, 17), (18, 16), (18, 15), (17, 15), (17, 14), (16, 14), (15, 14), (14, 14), (13, 14), (12, 14), (11, 14), (10, 14), (9, 14), (9, 13), (9, 12), (9, 11), (9, 10), (9, 9), (8, 9), (7, 9), (6, 9), (6, 8), (6, 7), (5, 7), (5, 6), (5, 5), (4, 5), (3, 5), (2, 5), (1, 5), (1, 6), (2, 6), (2, 5), (3, 5), (4, 5), (5, 5), (5, 6), (5, 7), (6, 7), (6, 8), (6, 9), (7, 9), (8, 9), (9, 9), (9, 10), (9, 11), (9, 12), (9, 13), (10, 13), (11, 13), (11, 14), (11, 15), (11, 16), (11, 17), (10, 17), (9, 17), (9, 18), (9, 19), (9, 20), (9, 21), (8, 21), (7, 21), (6, 21), (5, 21), (5, 22), (4, 22), (3, 22), (2, 22), (2, 21), (2, 20), (2, 19), (2, 18), (2, 17), (2, 16), (2, 15), (2, 14), (2, 13), (1, 13), (1, 13)], 9: [(1, 11), (2, 11), (3, 11), (3, 10), (4, 10), (5, 10), (5, 11), (5, 12), (5, 13), (6, 13), (6, 14), (6, 15), (6, 16), (6, 17), (6, 18), (6, 19), (5, 19), (4, 19), (3, 19), (2, 19), (2, 20), (2, 21), (2, 22), (2, 23), (1, 23), (1, 24), (1, 25), (2, 25), (3, 25), (3, 26), (3, 27), (3, 28), (3, 29), (3, 30), (4, 30), (5, 30), (6, 30), (6, 30)]}, 91)