

CBSS-C STATS
starts:[759, 577, 70, 87, 838]
targets:[29, 829, 41, 465, 327, 106, 33, 343, 214, 431, 870, 393, 723, 575, 677, 961, 558, 831, 373, 899, 731, 192, 707, 318, 963, 709, 642, 170, 227, 193, 613, 873, 1015, 1017, 765, 57, 50, 313, 85, 974, 833, 1018, 62, 950, 55]
dests:[802, 166, 306, 970, 255]
ac_dict:{29: {0, 1}, 829: {1, 2}, 41: {2, 3}, 465: {3, 4}, 802: {0}, 166: {1}, 306: {2}, 970: {3}, 255: {4}}
clusters:[19 29 35 36 28 27 37 24 25 38 30 31 13  3 22 17 12 20 26 34  2 42 39 41
 21 14  6 44 11 33 15 40  9 16  0  8 32  1 23 43  5  7 10 18  4]

round: 1
best_g_value: 375.0
open_list_size: 0
num_low_level_expanded: 751
search_success: 1
search_time: 30.727562296000542
n_tsp_call: 1
n_tsp_time: 30.608129295011167
n_roots: 1
num_conflicts: 0
target_assignment: {950: 0, 1015: 0, 1018: 0, 1017: 0, 974: 0, 873: 0, 963: 0, 961: 0, 899: 0, 41: 2, 106: 2, 870: 4, 833: 4, 642: 4, 613: 4, 431: 4, 465: 4, 558: 4, 373: 4, 343: 4, 214: 4, 313: 4, 318: 4, 707: 1, 709: 1, 677: 1, 723: 1, 731: 1, 765: 1, 829: 1, 831: 1, 575: 1, 62: 1, 29: 1, 57: 1, 85: 1, 227: 1, 193: 1, 192: 1, 33: 1, 55: 3, 50: 3, 170: 3, 327: 3, 393: 3}
cluster_target_selection: {18: 950, 9: 1015, 7: 1018, 16: 1017, 43: 974, 40: 873, 21: 963, 17: 961, 34: 899, 35: 41, 27: 106, 30: 870, 5: 833, 6: 642, 15: 613, 38: 431, 36: 465, 12: 558, 26: 373, 24: 343, 25: 214, 1: 313, 41: 318, 39: 707, 14: 709, 22: 677, 13: 723, 2: 731, 0: 765, 29: 829, 20: 831, 3: 575, 10: 62, 19: 29, 8: 57, 23: 85, 11: 227, 33: 193, 42: 192, 37: 33, 4: 55, 32: 50, 44: 170, 28: 327, 31: 393}
num_nodes_transformed_graph: 223
agent_paths:({0: [(23, 23), (23, 24), (23, 25), (23, 26), (23, 27), (23, 28), (23, 29), (22, 29), (23, 29), (23, 30), (23, 31), (24, 31), (25, 31), (26, 31), (25, 31), (24, 31), (23, 31), (22, 31), (21, 31), (20, 31), (19, 31), (18, 31), (17, 31), (16, 31), (15, 31), (14, 31), (14, 30), (15, 30), (15, 31), (16, 31), (17, 31), (17, 30), (17, 29), (18, 29), (18, 28), (18, 27), (17, 27), (16, 27), (15, 27), (14, 27), (13, 27), (12, 27), (11, 27), (10, 27), (9, 27), (10, 27), (10, 28), (10, 29), (9, 29), (9, 30), (8, 30), (7, 30), (6, 30), (5, 30), (4, 30), (3, 30), (2, 30), (1, 30), (1, 29), (2, 29), (3, 29), (3, 28), (3, 27), (2, 27), (2, 26), (2, 25), (2, 25)], 1: [(1, 18), (2, 18), (2, 19), (2, 20), (2, 21), (3, 21), (3, 22), (4, 22), (5, 22), (5, 21), (6, 21), (7, 21), (8, 21), (9, 21), (10, 21), (11, 21), (11, 22), (11, 23), (12, 23), (13, 23), (13, 22), (14, 22), (15, 22), (16, 22), (17, 22), (18, 22), (19, 22), (19, 21), (20, 21), (21, 21), (22, 21), (23, 21), (23, 22), (23, 23), (23, 24), (23, 25), (24, 25), (25, 25), (26, 25), (27, 25), (27, 24), (27, 23), (27, 22), (27, 23), (28, 23), (29, 23), (30, 23), (30, 24), (30, 25), (29, 25), (30, 25), (31, 25), (30, 25), (30, 24), (30, 23), (30, 22), (30, 21), (31, 21), (31, 20), (31, 19), (31, 18), (31, 17), (31, 16), (31, 15), (31, 14), (31, 13), (31, 12), (31, 11), (31, 10), (31, 9), (31, 8), (31, 7), (30, 7), (30, 6), (30, 5), (30, 4), (30, 3), (30, 2), (30, 1), (29, 1), (29, 0), (29, 1), (29, 2), (28, 2), (27, 2), (26, 2), (25, 2), (25, 1), (25, 2), (25, 3), (24, 3), (23, 3), (22, 3), (21, 3), (21, 2), (21, 1), (20, 1), (19, 1), (18, 1), (17, 1), (17, 2), (16, 2), (15, 2), (14, 2), (13, 2), (13, 3), (12, 3), (11, 3), (11, 4), (11, 5), (10, 5), (9, 5), (9, 6), (8, 6), (7, 6), (6, 6), (5, 6), (5, 5), (4, 5), (3, 5), (3, 6), (3, 7), (2, 7), (1, 7), (1, 6), (0, 6), (1, 6), (1, 5), (2, 5), (3, 5), (3, 4), (3, 3), (2, 3), (1, 3), (1, 2), (1, 1), (2, 1), (3, 1), (3, 2), (3, 3), (3, 4), (3, 5), (4, 5), (5, 5), (6, 5), (6, 5)], 2: [(6, 2), (6, 1), (7, 1), (8, 1), (9, 1), (10, 1), (10, 2), (10, 3), (11, 3), (12, 3), (13, 3), (14, 3), (14, 4), (14, 5), (15, 5), (16, 5), (17, 5), (18, 5), (18, 6), (18, 7), (18, 8), (18, 9), (18, 9)], 3: [(23, 2), (23, 1), (22, 1), (21, 1), (20, 1), (19, 1), (18, 1), (17, 1), (17, 2), (16, 2), (15, 2), (14, 2), (13, 2), (13, 3), (12, 3), (11, 3), (11, 4), (11, 5), (10, 5), (9, 5), (9, 6), (8, 6), (7, 6), (7, 7), (6, 7), (6, 8), (6, 9), (7, 9), (7, 10), (7, 9), (8, 9), (9, 9), (9, 10), (9, 11), (9, 12), (9, 13), (10, 13), (10, 14), (10, 15), (11, 15), (11, 16), (11, 17), (10, 17), (10, 18), (10, 19), (9, 19), (9, 20), (9, 21), (10, 21), (10, 22), (10, 23), (11, 23), (11, 24), (11, 25), (10, 25), (10, 26), (10, 27), (10, 28), (10, 29), (10, 30), (10, 30)], 4: [(6, 26), (6, 27), (5, 27), (5, 26), (4, 26), (3, 26), (2, 26), (1, 26), (1, 25), (1, 24), (1, 23), (1, 22), (1, 21), (2, 21), (2, 20), (2, 19), (3, 19), (4, 19), (5, 19), (5, 18), (6, 18), (7, 18), (8, 18), (9, 18), (9, 17), (10, 17), (11, 17), (11, 16), (11, 15), (11, 14), (12, 14), (13, 14), (13, 13), (14, 13), (15, 13), (15, 14), (16, 14), (17, 14), (17, 15), (18, 15), (18, 16), (18, 17), (17, 17), (17, 18), (16, 18), (15, 18), (14, 18), (14, 17), (15, 17), (15, 18), (16, 18), (17, 18), (17, 17), (18, 17), (18, 16), (18, 15), (18, 14), (18, 13), (18, 12), (18, 11), (19, 11), (20, 11), (21, 11), (21, 10), (22, 10), (23, 10), (23, 9), (23, 8), (23, 7), (22, 7), (22, 6), (23, 6), (23, 7), (23, 8), (23, 9), (24, 9), (25, 9), (26, 9), (27, 9), (27, 10), (28, 10), (29, 10), (29, 9), (30, 9), (31, 9), (31, 8), (31, 7), (31, 7)]}, 144)