

CBSS-C STATS
starts:[679, 928, 175, 673, 305, 613, 1022, 425, 363, 607]
targets:[919, 103, 219, 874, 743, 201, 166, 1002, 359, 483, 430, 822, 733, 353, 880]
dests:[764, 594, 667, 230, 445, 476, 762, 1005, 95, 626]
ac_dict:{919: {0, 1}, 103: {1, 2}, 219: {2, 3}, 874: {3, 4}, 743: {4, 5}, 201: {5, 6}, 166: {6, 7}, 1002: {8, 7}, 359: {8, 9}, 764: {0}, 594: {1}, 667: {2}, 230: {3}, 445: {4}, 476: {5}, 762: {6}, 1005: {7}, 95: {8}, 626: {9}}
clusters:[7 8 9 0 7 1 2 4 3 0 9 5 6 3 5]

round: 1363
best_g_value: 400.0
open_list_size: 1362
num_low_level_expanded: 640990
search_success: 1
search_time: 59.96930722799152
n_tsp_call: 16
n_tsp_time: 15.352317598182708
n_roots: 1
num_conflicts: 1362
target_assignment: {919: 0, 733: 6, 166: 7, 1002: 7, 880: 7, 353: 3, 483: 1, 103: 1, 430: 1, 201: 5}
cluster_target_selection: {7: 919, 6: 733, 2: 166, 4: 1002, 5: 880, 3: 353, 0: 483, 8: 103, 9: 430, 1: 201}
num_nodes_transformed_graph: 98
agent_paths:({0: [(7, 21), (8, 21), (9, 21), (10, 21), (11, 21), (11, 22), (11, 23), (12, 23), (13, 23), (14, 23), (15, 23), (15, 24), (15, 25), (15, 26), (15, 27), (16, 27), (17, 27), (18, 27), (19, 27), (19, 26), (20, 26), (21, 26), (22, 26), (23, 26), (23, 27), (23, 28), (23, 27), (23, 26), (23, 25), (24, 25), (25, 25), (26, 25), (27, 25), (27, 24), (27, 23), (28, 23), (28, 23)], 1: [(0, 29), (1, 29), (2, 29), (3, 29), (3, 28), (3, 27), (3, 26), (3, 25), (2, 25), (1, 25), (1, 24), (1, 23), (1, 22), (1, 21), (2, 21), (2, 20), (2, 19), (2, 18), (2, 17), (2, 16), (2, 15), (3, 15), (2, 15), (2, 16), (2, 17), (3, 17), (3, 18), (3, 19), (4, 19), (5, 19), (5, 18), (5, 17), (6, 17), (6, 16), (6, 15), (6, 14), (6, 13), (5, 13), (5, 12), (5, 11), (5, 10), (5, 9), (6, 9), (6, 8), (6, 7), (6, 6), (6, 5), (6, 4), (6, 3), (7, 3), (6, 3), (6, 4), (6, 5), (6, 6), (6, 7), (6, 8), (6, 9), (7, 9), (8, 9), (9, 9), (9, 10), (9, 11), (9, 12), (9, 13), (10, 13), (11, 13), (11, 14), (12, 14), (13, 14), (13, 13), (14, 13), (15, 13), (15, 14), (16, 14), (17, 14), (18, 14), (18, 15), (18, 16), (18, 17), (18, 18), (18, 18)], 2: [(15, 5), (16, 5), (17, 5), (18, 5), (19, 5), (19, 6), (19, 7), (20, 7), (21, 7), (22, 7), (23, 7), (23, 8), (23, 9), (24, 9), (25, 9), (26, 9), (27, 9), (27, 10), (27, 11), (27, 12), (27, 13), (27, 14), (27, 15), (27, 16), (27, 17), (27, 18), (27, 19), (27, 20), (27, 20)], 3: [(1, 21), (2, 21), (2, 20), (2, 19), (3, 19), (4, 19), (5, 19), (5, 18), (5, 17), (6, 17), (6, 16), (6, 15), (5, 15), (5, 14), (5, 13), (5, 12), (5, 11), (5, 10), (4, 10), (3, 10), (2, 10), (1, 10), (1, 11), (1, 10), (2, 10), (3, 10), (4, 10), (5, 10), (5, 9), (6, 9), (6, 8), (6, 7), (5, 7), (5, 7), (5, 7), (5, 7), (5, 7), (5, 7), (5, 7), (5, 7), (5, 7), (5, 7), (5, 7), (5, 7), (5, 7), (5, 7), (5, 7), (5, 7), (5, 7), (5, 7), (5, 7), (5, 7), (5, 7), (5, 7), (5, 7), (6, 7), (6, 7)], 4: [(17, 9), (18, 9), (19, 9), (19, 10), (19, 11), (20, 11), (21, 11), (22, 11), (23, 11), (23, 10), (23, 9), (24, 9), (25, 9), (26, 9), (27, 9), (27, 10), (27, 11), (27, 12), (27, 13), (27, 14), (28, 14), (29, 14), (29, 13), (29, 13)], 5: [(5, 19), (5, 18), (5, 17), (6, 17), (6, 16), (6, 15), (6, 14), (6, 13), (5, 13), (5, 12), (5, 11), (5, 10), (5, 9), (5, 9), (5, 9), (5, 9), (6, 9), (6, 8), (6, 7), (6, 6), (7, 6), (8, 6), (9, 6), (10, 6), (11, 6), (11, 5), (12, 5), (13, 5), (14, 5), (15, 5), (16, 5), (17, 5), (18, 5), (19, 5), (19, 6), (19, 7), (20, 7), (21, 7), (22, 7), (23, 7), (23, 8), (23, 9), (24, 9), (25, 9), (26, 9), (27, 9), (27, 10), (27, 11), (27, 12), (27, 13), (27, 14), (28, 14), (28, 14)], 6: [(30, 31), (30, 30), (30, 29), (31, 29), (31, 28), (31, 27), (30, 27), (30, 26), (30, 25), (30, 24), (30, 23), (29, 23), (29, 22), (29, 23), (28, 23), (27, 23), (26, 23), (26, 23)], 7: [(9, 13), (9, 12), (9, 11), (9, 10), (9, 9), (8, 9), (7, 9), (6, 9), (6, 8), (6, 7), (6, 6), (6, 5), (6, 6), (6, 7), (6, 8), (6, 9), (6, 10), (6, 11), (5, 11), (5, 12), (5, 13), (6, 13), (6, 14), (6, 15), (6, 16), (6, 17), (7, 17), (7, 18), (8, 18), (9, 18), (9, 19), (9, 20), (9, 21), (10, 21), (10, 22), (10, 23), (11, 23), (11, 24), (11, 25), (10, 25), (10, 26), (10, 27), (10, 28), (10, 29), (10, 30), (10, 31), (10, 30), (10, 29), (10, 28), (10, 27), (11, 27), (12, 27), (13, 27), (14, 27), (15, 27), (16, 27), (17, 27), (18, 27), (18, 28), (18, 29), (17, 29), (17, 30), (17, 31), (16, 31), (15, 31), (14, 31), (13, 31), (13, 31)], 8: [(11, 11), (12, 11), (13, 11), (13, 10), (13, 9), (14, 9), (14, 8), (14, 7), (14, 6), (14, 5), (14, 4), (14, 3), (14, 2), (15, 2), (16, 2), (17, 2), (18, 2), (19, 2), (19, 1), (20, 1), (21, 1), (22, 1), (23, 1), (23, 2), (23, 3), (24, 3), (25, 3), (25, 2), (26, 2), (27, 2), (28, 2), (29, 2), (30, 2), (31, 2), (31, 2)], 9: [(31, 18), (30, 18), (29, 18), (28, 18), (27, 18), (26, 18), (25, 18), (24, 18), (23, 18), (22, 18), (21, 18), (21, 17), (20, 17), (19, 17), (18, 17), (18, 18), (18, 19), (18, 19)]}, 79)