

CBSS-C STATS
starts:[245, 131, 295, 853, 502, 950, 166, 449, 622, 745]
targets:[89, 3, 155, 66, 377, 764, 458, 553, 406, 363, 974, 165, 785, 747, 230]
dests:[58, 490, 708, 225, 98, 192, 695, 357, 959, 466]
ac_dict:{89: {0, 1}, 3: {1, 2}, 155: {2, 3}, 66: {3, 4}, 377: {4, 5}, 764: {5, 6}, 458: {6, 7}, 553: {8, 7}, 406: {8, 9}, 58: {0}, 490: {1}, 708: {2}, 225: {3}, 98: {4}, 192: {5}, 695: {6}, 357: {7}, 959: {8}, 466: {9}}
clusters:[9 7 5 1 8 6 4 0 7 9 7 3 9 2 6]

round: 24
best_g_value: 372.0
open_list_size: 23
num_low_level_expanded: 7734
search_success: 1
search_time: 6.064289576373994
n_tsp_call: 16
n_tsp_time: 4.445579127408564
n_roots: 1
num_conflicts: 23
target_assignment: {747: 3, 3: 1, 230: 1, 363: 2, 155: 2, 377: 4, 66: 4, 553: 7, 165: 5, 458: 6}
cluster_target_selection: {2: 747, 7: 3, 6: 230, 9: 363, 5: 155, 8: 377, 1: 66, 0: 553, 3: 165, 4: 458}
num_nodes_transformed_graph: 57
agent_paths:({0: [(21, 7), (22, 7), (23, 7), (23, 8), (23, 9), (24, 9), (25, 9), (25, 8), (25, 7), (25, 6), (25, 5), (26, 5), (27, 5), (27, 4), (27, 3), (26, 3), (26, 2), (26, 1), (26, 1)], 1: [(3, 4), (3, 3), (3, 2), (3, 1), (3, 0), (3, 1), (3, 2), (3, 3), (3, 4), (3, 5), (4, 5), (5, 5), (6, 5), (6, 6), (6, 7), (6, 8), (6, 9), (7, 9), (8, 9), (9, 9), (9, 10), (9, 11), (9, 12), (9, 13), (10, 13), (10, 14), (10, 15), (10, 15)], 2: [(7, 9), (8, 9), (9, 9), (10, 9), (11, 9), (11, 10), (11, 11), (12, 11), (13, 11), (13, 10), (13, 9), (14, 9), (15, 9), (16, 9), (17, 9), (18, 9), (19, 9), (19, 10), (19, 11), (20, 11), (21, 11), (21, 10), (21, 9), (22, 9), (23, 9), (24, 9), (25, 9), (25, 8), (25, 7), (25, 6), (25, 5), (26, 5), (27, 5), (27, 4), (27, 5), (26, 5), (25, 5), (25, 6), (25, 7), (25, 8), (25, 9), (24, 9), (23, 9), (22, 9), (21, 9), (21, 10), (21, 11), (20, 11), (19, 11), (18, 11), (18, 12), (18, 13), (17, 13), (17, 14), (16, 14), (15, 14), (14, 14), (13, 14), (12, 14), (11, 14), (11, 15), (11, 16), (11, 17), (10, 17), (9, 17), (9, 18), (9, 19), (9, 20), (9, 21), (8, 21), (7, 21), (6, 21), (5, 21), (5, 22), (4, 22), (4, 22)], 3: [(21, 26), (20, 26), (19, 26), (18, 26), (17, 26), (17, 25), (17, 24), (17, 23), (17, 22), (16, 22), (15, 22), (14, 22), (13, 22), (13, 23), (12, 23), (11, 23), (10, 23), (9, 23), (9, 22), (9, 21), (9, 20), (9, 19), (9, 18), (9, 17), (10, 17), (11, 17), (11, 16), (11, 15), (11, 14), (10, 14), (9, 14), (9, 13), (9, 12), (9, 11), (9, 10), (9, 9), (8, 9), (7, 9), (6, 9), (6, 8), (6, 7), (5, 7), (5, 6), (5, 5), (4, 5), (3, 5), (2, 5), (1, 5), (1, 6), (1, 7), (1, 7)], 4: [(22, 15), (22, 14), (22, 13), (22, 12), (22, 11), (23, 11), (23, 10), (23, 9), (24, 9), (25, 9), (25, 10), (25, 11), (25, 10), (25, 9), (24, 9), (23, 9), (23, 8), (23, 7), (22, 7), (21, 7), (20, 7), (19, 7), (18, 7), (17, 7), (17, 6), (17, 5), (16, 5), (15, 5), (14, 5), (13, 5), (12, 5), (11, 5), (10, 5), (9, 5), (9, 6), (8, 6), (7, 6), (6, 6), (5, 6), (5, 5), (4, 5), (3, 5), (3, 4), (3, 3), (2, 3), (2, 2), (2, 3), (2, 3)], 5: [(22, 29), (23, 29), (23, 28), (23, 27), (23, 26), (23, 25), (23, 24), (23, 23), (22, 23), (22, 22), (22, 21), (22, 20), (22, 19), (22, 18), (22, 17), (22, 16), (22, 15), (21, 15), (21, 14), (21, 13), (20, 13), (19, 13), (18, 13), (18, 12), (18, 11), (17, 11), (17, 10), (17, 9), (16, 9), (15, 9), (14, 9), (14, 8), (14, 7), (13, 7), (13, 6), (13, 5), (12, 5), (11, 5), (10, 5), (9, 5), (9, 6), (8, 6), (7, 6), (6, 6), (5, 6), (5, 5), (4, 5), (3, 5), (2, 5), (1, 5), (1, 6), (0, 6), (0, 6)], 6: [(6, 5), (6, 6), (6, 7), (6, 8), (6, 9), (7, 9), (8, 9), (9, 9), (9, 10), (9, 11), (9, 12), (9, 13), (10, 13), (10, 14), (11, 14), (12, 14), (13, 14), (14, 14), (15, 14), (16, 14), (17, 14), (17, 15), (18, 15), (18, 16), (18, 17), (19, 17), (20, 17), (21, 17), (22, 17), (22, 18), (22, 19), (22, 20), (22, 21), (23, 21), (23, 21)], 7: [(1, 14), (2, 14), (2, 15), (2, 16), (2, 17), (3, 17), (3, 18), (3, 19), (4, 19), (5, 19), (5, 18), (6, 18), (7, 18), (8, 18), (9, 18), (9, 17), (9, 18), (8, 18), (7, 18), (6, 18), (6, 17), (6, 16), (6, 15), (5, 15), (5, 14), (5, 13), (5, 12), (5, 11), (5, 11)], 8: [(14, 19), (15, 19), (15, 18), (16, 18), (17, 18), (18, 18), (19, 18), (19, 17), (20, 17), (21, 17), (22, 17), (23, 17), (23, 18), (24, 18), (25, 18), (26, 18), (27, 18), (27, 19), (27, 20), (27, 21), (27, 22), (27, 23), (28, 23), (29, 23), (30, 23), (30, 24), (30, 25), (31, 25), (31, 26), (31, 27), (31, 28), (31, 29), (31, 29)], 9: [(9, 23), (9, 22), (9, 21), (9, 20), (9, 19), (9, 18), (9, 17), (10, 17), (11, 17), (11, 16), (11, 15), (11, 14), (12, 14), (13, 14), (14, 14), (15, 14), (16, 14), (17, 14), (18, 14), (18, 14)]}, 74)