

CBSS-C STATS
starts:[565, 383, 365, 887, 986, 234, 758, 970, 586, 612]
targets:[210, 753, 741, 983, 377, 719, 120, 1015, 943, 69, 113, 349, 436, 194, 706]
dests:[850, 755, 486, 192, 749, 226, 697, 108, 237, 729]
ac_dict:{210: {0, 1}, 753: {1, 2}, 741: {2, 3}, 983: {3, 4}, 377: {4, 5}, 719: {5, 6}, 120: {6, 7}, 1015: {8, 7}, 943: {8, 9}, 850: {0}, 755: {1}, 486: {2}, 192: {3}, 749: {4}, 226: {5}, 697: {6}, 108: {7}, 237: {8}, 729: {9}}
clusters:[7 9 6 6 6 2 2 3 3 0 8 1 2 5 4]

round: 4
best_g_value: 311.0
open_list_size: 3
num_low_level_expanded: 2056
search_success: 1
search_time: 6.089834861923009
n_tsp_call: 19
n_tsp_time: 5.520323734730482
n_roots: 1
num_conflicts: 3
target_assignment: {706: 9, 349: 1, 210: 1, 436: 1, 753: 1, 983: 4, 1015: 7, 113: 7, 69: 5, 194: 5}
cluster_target_selection: {4: 706, 1: 349, 7: 210, 2: 436, 9: 753, 6: 983, 3: 1015, 8: 113, 0: 69, 5: 194}
num_nodes_transformed_graph: 58
agent_paths:({0: [(21, 17), (21, 18), (21, 19), (22, 19), (22, 20), (22, 21), (21, 21), (20, 21), (19, 21), (18, 21), (18, 22), (18, 23), (17, 23), (17, 24), (17, 25), (18, 25), (18, 26), (18, 26)], 1: [(31, 11), (30, 11), (29, 11), (29, 10), (28, 10), (27, 10), (26, 10), (25, 10), (25, 9), (24, 9), (23, 9), (23, 8), (23, 7), (22, 7), (21, 7), (20, 7), (19, 7), (18, 7), (18, 6), (18, 7), (18, 8), (18, 9), (18, 10), (18, 11), (18, 12), (18, 13), (19, 13), (20, 13), (21, 13), (21, 14), (21, 15), (22, 15), (22, 16), (22, 17), (22, 18), (22, 19), (22, 20), (22, 21), (21, 21), (20, 21), (19, 21), (18, 21), (17, 21), (17, 22), (17, 23), (18, 23), (19, 23), (19, 23)], 2: [(13, 11), (12, 11), (11, 11), (10, 11), (9, 11), (9, 12), (9, 13), (8, 13), (7, 13), (6, 13), (6, 14), (6, 15), (6, 15)], 3: [(23, 27), (23, 26), (23, 26), (23, 26), (23, 25), (23, 24), (23, 23), (22, 23), (22, 22), (22, 21), (22, 20), (22, 19), (21, 19), (21, 18), (21, 17), (20, 17), (19, 17), (18, 17), (18, 16), (18, 15), (17, 15), (17, 14), (16, 14), (15, 14), (14, 14), (13, 14), (12, 14), (11, 14), (10, 14), (9, 14), (9, 13), (9, 12), (9, 11), (9, 10), (9, 9), (8, 9), (7, 9), (6, 9), (6, 8), (6, 7), (5, 7), (5, 6), (5, 5), (4, 5), (3, 5), (2, 5), (1, 5), (1, 6), (0, 6), (0, 6)], 4: [(26, 30), (25, 30), (25, 31), (24, 31), (23, 31), (23, 30), (23, 29), (23, 28), (23, 27), (22, 27), (21, 27), (21, 26), (20, 26), (19, 26), (18, 26), (17, 26), (17, 27), (16, 27), (15, 27), (15, 26), (15, 25), (15, 24), (15, 23), (14, 23), (13, 23), (13, 23)], 5: [(10, 7), (9, 7), (9, 6), (8, 6), (7, 6), (6, 6), (6, 5), (6, 4), (6, 3), (5, 3), (5, 2), (5, 3), (6, 3), (6, 4), (6, 5), (5, 5), (4, 5), (3, 5), (2, 5), (2, 6), (2, 7), (2, 7)], 6: [(22, 23), (23, 23), (23, 24), (23, 25), (24, 25), (25, 25), (26, 25), (27, 25), (27, 24), (27, 23), (26, 23), (25, 23), (25, 22), (25, 21), (25, 21)], 7: [(10, 30), (10, 29), (10, 28), (10, 27), (11, 27), (12, 27), (13, 27), (14, 27), (15, 27), (16, 27), (17, 27), (18, 27), (18, 28), (18, 29), (19, 29), (19, 30), (19, 31), (20, 31), (21, 31), (22, 31), (23, 31), (23, 30), (23, 29), (23, 28), (23, 27), (23, 26), (23, 25), (23, 24), (23, 23), (22, 23), (22, 22), (22, 21), (22, 20), (22, 19), (21, 19), (21, 18), (21, 17), (20, 17), (19, 17), (18, 17), (18, 16), (18, 15), (18, 14), (18, 13), (18, 12), (18, 11), (18, 10), (18, 9), (18, 8), (18, 7), (17, 7), (17, 6), (17, 5), (16, 5), (15, 5), (14, 5), (14, 4), (14, 3), (15, 3), (15, 2), (16, 2), (17, 2), (17, 3), (17, 2), (16, 2), (15, 2), (14, 2), (13, 2), (13, 3), (12, 3), (12, 3)], 8: [(10, 18), (10, 17), (11, 17), (11, 16), (11, 15), (11, 14), (11, 13), (10, 13), (9, 13), (9, 12), (9, 11), (10, 11), (11, 11), (12, 11), (13, 11), (13, 10), (13, 9), (14, 9), (14, 8), (14, 7), (13, 7), (13, 7)], 9: [(4, 19), (3, 19), (2, 19), (2, 20), (2, 21), (2, 22), (3, 22), (4, 22), (5, 22), (6, 22), (7, 22), (7, 21), (8, 21), (9, 21), (10, 21), (11, 21), (11, 22), (11, 23), (12, 23), (13, 23), (13, 22), (14, 22), (15, 22), (16, 22), (17, 22), (18, 22), (19, 22), (19, 21), (20, 21), (21, 21), (22, 21), (23, 21), (23, 22), (23, 23), (23, 24), (23, 25), (24, 25), (25, 25), (26, 25), (27, 25), (27, 24), (27, 23), (26, 23), (25, 23), (25, 22), (25, 22)]}, 69)