

CBSS-C STATS
starts:[253, 878, 707, 514, 550, 875, 111]
targets:[169, 622, 225, 839, 178, 95, 77, 453, 675, 506]
dests:[895, 98, 183, 39, 990, 189, 968]
ac_dict:{169: {0, 1}, 622: {1, 2}, 225: {2, 3}, 839: {3, 4}, 178: {4, 5}, 95: {5, 6}, 895: {0}, 98: {1}, 183: {2}, 39: {3}, 990: {4}, 189: {5}, 968: {6}}
clusters:[3 6 7 8 9 4 2 5 1 0]

round: 2
best_g_value: 350.0
open_list_size: 7
num_low_level_expanded: 6158
search_success: 1
search_time: 3.4433609030093066
n_tsp_call: 24
n_tsp_time: 1.7395074539963389
n_roots: 4
num_conflicts: 4
target_assignment: {506: 0, 77: 6, 453: 1, 169: 1, 178: 5, 95: 5, 675: 4, 839: 4, 225: 3, 622: 2}
cluster_target_selection: {0: 506, 2: 77, 5: 453, 3: 169, 9: 178, 4: 95, 1: 675, 8: 839, 7: 225, 6: 622}
num_nodes_transformed_graph: 33
agent_paths:({0: [(29, 7), (30, 7), (31, 7), (31, 8), (31, 9), (30, 9), (29, 9), (29, 10), (28, 10), (27, 10), (27, 11), (27, 12), (27, 13), (26, 13), (26, 14), (26, 15), (27, 15), (27, 16), (27, 17), (27, 18), (27, 19), (27, 20), (27, 21), (27, 22), (27, 23), (28, 23), (29, 23), (30, 23), (30, 24), (30, 25), (31, 25), (31, 26), (31, 27), (31, 27)], 1: [(14, 27), (13, 27), (12, 27), (11, 27), (11, 26), (11, 25), (11, 24), (11, 23), (10, 23), (9, 23), (9, 22), (9, 21), (9, 20), (9, 19), (9, 18), (8, 18), (7, 18), (6, 18), (6, 17), (6, 16), (6, 15), (5, 15), (5, 14), (5, 13), (5, 12), (5, 11), (5, 10), (5, 9), (6, 9), (6, 8), (6, 7), (6, 6), (7, 6), (8, 6), (9, 6), (9, 5), (9, 6), (8, 6), (7, 6), (6, 6), (5, 6), (5, 5), (4, 5), (3, 5), (3, 4), (3, 3), (2, 3), (2, 3)], 2: [(3, 22), (4, 22), (5, 22), (5, 21), (6, 21), (7, 21), (8, 21), (9, 21), (9, 20), (9, 19), (10, 19), (11, 19), (11, 18), (11, 17), (11, 16), (11, 15), (11, 14), (12, 14), (13, 14), (14, 14), (15, 14), (16, 14), (17, 14), (17, 15), (18, 15), (18, 16), (18, 17), (17, 17), (17, 18), (16, 18), (15, 18), (14, 18), (14, 19), (14, 18), (15, 18), (16, 18), (17, 18), (17, 17), (18, 17), (18, 16), (18, 15), (18, 14), (18, 13), (18, 12), (18, 11), (18, 10), (18, 9), (18, 8), (18, 7), (19, 7), (20, 7), (21, 7), (21, 6), (21, 5), (22, 5), (23, 5), (23, 5)], 3: [(2, 16), (2, 17), (3, 17), (3, 18), (3, 18), (3, 18), (3, 19), (4, 19), (5, 19), (5, 18), (5, 17), (6, 17), (6, 16), (6, 15), (5, 15), (5, 14), (5, 13), (5, 12), (5, 11), (5, 10), (5, 9), (6, 9), (6, 8), (6, 7), (5, 7), (5, 6), (5, 5), (4, 5), (3, 5), (2, 5), (1, 5), (1, 6), (1, 7), (1, 6), (1, 5), (2, 5), (3, 5), (4, 5), (5, 5), (6, 5), (6, 4), (6, 3), (6, 2), (6, 1), (7, 1), (7, 1)], 4: [(6, 17), (5, 17), (5, 18), (5, 19), (4, 19), (3, 19), (2, 19), (2, 20), (2, 21), (3, 21), (3, 22), (3, 23), (2, 23), (1, 23), (1, 24), (1, 25), (2, 25), (3, 25), (3, 26), (4, 26), (5, 26), (6, 26), (7, 26), (6, 26), (5, 26), (4, 26), (3, 26), (3, 27), (3, 28), (3, 29), (3, 30), (4, 30), (5, 30), (6, 30), (7, 30), (8, 30), (9, 30), (10, 30), (10, 29), (10, 28), (10, 27), (11, 27), (12, 27), (13, 27), (14, 27), (15, 27), (16, 27), (17, 27), (18, 27), (18, 28), (18, 29), (19, 29), (19, 30), (19, 31), (20, 31), (21, 31), (22, 31), (23, 31), (24, 31), (25, 31), (26, 31), (27, 31), (28, 31), (29, 31), (29, 30), (30, 30), (30, 30)], 5: [(11, 27), (11, 26), (11, 25), (11, 24), (11, 23), (11, 22), (11, 21), (10, 21), (9, 21), (9, 20), (9, 19), (9, 18), (9, 17), (10, 17), (11, 17), (11, 16), (11, 15), (11, 14), (12, 14), (13, 14), (14, 14), (15, 14), (16, 14), (17, 14), (17, 13), (18, 13), (18, 12), (18, 11), (18, 10), (18, 9), (18, 8), (18, 7), (18, 6), (18, 5), (19, 5), (19, 6), (19, 7), (20, 7), (21, 7), (22, 7), (23, 7), (23, 8), (23, 9), (24, 9), (25, 9), (25, 8), (25, 7), (25, 6), (25, 5), (26, 5), (27, 5), (27, 4), (27, 3), (27, 2), (28, 2), (29, 2), (30, 2), (31, 2), (30, 2), (30, 3), (30, 4), (30, 5), (29, 5), (29, 5)], 6: [(15, 3), (14, 3), (13, 3), (13, 2), (13, 3), (14, 3), (14, 4), (14, 5), (14, 6), (14, 7), (14, 8), (14, 9), (13, 9), (13, 10), (13, 11), (12, 11), (11, 11), (10, 11), (9, 11), (9, 12), (9, 13), (9, 14), (9, 15), (10, 15), (11, 15), (11, 16), (11, 17), (10, 17), (9, 17), (9, 18), (9, 19), (9, 20), (9, 21), (9, 22), (9, 23), (10, 23), (11, 23), (11, 24), (11, 25), (10, 25), (10, 26), (10, 27), (10, 28), (10, 29), (9, 29), (9, 30), (8, 30), (8, 30)]}, 65)