

CBSS-C STATS
starts:[881, 1012, 859, 226, 17, 225, 436, 443, 498, 563]
targets:[855, 483, 729, 89, 21, 466, 949, 220, 549, 321, 486, 507, 35, 134, 319]
dests:[737, 75, 245, 708, 1014, 67, 309, 505, 862, 318]
ac_dict:{855: {0, 1}, 483: {1, 2}, 729: {2, 3}, 89: {3, 4}, 21: {4, 5}, 466: {5, 6}, 949: {6, 7}, 220: {8, 7}, 549: {8, 9}, 737: {0}, 75: {1}, 245: {2}, 708: {3}, 1014: {4}, 67: {5}, 309: {6}, 505: {7}, 862: {8}, 318: {9}}
clusters:[4 8 1 5 9 3 4 3 2 3 6 4 7 0 0]

round: 5
best_g_value: 314.0
open_list_size: 4
num_low_level_expanded: 2596
search_success: 1
search_time: 1.5865126461721957
n_tsp_call: 1
n_tsp_time: 1.4769591819494963
n_roots: 1
num_conflicts: 4
target_assignment: {21: 4, 89: 4, 35: 5, 483: 1, 486: 8, 549: 8, 729: 2, 507: 9, 319: 9, 466: 6}
cluster_target_selection: {9: 21, 5: 89, 7: 35, 8: 483, 6: 486, 2: 549, 1: 729, 4: 507, 0: 319, 3: 466}
num_nodes_transformed_graph: 98
agent_paths:({0: [(17, 27), (16, 27), (15, 27), (14, 27), (13, 27), (12, 27), (11, 27), (11, 26), (11, 25), (11, 24), (11, 23), (10, 23), (9, 23), (9, 22), (9, 21), (8, 21), (7, 21), (6, 21), (5, 21), (5, 22), (4, 22), (3, 22), (2, 22), (1, 22), (1, 23), (1, 23)], 1: [(20, 31), (19, 31), (18, 31), (18, 30), (18, 29), (18, 28), (18, 27), (17, 27), (16, 27), (15, 27), (14, 27), (13, 27), (12, 27), (11, 27), (11, 26), (11, 25), (11, 24), (11, 23), (10, 23), (9, 23), (9, 22), (9, 21), (8, 21), (7, 21), (6, 21), (5, 21), (5, 22), (4, 22), (3, 22), (3, 21), (2, 21), (2, 20), (2, 19), (2, 18), (2, 17), (2, 16), (2, 15), (3, 15), (2, 15), (2, 16), (2, 17), (3, 17), (3, 18), (3, 19), (4, 19), (5, 19), (5, 18), (5, 17), (6, 17), (6, 16), (6, 15), (6, 14), (6, 13), (5, 13), (5, 12), (5, 11), (5, 10), (5, 9), (6, 9), (6, 8), (6, 7), (6, 6), (7, 6), (8, 6), (9, 6), (9, 5), (10, 5), (11, 5), (11, 4), (11, 3), (11, 2), (11, 2)], 2: [(27, 26), (27, 25), (27, 24), (27, 23), (26, 23), (25, 23), (25, 22), (25, 21), (26, 21), (27, 21), (27, 20), (27, 19), (27, 18), (27, 17), (27, 16), (27, 15), (27, 14), (27, 13), (27, 12), (27, 11), (26, 11), (25, 11), (25, 10), (25, 9), (24, 9), (23, 9), (23, 8), (23, 7), (22, 7), (21, 7), (21, 7)], 3: [(2, 7), (3, 7), (3, 6), (3, 5), (4, 5), (5, 5), (5, 6), (5, 7), (6, 7), (6, 8), (6, 9), (5, 9), (5, 10), (5, 11), (5, 12), (5, 13), (5, 14), (5, 15), (6, 15), (6, 16), (6, 17), (5, 17), (5, 18), (5, 19), (4, 19), (3, 19), (2, 19), (2, 20), (2, 21), (2, 22), (3, 22), (4, 22), (4, 22)], 4: [(17, 0), (17, 1), (18, 1), (19, 1), (20, 1), (21, 1), (21, 0), (21, 1), (22, 1), (23, 1), (23, 2), (23, 3), (24, 3), (25, 3), (25, 2), (25, 3), (26, 3), (27, 3), (27, 4), (27, 5), (26, 5), (25, 5), (25, 6), (25, 7), (25, 8), (25, 9), (24, 9), (23, 9), (22, 9), (22, 10), (22, 11), (22, 12), (22, 13), (22, 14), (22, 15), (22, 16), (22, 17), (22, 18), (22, 19), (22, 20), (22, 21), (22, 22), (22, 23), (23, 23), (23, 24), (23, 25), (23, 26), (23, 27), (23, 28), (23, 29), (22, 29), (22, 30), (22, 31), (22, 31)], 5: [(1, 7), (1, 6), (1, 5), (2, 5), (3, 5), (3, 4), (3, 3), (3, 2), (3, 1), (3, 2), (3, 2)], 6: [(20, 13), (19, 13), (18, 13), (18, 14), (18, 13), (18, 12), (18, 11), (19, 11), (20, 11), (21, 11), (21, 10), (21, 9), (21, 9)], 7: [(27, 13), (26, 13), (25, 13), (25, 14), (25, 15), (25, 15)], 8: [(18, 15), (17, 15), (17, 14), (16, 14), (15, 14), (14, 14), (13, 14), (12, 14), (11, 14), (10, 14), (9, 14), (9, 13), (8, 13), (7, 13), (6, 13), (6, 14), (6, 15), (6, 16), (6, 17), (5, 17), (5, 18), (6, 18), (7, 18), (8, 18), (9, 18), (9, 19), (9, 20), (9, 21), (10, 21), (11, 21), (11, 22), (11, 23), (12, 23), (13, 23), (14, 23), (15, 23), (15, 24), (15, 25), (15, 26), (15, 27), (16, 27), (17, 27), (17, 26), (18, 26), (19, 26), (20, 26), (21, 26), (22, 26), (23, 26), (23, 25), (24, 25), (25, 25), (26, 25), (27, 25), (27, 24), (27, 23), (28, 23), (29, 23), (30, 23), (30, 24), (30, 25), (30, 26), (30, 26)], 9: [(19, 17), (20, 17), (21, 17), (22, 17), (23, 17), (23, 18), (24, 18), (25, 18), (25, 17), (26, 17), (27, 17), (27, 16), (27, 15), (27, 14), (27, 13), (27, 12), (27, 11), (27, 10), (28, 10), (29, 10), (29, 9), (30, 9), (31, 9), (30, 9), (30, 9)]}, 70)