

CBSS-C STATS
starts:[38, 477, 467, 977, 29, 594, 461, 122, 213, 831]
targets:[131, 694, 934, 182, 854, 927, 810, 557, 736, 438]
dests:[237, 711, 93, 878, 175, 287, 731, 753, 714, 33]
ac_dict:{131: {0, 1}, 694: {1, 2}, 934: {2, 3}, 182: {3, 4}, 854: {4, 5}, 927: {5, 6}, 810: {6, 7}, 557: {8, 7}, 736: {8, 9}, 237: {0}, 711: {1}, 93: {2}, 878: {3}, 175: {4}, 287: {5}, 731: {6}, 753: {7}, 714: {8}, 33: {9}}
clusters:[1 4 4 0 0 2 1 3 1 4]

round: 377
best_g_value: 328.0
open_list_size: 376
num_low_level_expanded: 89871
search_success: 1
search_time: 8.787715205922723
n_tsp_call: 13
n_tsp_time: 2.3643844639882445
n_roots: 1
num_conflicts: 376
target_assignment: {131: 0, 927: 6, 557: 8, 694: 1, 182: 4}
cluster_target_selection: {1: 131, 2: 927, 3: 557, 4: 694, 0: 182}
num_nodes_transformed_graph: 48
agent_paths:({0: [(6, 1), (6, 2), (6, 3), (6, 4), (6, 5), (5, 5), (4, 5), (3, 5), (3, 4), (3, 5), (4, 5), (5, 5), (6, 5), (7, 5), (7, 6), (8, 6), (9, 6), (10, 6), (11, 6), (11, 5), (12, 5), (13, 5), (13, 6), (13, 7), (13, 7)], 1: [(29, 14), (28, 14), (27, 14), (27, 15), (27, 16), (27, 17), (26, 17), (25, 17), (25, 18), (24, 18), (23, 18), (22, 18), (22, 19), (22, 20), (22, 21), (21, 21), (20, 21), (19, 21), (18, 21), (17, 21), (17, 22), (16, 22), (15, 22), (14, 22), (13, 22), (13, 23), (12, 23), (11, 23), (10, 23), (9, 23), (9, 22), (9, 21), (8, 21), (7, 21), (7, 22), (7, 22)], 2: [(19, 14), (19, 13), (20, 13), (21, 13), (22, 13), (22, 12), (22, 11), (22, 10), (23, 10), (23, 10), (23, 10), (23, 10), (23, 9), (24, 9), (25, 9), (25, 8), (25, 7), (25, 6), (25, 5), (26, 5), (27, 5), (27, 4), (27, 3), (27, 2), (28, 2), (29, 2), (29, 2)], 3: [(17, 30), (17, 29), (18, 29), (18, 28), (18, 27), (17, 27), (16, 27), (15, 27), (14, 27), (14, 27)], 4: [(29, 0), (29, 1), (29, 2), (28, 2), (27, 2), (27, 3), (27, 4), (27, 5), (26, 5), (25, 5), (25, 6), (25, 7), (25, 8), (25, 9), (25, 10), (25, 10), (25, 10), (25, 9), (24, 9), (23, 9), (23, 8), (23, 7), (22, 7), (22, 6), (22, 5), (21, 5), (21, 6), (21, 7), (20, 7), (19, 7), (18, 7), (17, 7), (17, 6), (17, 5), (16, 5), (15, 5), (15, 5)], 5: [(18, 18), (18, 17), (18, 16), (18, 15), (18, 14), (18, 13), (18, 12), (18, 11), (19, 11), (20, 11), (21, 11), (21, 10), (21, 9), (22, 9), (23, 9), (24, 9), (25, 9), (26, 9), (27, 9), (27, 10), (28, 10), (29, 10), (29, 9), (30, 9), (31, 9), (31, 8), (31, 8)], 6: [(13, 14), (14, 14), (15, 14), (16, 14), (17, 14), (18, 14), (18, 15), (18, 16), (18, 17), (19, 17), (20, 17), (21, 17), (22, 17), (23, 17), (23, 17), (23, 17), (23, 18), (24, 18), (25, 18), (26, 18), (27, 18), (27, 19), (27, 20), (27, 21), (27, 22), (27, 23), (28, 23), (29, 23), (30, 23), (30, 24), (30, 25), (31, 25), (31, 26), (31, 27), (31, 28), (31, 27), (30, 27), (30, 26), (30, 25), (30, 24), (30, 23), (29, 23), (28, 23), (27, 23), (27, 22), (27, 22)], 7: [(26, 3), (27, 3), (27, 4), (27, 5), (26, 5), (25, 5), (25, 6), (25, 7), (25, 8), (25, 9), (24, 9), (23, 9), (22, 9), (22, 10), (22, 11), (22, 12), (22, 13), (22, 14), (22, 15), (22, 16), (22, 17), (22, 18), (22, 19), (22, 20), (22, 21), (21, 21), (20, 21), (19, 21), (18, 21), (17, 21), (17, 22), (17, 23), (17, 23)], 8: [(21, 6), (21, 7), (20, 7), (19, 7), (18, 7), (18, 8), (18, 9), (18, 10), (18, 11), (18, 12), (18, 13), (18, 14), (18, 15), (18, 16), (18, 17), (17, 17), (17, 18), (16, 18), (15, 18), (14, 18), (13, 18), (13, 17), (13, 18), (14, 18), (15, 18), (16, 18), (17, 18), (17, 17), (18, 17), (18, 16), (18, 15), (17, 15), (17, 14), (16, 14), (15, 14), (14, 14), (13, 14), (12, 14), (11, 14), (11, 15), (11, 16), (11, 17), (10, 17), (10, 18), (10, 19), (9, 19), (9, 20), (9, 21), (10, 21), (10, 22), (10, 22)], 9: [(31, 25), (30, 25), (30, 24), (30, 23), (29, 23), (28, 23), (27, 23), (27, 22), (27, 21), (27, 20), (27, 19), (26, 19), (25, 19), (25, 18), (24, 18), (23, 18), (22, 18), (21, 18), (21, 17), (20, 17), (19, 17), (18, 17), (18, 16), (18, 15), (17, 15), (17, 14), (16, 14), (15, 14), (14, 14), (13, 14), (12, 14), (11, 14), (10, 14), (9, 14), (9, 13), (9, 12), (9, 11), (9, 10), (9, 9), (8, 9), (7, 9), (6, 9), (6, 8), (6, 7), (5, 7), (5, 6), (5, 5), (4, 5), (3, 5), (3, 4), (3, 3), (2, 3), (1, 3), (1, 2), (1, 1), (1, 1)]}, 54)