

CBSS-C STATS
starts:[433, 801, 77, 382, 755, 717, 941]
targets:[719, 757, 455, 965, 86, 114, 63, 58, 968, 262]
dests:[994, 993, 738, 98, 619, 435, 806]
ac_dict:{719: {0, 1}, 757: {1, 2}, 455: {2, 3}, 965: {3, 4}, 86: {4, 5}, 114: {5, 6}, 994: {0}, 993: {1}, 738: {2}, 98: {3}, 619: {4}, 435: {5}, 806: {6}}
clusters:[3 2 8 9 0 6 5 7 4 1]

round: 173
best_g_value: 326.0
open_list_size: 162
num_low_level_expanded: 62896
search_success: 1
search_time: 35.21193154499633
n_tsp_call: 101
n_tsp_time: 29.532861872023204
n_roots: 12
num_conflicts: 183
target_assignment: {719: 0, 968: 0, 455: 3, 262: 3, 965: 4, 757: 2, 63: 5, 58: 5, 86: 5, 114: 5}
cluster_target_selection: {3: 719, 4: 968, 8: 455, 1: 262, 9: 965, 2: 757, 5: 63, 7: 58, 0: 86, 6: 114}
num_nodes_transformed_graph: 54
agent_paths:({0: [(17, 13), (17, 14), (17, 15), (18, 15), (18, 16), (18, 17), (19, 17), (20, 17), (21, 17), (21, 18), (21, 19), (21, 19), (21, 19), (22, 19), (22, 20), (22, 21), (21, 21), (20, 21), (19, 21), (18, 21), (17, 21), (17, 22), (16, 22), (15, 22), (14, 22), (13, 22), (13, 23), (12, 23), (11, 23), (11, 24), (11, 25), (10, 25), (10, 26), (10, 27), (10, 28), (10, 29), (9, 29), (9, 30), (8, 30), (7, 30), (6, 30), (5, 30), (4, 30), (3, 30), (2, 30), (2, 31), (2, 31)], 1: [(1, 25), (1, 26), (1, 27), (2, 27), (3, 27), (3, 28), (3, 29), (2, 29), (1, 29), (1, 30), (1, 31), (1, 31)], 2: [(13, 2), (14, 2), (14, 3), (14, 4), (14, 5), (15, 5), (16, 5), (17, 5), (18, 5), (18, 6), (18, 7), (18, 8), (18, 9), (18, 10), (18, 11), (18, 12), (18, 13), (18, 14), (18, 15), (18, 16), (18, 17), (19, 17), (20, 17), (21, 17), (21, 18), (21, 19), (22, 19), (22, 20), (22, 21), (21, 21), (21, 22), (21, 23), (21, 22), (21, 21), (20, 21), (19, 21), (18, 21), (17, 21), (17, 22), (16, 22), (15, 22), (14, 22), (13, 22), (13, 23), (12, 23), (11, 23), (10, 23), (9, 23), (9, 22), (9, 21), (8, 21), (7, 21), (6, 21), (5, 21), (5, 22), (4, 22), (3, 22), (2, 22), (2, 23), (2, 23)], 3: [(30, 11), (29, 11), (29, 10), (28, 10), (27, 10), (26, 10), (25, 10), (25, 9), (24, 9), (23, 9), (22, 9), (21, 9), (21, 10), (21, 11), (20, 11), (19, 11), (18, 11), (18, 12), (18, 13), (17, 13), (17, 14), (16, 14), (15, 14), (14, 14), (13, 14), (12, 14), (11, 14), (10, 14), (9, 14), (9, 13), (8, 13), (7, 13), (7, 14), (6, 14), (6, 13), (5, 13), (5, 12), (5, 11), (5, 10), (5, 9), (6, 9), (6, 8), (6, 7), (5, 7), (5, 6), (5, 5), (4, 5), (3, 5), (3, 4), (3, 3), (2, 3), (2, 3)], 4: [(19, 23), (18, 23), (17, 23), (17, 24), (17, 25), (17, 26), (17, 27), (16, 27), (15, 27), (14, 27), (13, 27), (12, 27), (11, 27), (10, 27), (10, 28), (10, 29), (9, 29), (9, 30), (8, 30), (7, 30), (6, 30), (5, 30), (6, 30), (7, 30), (8, 30), (9, 30), (9, 29), (10, 29), (10, 28), (10, 27), (11, 27), (11, 26), (11, 25), (11, 24), (11, 23), (11, 22), (11, 21), (10, 21), (9, 21), (9, 20), (9, 19), (10, 19), (11, 19), (11, 19)], 5: [(13, 22), (14, 22), (15, 22), (16, 22), (17, 22), (17, 21), (18, 21), (19, 21), (20, 21), (21, 21), (22, 21), (22, 20), (22, 19), (22, 18), (22, 17), (22, 16), (22, 15), (22, 14), (22, 13), (22, 12), (22, 11), (22, 10), (22, 9), (23, 9), (24, 9), (25, 9), (25, 8), (25, 7), (25, 6), (25, 5), (26, 5), (27, 5), (27, 4), (27, 3), (27, 2), (28, 2), (29, 2), (29, 1), (30, 1), (31, 1), (30, 1), (29, 1), (29, 2), (28, 2), (27, 2), (26, 2), (26, 1), (25, 1), (25, 2), (25, 3), (24, 3), (23, 3), (22, 3), (22, 2), (21, 2), (21, 1), (20, 1), (19, 1), (18, 1), (18, 2), (18, 3), (17, 3), (17, 2), (16, 2), (15, 2), (15, 3), (14, 3), (14, 4), (14, 5), (15, 5), (16, 5), (17, 5), (18, 5), (18, 6), (18, 7), (18, 8), (18, 9), (18, 10), (18, 11), (18, 12), (18, 13), (19, 13), (19, 13)], 6: [(13, 29), (14, 29), (15, 29), (15, 30), (15, 31), (16, 31), (17, 31), (17, 30), (17, 29), (18, 29), (18, 28), (18, 27), (17, 27), (16, 27), (15, 27), (14, 27), (13, 27), (12, 27), (11, 27), (10, 27), (10, 28), (10, 29), (10, 30), (10, 30), (10, 30), (10, 30), (9, 30), (8, 30), (7, 30), (6, 30), (5, 30), (4, 30), (3, 30), (3, 29), (3, 28), (3, 27), (3, 26), (4, 26), (5, 26), (5, 25), (6, 25), (6, 25)]}, 81)