

CBSS-C STATS
starts:[102, 223, 791, 490, 480, 93, 821, 465, 301, 955]
targets:[243, 671, 189, 823, 974, 951, 514, 206, 617, 454, 634, 142, 83, 493, 503]
dests:[298, 809, 13, 763, 334, 381, 479, 950, 713, 745]
ac_dict:{243: {0, 1}, 671: {1, 2}, 189: {2, 3}, 823: {3, 4}, 974: {4, 5}, 951: {5, 6}, 514: {6, 7}, 206: {8, 7}, 617: {8, 9}, 298: {0}, 809: {1}, 13: {2}, 763: {3}, 334: {4}, 381: {5}, 479: {6}, 950: {7}, 713: {8}, 745: {9}}
clusters:[8 4 0 7 5 1 8 4 1 2 0 3 9 6 1]

round: 4
best_g_value: 330.0
open_list_size: 3
num_low_level_expanded: 1632
search_success: 1
search_time: 1.9370405543595552
n_tsp_call: 1
n_tsp_time: 1.8521175892092288
n_roots: 1
num_conflicts: 3
target_assignment: {243: 1, 493: 3, 634: 3, 974: 4, 823: 4, 142: 2, 83: 2, 206: 8, 454: 8, 617: 8}
cluster_target_selection: {8: 243, 6: 493, 0: 634, 5: 974, 7: 823, 3: 142, 9: 83, 4: 206, 2: 454, 1: 617}
num_nodes_transformed_graph: 98
agent_paths:({0: [(6, 3), (6, 4), (6, 5), (6, 6), (6, 7), (6, 8), (6, 9), (7, 9), (8, 9), (9, 9), (10, 9), (10, 9)], 1: [(31, 6), (30, 6), (29, 6), (28, 6), (27, 6), (26, 6), (25, 6), (25, 7), (25, 8), (25, 9), (24, 9), (23, 9), (23, 8), (23, 7), (22, 7), (21, 7), (20, 7), (19, 7), (18, 7), (18, 8), (18, 9), (18, 10), (18, 11), (18, 12), (18, 13), (17, 13), (17, 14), (16, 14), (15, 14), (14, 14), (13, 14), (12, 14), (11, 14), (11, 15), (11, 16), (11, 17), (10, 17), (9, 17), (9, 18), (9, 19), (9, 20), (9, 21), (10, 21), (10, 22), (10, 23), (11, 23), (11, 24), (11, 25), (10, 25), (9, 25), (9, 25)], 2: [(23, 24), (23, 23), (22, 23), (22, 22), (22, 21), (22, 20), (22, 19), (22, 18), (22, 17), (22, 16), (22, 15), (21, 15), (21, 14), (21, 13), (20, 13), (19, 13), (18, 13), (18, 12), (18, 11), (17, 11), (17, 10), (17, 9), (16, 9), (15, 9), (14, 9), (14, 8), (14, 7), (14, 6), (14, 5), (14, 4), (14, 3), (14, 2), (15, 2), (16, 2), (17, 2), (18, 2), (19, 2), (18, 2), (17, 2), (16, 2), (15, 2), (14, 2), (13, 2), (13, 1), (13, 0), (13, 0)], 3: [(10, 15), (11, 15), (11, 14), (12, 14), (13, 14), (13, 15), (14, 15), (15, 15), (15, 14), (16, 14), (17, 14), (18, 14), (18, 15), (18, 16), (18, 17), (19, 17), (20, 17), (21, 17), (22, 17), (23, 17), (23, 18), (24, 18), (25, 18), (26, 18), (26, 19), (27, 19), (27, 20), (27, 21), (27, 22), (27, 23), (27, 23)], 4: [(0, 15), (1, 15), (2, 15), (2, 16), (2, 17), (2, 18), (2, 19), (2, 20), (2, 21), (3, 21), (3, 22), (4, 22), (5, 22), (6, 22), (7, 22), (7, 21), (8, 21), (9, 21), (10, 21), (11, 21), (11, 22), (11, 23), (11, 24), (11, 25), (11, 26), (11, 27), (12, 27), (13, 27), (14, 27), (15, 27), (16, 27), (17, 27), (18, 27), (18, 28), (18, 29), (17, 29), (17, 30), (17, 31), (16, 31), (15, 31), (14, 31), (14, 30), (15, 30), (15, 31), (16, 31), (17, 31), (17, 30), (17, 29), (18, 29), (18, 28), (18, 27), (18, 26), (19, 26), (20, 26), (21, 26), (21, 25), (22, 25), (23, 25), (23, 24), (23, 23), (22, 23), (22, 22), (22, 21), (22, 20), (22, 19), (21, 19), (21, 18), (21, 17), (20, 17), (19, 17), (18, 17), (18, 16), (18, 15), (18, 14), (18, 13), (18, 12), (18, 11), (17, 11), (17, 10), (17, 9), (16, 9), (15, 9), (14, 9), (14, 10), (14, 10)], 5: [(29, 2), (29, 3), (30, 3), (30, 4), (30, 5), (30, 6), (30, 7), (31, 7), (31, 8), (31, 9), (30, 9), (29, 9), (29, 10), (29, 11), (29, 11)], 6: [(21, 25), (22, 25), (23, 25), (24, 25), (25, 25), (26, 25), (27, 25), (27, 24), (27, 23), (27, 22), (27, 21), (27, 20), (27, 19), (27, 18), (27, 17), (27, 16), (27, 15), (27, 14), (28, 14), (29, 14), (30, 14), (31, 14), (31, 14)], 7: [(17, 14), (18, 14), (18, 15), (18, 16), (18, 17), (19, 17), (20, 17), (21, 17), (21, 18), (22, 18), (22, 19), (22, 20), (22, 21), (22, 22), (22, 23), (23, 23), (23, 24), (23, 25), (23, 26), (23, 27), (23, 28), (23, 29), (22, 29), (22, 29)], 8: [(13, 9), (14, 9), (14, 8), (14, 7), (14, 6), (14, 7), (14, 8), (14, 9), (13, 9), (13, 10), (13, 11), (12, 11), (11, 11), (10, 11), (9, 11), (9, 12), (9, 13), (8, 13), (7, 13), (6, 13), (6, 14), (6, 15), (6, 16), (6, 17), (7, 17), (7, 18), (8, 18), (9, 18), (9, 19), (9, 20), (9, 21), (9, 22), (9, 22)], 9: [(27, 29), (27, 28), (27, 27), (26, 27), (25, 27), (25, 26), (25, 25), (24, 25), (23, 25), (22, 25), (21, 25), (21, 26), (20, 26), (19, 26), (18, 26), (17, 26), (17, 25), (17, 24), (17, 23), (17, 22), (16, 22), (15, 22), (14, 22), (13, 22), (13, 23), (12, 23), (11, 23), (10, 23), (9, 23), (9, 23)]}, 83)