

CBSS-C STATS
starts:[626, 113, 251, 639, 418]
targets:[735, 874, 762, 642, 838, 805, 425, 239, 218, 198, 94, 969, 565, 40, 323, 53, 349, 941, 583, 262, 968, 481, 231, 441, 364, 817, 255, 467, 935, 375, 247, 622, 555, 54, 623, 1001, 967, 946, 698, 389, 733, 1002, 914, 510, 997]
dests:[682, 591, 464, 873, 859]
ac_dict:{735: {0, 1}, 874: {1, 2}, 762: {2, 3}, 642: {3, 4}, 682: {0}, 591: {1}, 464: {2}, 873: {3}, 859: {4}}
clusters:[ 1 26 32 37 23 35 17 18 20 29 28  2  4  8  6 40 30 43 12 41 39  9 44 38
  5 10 15 33 27  0 42  3 36 31 11 19 14 13 21 34  7 24 22 25 16]

round: 1
best_g_value: 335.0
open_list_size: 0
num_low_level_expanded: 686
search_success: 1
search_time: 23.1284175519977
n_tsp_call: 1
n_tsp_time: 23.00222987199959
n_roots: 1
num_conflicts: 0
target_assignment: {364: 0, 239: 0, 40: 0, 198: 0, 231: 0, 262: 0, 323: 0, 389: 0, 425: 0, 555: 0, 583: 0, 698: 3, 762: 3, 481: 4, 642: 4, 838: 4, 805: 4, 997: 4, 967: 4, 935: 4, 968: 4, 969: 4, 1001: 4, 1002: 4, 914: 4, 946: 4, 941: 4, 218: 2, 247: 2, 375: 2, 467: 2, 53: 1, 54: 1, 94: 1, 255: 1, 349: 1, 441: 1, 510: 1, 735: 1, 733: 1, 874: 1, 817: 1, 565: 1, 622: 1, 623: 1}
cluster_target_selection: {5: 364, 18: 239, 8: 40, 29: 198, 44: 231, 41: 262, 6: 323, 34: 389, 17: 425, 36: 555, 12: 583, 21: 698, 32: 762, 9: 481, 37: 642, 23: 838, 35: 805, 16: 997, 14: 967, 27: 935, 39: 968, 2: 969, 19: 1001, 24: 1002, 22: 914, 13: 946, 43: 941, 20: 218, 42: 247, 0: 375, 33: 467, 40: 53, 31: 54, 28: 94, 15: 255, 30: 349, 38: 441, 25: 510, 1: 735, 7: 733, 26: 874, 10: 817, 4: 565, 3: 622, 11: 623}
num_nodes_transformed_graph: 223
agent_paths:({0: [(18, 19), (18, 18), (18, 17), (18, 16), (18, 15), (18, 14), (18, 13), (18, 12), (18, 11), (17, 11), (17, 10), (17, 9), (16, 9), (15, 9), (14, 9), (13, 9), (13, 10), (13, 11), (12, 11), (13, 11), (13, 10), (13, 9), (14, 9), (14, 8), (14, 7), (15, 7), (14, 7), (13, 7), (13, 6), (13, 5), (12, 5), (11, 5), (11, 4), (11, 3), (10, 3), (9, 3), (9, 2), (9, 1), (8, 1), (7, 1), (6, 1), (6, 2), (6, 3), (6, 4), (6, 5), (6, 6), (7, 6), (7, 7), (6, 7), (6, 8), (6, 9), (5, 9), (5, 10), (4, 10), (3, 10), (4, 10), (5, 10), (5, 11), (5, 12), (5, 13), (6, 13), (7, 13), (8, 13), (9, 13), (10, 13), (11, 13), (11, 14), (11, 15), (11, 16), (11, 17), (10, 17), (9, 17), (9, 18), (8, 18), (7, 18), (8, 18), (9, 18), (9, 19), (9, 20), (9, 21), (10, 21), (10, 21)], 1: [(17, 3), (17, 2), (17, 1), (18, 1), (19, 1), (20, 1), (21, 1), (22, 1), (23, 1), (23, 2), (23, 3), (24, 3), (25, 3), (25, 2), (26, 2), (27, 2), (28, 2), (29, 2), (30, 2), (30, 3), (30, 4), (30, 5), (31, 5), (31, 6), (31, 7), (31, 8), (31, 9), (30, 9), (29, 9), (29, 10), (28, 10), (27, 10), (27, 11), (27, 12), (27, 13), (26, 13), (25, 13), (26, 13), (27, 13), (27, 14), (28, 14), (29, 14), (30, 14), (30, 15), (31, 15), (31, 16), (31, 17), (31, 18), (31, 19), (31, 20), (31, 21), (31, 22), (30, 22), (29, 22), (29, 23), (28, 23), (27, 23), (27, 24), (27, 25), (26, 25), (25, 25), (24, 25), (23, 25), (22, 25), (21, 25), (21, 26), (20, 26), (19, 26), (18, 26), (17, 26), (17, 27), (16, 27), (15, 27), (14, 27), (13, 27), (12, 27), (11, 27), (10, 27), (11, 27), (12, 27), (13, 27), (14, 27), (15, 27), (16, 27), (17, 27), (17, 26), (17, 25), (17, 24), (17, 23), (17, 22), (17, 21), (18, 21), (19, 21), (20, 21), (21, 21), (22, 21), (22, 20), (22, 19), (21, 19), (21, 18), (21, 17), (20, 17), (19, 17), (18, 17), (17, 17), (17, 18), (16, 18), (15, 18), (14, 18), (14, 19), (15, 19), (15, 18), (15, 18)], 2: [(27, 7), (26, 7), (26, 6), (25, 6), (25, 7), (25, 8), (25, 9), (24, 9), (23, 9), (23, 8), (23, 7), (23, 8), (23, 9), (23, 10), (23, 11), (22, 11), (22, 12), (22, 13), (21, 13), (20, 13), (19, 13), (19, 14), (18, 14), (17, 14), (16, 14), (16, 14)], 3: [(31, 19), (30, 19), (29, 19), (29, 18), (28, 18), (27, 18), (27, 19), (27, 20), (27, 21), (26, 21), (26, 22), (26, 23), (27, 23), (27, 24), (27, 25), (26, 25), (25, 25), (24, 25), (23, 25), (22, 25), (21, 25), (21, 26), (20, 26), (19, 26), (18, 26), (17, 26), (17, 27), (16, 27), (15, 27), (14, 27), (13, 27), (12, 27), (11, 27), (10, 27), (9, 27), (9, 27)], 4: [(2, 13), (1, 13), (1, 14), (1, 15), (2, 15), (2, 16), (2, 17), (2, 18), (2, 19), (2, 20), (2, 21), (2, 22), (2, 23), (1, 23), (1, 24), (1, 25), (2, 25), (3, 25), (3, 26), (4, 26), (5, 26), (6, 26), (5, 26), (5, 25), (5, 26), (4, 26), (3, 26), (3, 27), (3, 28), (3, 29), (3, 30), (4, 30), (5, 30), (5, 31), (5, 30), (6, 30), (7, 30), (7, 29), (7, 30), (8, 30), (9, 30), (9, 31), (10, 31), (10, 30), (10, 29), (10, 28), (10, 27), (11, 27), (12, 27), (13, 27), (14, 27), (15, 27), (16, 27), (17, 27), (18, 27), (18, 28), (18, 29), (17, 29), (17, 30), (17, 31), (16, 31), (15, 31), (14, 31), (13, 31), (13, 30), (13, 29), (14, 29), (15, 29), (15, 30), (15, 31), (16, 31), (17, 31), (18, 31), (19, 31), (20, 31), (21, 31), (22, 31), (23, 31), (24, 31), (25, 31), (25, 30), (25, 29), (26, 29), (27, 29), (27, 28), (27, 27), (27, 26), (27, 26)]}, 111)