

CBSS-C STATS
starts:[1014, 826, 842, 987, 107, 418, 566]
targets:[498, 49, 478, 574, 249, 983, 374, 719, 295, 982]
dests:[617, 762, 605, 615, 577, 853, 611]
ac_dict:{498: {0, 1}, 49: {1, 2}, 478: {2, 3}, 574: {3, 4}, 249: {4, 5}, 983: {5, 6}, 617: {0}, 762: {1}, 605: {2}, 615: {3}, 577: {4}, 853: {5}, 611: {6}}
clusters:[3 1 2 9 6 0 4 8 5 7]

round: 1257
best_g_value: 325.0
open_list_size: 1596
num_low_level_expanded: 1079624
search_success: 1
search_time: 149.18347884599643
n_tsp_call: 1148
n_tsp_time: 88.38776819997292
n_roots: 171
num_conflicts: 1426
target_assignment: {719: 0, 498: 0, 249: 4, 374: 4, 574: 3, 295: 2, 49: 2, 478: 2, 982: 5, 983: 5}
cluster_target_selection: {8: 719, 3: 498, 6: 249, 4: 374, 9: 574, 5: 295, 1: 49, 2: 478, 7: 982, 0: 983}
num_nodes_transformed_graph: 34
agent_paths:({0: [(22, 31), (21, 31), (20, 31), (19, 31), (18, 31), (18, 30), (18, 29), (18, 28), (18, 27), (17, 27), (16, 27), (15, 27), (15, 26), (15, 25), (15, 24), (15, 23), (15, 22), (16, 22), (17, 22), (17, 21), (18, 21), (19, 21), (20, 21), (21, 21), (22, 21), (22, 20), (22, 19), (21, 19), (21, 18), (21, 17), (20, 17), (19, 17), (18, 17), (18, 16), (18, 15), (17, 15), (17, 14), (16, 14), (15, 14), (14, 14), (13, 14), (12, 14), (11, 14), (11, 15), (11, 16), (11, 17), (10, 17), (9, 17), (9, 18), (9, 18), (9, 18), (9, 19), (9, 19)], 1: [(26, 25), (27, 25), (27, 24), (27, 23), (26, 23), (26, 23)], 2: [(10, 26), (10, 25), (11, 25), (11, 24), (11, 23), (10, 23), (9, 23), (9, 22), (9, 21), (9, 20), (9, 19), (9, 18), (8, 18), (7, 18), (7, 17), (6, 17), (6, 16), (6, 15), (6, 14), (6, 13), (5, 13), (5, 12), (5, 11), (5, 10), (5, 9), (6, 9), (7, 9), (6, 9), (6, 8), (6, 7), (6, 6), (7, 6), (8, 6), (9, 6), (9, 5), (10, 5), (11, 5), (11, 4), (11, 3), (12, 3), (13, 3), (13, 2), (14, 2), (15, 2), (16, 2), (17, 2), (17, 1), (18, 1), (19, 1), (20, 1), (21, 1), (22, 1), (23, 1), (23, 2), (23, 3), (24, 3), (25, 3), (26, 3), (27, 3), (27, 4), (27, 5), (27, 6), (28, 6), (29, 6), (30, 6), (30, 7), (31, 7), (31, 8), (31, 9), (31, 10), (31, 11), (31, 12), (31, 13), (30, 13), (30, 14), (30, 15), (31, 15), (31, 16), (31, 17), (30, 17), (29, 17), (29, 18), (29, 18)], 3: [(27, 30), (27, 29), (27, 28), (27, 27), (27, 26), (27, 25), (27, 24), (27, 23), (27, 22), (27, 21), (27, 20), (27, 19), (27, 18), (28, 18), (29, 18), (29, 17), (30, 17), (29, 17), (29, 18), (28, 18), (27, 18), (26, 18), (25, 18), (24, 18), (23, 18), (22, 18), (21, 18), (21, 17), (20, 17), (19, 17), (18, 17), (18, 16), (18, 15), (17, 15), (17, 14), (16, 14), (15, 14), (14, 14), (13, 14), (12, 14), (11, 14), (11, 15), (11, 16), (11, 17), (10, 17), (9, 17), (9, 18), (8, 18), (7, 18), (7, 19), (7, 19)], 4: [(11, 3), (12, 3), (13, 3), (14, 3), (14, 4), (14, 5), (15, 5), (16, 5), (17, 5), (18, 5), (19, 5), (19, 6), (19, 7), (20, 7), (21, 7), (22, 7), (23, 7), (23, 8), (23, 9), (24, 9), (25, 9), (25, 8), (25, 7), (25, 8), (25, 9), (24, 9), (23, 9), (22, 9), (22, 10), (22, 11), (21, 11), (20, 11), (19, 11), (18, 11), (18, 12), (18, 13), (17, 13), (17, 14), (16, 14), (15, 14), (14, 14), (13, 14), (12, 14), (11, 14), (11, 15), (11, 16), (11, 17), (10, 17), (10, 18), (10, 19), (9, 19), (9, 20), (9, 21), (8, 21), (7, 21), (6, 21), (5, 21), (5, 22), (4, 22), (3, 22), (2, 22), (2, 21), (2, 20), (2, 19), (1, 19), (1, 18), (1, 18)], 5: [(2, 13), (2, 14), (2, 15), (2, 16), (2, 17), (2, 18), (2, 19), (2, 20), (2, 21), (3, 21), (3, 22), (4, 22), (5, 22), (6, 22), (7, 22), (7, 21), (8, 21), (9, 21), (10, 21), (11, 21), (11, 22), (11, 23), (12, 23), (13, 23), (14, 23), (15, 23), (15, 24), (15, 25), (15, 26), (15, 27), (16, 27), (17, 27), (18, 27), (18, 28), (18, 29), (19, 29), (19, 30), (19, 31), (20, 31), (21, 31), (21, 30), (22, 30), (23, 30), (23, 29), (23, 28), (23, 27), (22, 27), (21, 27), (21, 26), (21, 26)], 6: [(22, 17), (21, 17), (20, 17), (19, 17), (18, 17), (18, 16), (18, 15), (17, 15), (17, 14), (16, 14), (15, 14), (14, 14), (13, 14), (12, 14), (11, 14), (11, 15), (11, 16), (11, 17), (10, 17), (9, 17), (9, 18), (8, 18), (7, 18), (6, 18), (5, 18), (5, 19), (4, 19), (3, 19), (3, 19)]}, 81)