

CBSS-C STATS
starts:[961, 838, 77, 374, 329]
targets:[353, 518, 822, 836, 181, 339, 595, 722, 79, 178, 364, 619, 1002, 846, 459, 182, 870, 852, 42, 621, 434, 867, 577, 939, 389, 989, 318, 757, 767, 570, 99, 45, 358, 550, 191, 131, 729, 92, 411, 25, 315, 165, 554, 51, 530]
dests:[302, 172, 95, 185, 193]
ac_dict:{353: {0, 1}, 518: {1, 2}, 822: {2, 3}, 836: {3, 4}, 302: {0}, 172: {1}, 95: {2}, 185: {3}, 193: {4}}
clusters:[13 20 39 36 34 41 21 16  4  0 40 14  8 44 12 37 25  9 43  6 30  5 22  7
 24 38 11 19 10 15 29  1 26 32 23  2 28 27 42  3 31 17 18 33 35]

round: 1
best_g_value: 344.0
open_list_size: 0
num_low_level_expanded: 688
search_success: 1
search_time: 2.9237244040123187
n_tsp_call: 1
n_tsp_time: 2.8547094550012844
n_roots: 1
num_conflicts: 0
target_assignment: {1002: 0, 939: 0, 619: 0, 554: 0, 459: 0, 364: 0, 870: 1, 577: 1, 550: 1, 518: 1, 389: 1, 353: 1, 358: 1, 42: 1, 45: 2, 79: 2, 51: 2, 25: 2, 92: 2, 182: 3, 181: 3, 178: 3, 339: 3, 434: 3, 530: 3, 621: 3, 595: 3, 757: 3, 722: 3, 846: 3, 867: 3, 836: 3, 852: 3, 822: 3, 989: 3, 767: 3, 729: 3, 570: 3, 411: 3, 315: 3, 318: 3, 191: 3, 165: 4, 131: 4, 99: 4}
cluster_target_selection: {8: 1002, 7: 939, 14: 619, 18: 554, 12: 459, 40: 364, 25: 870, 22: 577, 32: 550, 20: 518, 24: 389, 13: 353, 26: 358, 43: 42, 1: 45, 4: 79, 33: 51, 3: 25, 27: 92, 37: 182, 34: 181, 0: 178, 41: 339, 30: 434, 35: 530, 6: 621, 21: 595, 19: 757, 16: 722, 44: 846, 5: 867, 36: 836, 9: 852, 39: 822, 38: 989, 10: 767, 28: 729, 15: 570, 42: 411, 31: 315, 11: 318, 23: 191, 17: 165, 2: 131, 29: 99}
num_nodes_transformed_graph: 114
agent_paths:({0: [(1, 30), (2, 30), (3, 30), (4, 30), (5, 30), (6, 30), (7, 30), (8, 30), (9, 30), (10, 30), (10, 31), (10, 30), (10, 29), (11, 29), (10, 29), (10, 28), (10, 27), (10, 26), (10, 25), (11, 25), (11, 24), (11, 23), (11, 22), (11, 21), (10, 21), (9, 21), (9, 20), (9, 19), (10, 19), (11, 19), (10, 19), (10, 18), (10, 17), (11, 17), (11, 16), (11, 15), (11, 14), (11, 13), (10, 13), (9, 13), (9, 12), (9, 11), (10, 11), (11, 11), (12, 11), (13, 11), (13, 10), (13, 9), (14, 9), (14, 9)], 1: [(6, 26), (6, 27), (5, 27), (5, 26), (4, 26), (3, 26), (2, 26), (1, 26), (1, 25), (1, 24), (1, 23), (1, 22), (1, 21), (2, 21), (2, 20), (2, 19), (1, 19), (1, 18), (2, 18), (3, 18), (3, 19), (4, 19), (5, 19), (5, 18), (5, 17), (6, 17), (6, 16), (6, 15), (5, 15), (5, 14), (5, 13), (5, 12), (5, 11), (5, 10), (4, 10), (3, 10), (2, 10), (1, 10), (1, 11), (2, 11), (3, 11), (3, 10), (4, 10), (5, 10), (6, 10), (6, 11), (6, 10), (6, 9), (6, 8), (6, 7), (6, 6), (6, 5), (6, 4), (6, 3), (6, 2), (6, 1), (7, 1), (8, 1), (9, 1), (10, 1), (11, 1), (11, 2), (11, 3), (11, 4), (11, 5), (12, 5), (12, 5)], 2: [(13, 2), (13, 1), (14, 1), (15, 1), (15, 2), (16, 2), (17, 2), (17, 1), (18, 1), (19, 1), (20, 1), (21, 1), (22, 1), (23, 1), (23, 2), (23, 3), (24, 3), (25, 3), (25, 2), (25, 1), (25, 0), (25, 1), (26, 1), (27, 1), (27, 2), (28, 2), (29, 2), (30, 2), (31, 2), (31, 2)], 3: [(22, 11), (22, 10), (22, 9), (23, 9), (23, 8), (23, 7), (22, 7), (22, 6), (22, 5), (21, 5), (21, 6), (21, 7), (20, 7), (19, 7), (18, 7), (18, 6), (18, 5), (18, 6), (18, 7), (18, 8), (18, 9), (19, 9), (19, 10), (18, 10), (18, 11), (18, 12), (18, 13), (18, 14), (18, 15), (18, 16), (18, 17), (17, 17), (17, 18), (16, 18), (15, 18), (14, 18), (13, 18), (13, 19), (13, 18), (14, 18), (15, 18), (16, 18), (17, 18), (18, 18), (19, 18), (19, 17), (20, 17), (21, 17), (21, 18), (21, 19), (22, 19), (22, 20), (22, 21), (21, 21), (21, 22), (21, 23), (21, 22), (21, 21), (20, 21), (19, 21), (18, 21), (18, 22), (17, 22), (16, 22), (15, 22), (15, 23), (15, 24), (15, 25), (14, 25), (14, 26), (13, 26), (13, 27), (12, 27), (11, 27), (10, 27), (10, 28), (10, 29), (9, 29), (9, 30), (8, 30), (7, 30), (6, 30), (5, 30), (4, 30), (3, 30), (3, 29), (3, 28), (3, 27), (3, 26), (4, 26), (3, 26), (3, 27), (3, 28), (3, 29), (3, 30), (4, 30), (5, 30), (6, 30), (7, 30), (8, 30), (9, 30), (9, 29), (10, 29), (10, 28), (10, 27), (11, 27), (12, 27), (13, 27), (14, 27), (15, 27), (16, 27), (17, 27), (17, 26), (18, 26), (19, 26), (20, 26), (21, 26), (21, 25), (22, 25), (23, 25), (24, 25), (25, 25), (26, 25), (27, 25), (27, 26), (27, 27), (27, 28), (27, 29), (27, 30), (27, 31), (28, 31), (29, 31), (29, 30), (29, 29), (30, 29), (31, 29), (31, 28), (31, 27), (31, 26), (31, 25), (30, 25), (30, 24), (30, 23), (31, 23), (30, 23), (29, 23), (28, 23), (27, 23), (26, 23), (25, 23), (25, 22), (25, 21), (26, 21), (27, 21), (27, 20), (27, 19), (26, 19), (26, 18), (26, 17), (27, 17), (27, 16), (27, 15), (27, 14), (27, 13), (27, 12), (27, 11), (27, 10), (27, 9), (27, 10), (28, 10), (29, 10), (29, 9), (30, 9), (31, 9), (31, 8), (31, 7), (31, 6), (31, 5), (30, 5), (29, 5), (29, 6), (28, 6), (27, 6), (26, 6), (25, 6), (25, 5), (25, 5)], 4: [(9, 10), (9, 9), (8, 9), (7, 9), (6, 9), (6, 8), (6, 7), (5, 7), (5, 6), (5, 5), (4, 5), (3, 5), (3, 4), (3, 3), (3, 4), (3, 5), (2, 5), (1, 5), (1, 6), (1, 6)]}, 185)