

CBSS-C STATS
starts:[951, 815, 353, 947, 757, 978, 5, 715, 231, 899]
targets:[719, 197, 362, 955, 274, 415, 21, 852, 177, 131]
dests:[430, 685, 474, 120, 729, 217, 1014, 982, 838, 361]
ac_dict:{719: {0, 1}, 197: {1, 2}, 362: {2, 3}, 955: {3, 4}, 274: {4, 5}, 415: {5, 6}, 21: {6, 7}, 852: {8, 7}, 177: {8, 9}, 430: {0}, 685: {1}, 474: {2}, 120: {3}, 729: {4}, 217: {5}, 1014: {6}, 982: {7}, 838: {8}, 361: {9}}
clusters:[1 1 2 4 0 2 3 3 4 1]

round: 6
best_g_value: 310.0
open_list_size: 5
num_low_level_expanded: 2855
search_success: 1
search_time: 1.8643135819584131
n_tsp_call: 12
n_tsp_time: 1.3042086251080036
n_roots: 1
num_conflicts: 5
target_assignment: {955: 3, 274: 5, 719: 1, 852: 7, 362: 2}
cluster_target_selection: {4: 955, 0: 274, 1: 719, 3: 852, 2: 362}
num_nodes_transformed_graph: 34
agent_paths:({0: [(23, 29), (23, 28), (23, 27), (23, 26), (23, 26), (23, 25), (23, 24), (23, 23), (22, 23), (22, 22), (22, 21), (22, 20), (22, 19), (21, 19), (21, 18), (21, 17), (20, 17), (19, 17), (18, 17), (18, 16), (18, 15), (17, 15), (17, 14), (16, 14), (15, 14), (14, 14), (14, 13), (14, 13)], 1: [(15, 25), (15, 24), (15, 23), (15, 22), (14, 22), (13, 22), (13, 21), (13, 21)], 2: [(1, 11), (2, 11), (3, 11), (3, 10), (4, 10), (5, 10), (6, 10), (7, 10), (7, 9), (8, 9), (9, 9), (10, 9), (10, 10), (10, 11), (11, 11), (12, 11), (13, 11), (14, 11), (15, 11), (15, 10), (15, 9), (16, 9), (17, 9), (18, 9), (19, 9), (19, 10), (19, 11), (20, 11), (21, 11), (22, 11), (23, 11), (23, 10), (23, 9), (24, 9), (24, 9), (25, 9), (26, 9), (26, 10), (26, 11), (27, 11), (27, 12), (27, 13), (26, 13), (26, 14), (26, 14)], 3: [(19, 29), (19, 30), (19, 31), (20, 31), (21, 31), (22, 31), (23, 31), (24, 31), (25, 31), (25, 30), (25, 29), (26, 29), (27, 29), (27, 28), (27, 27), (27, 26), (27, 25), (27, 24), (27, 23), (27, 22), (27, 21), (27, 20), (27, 19), (27, 18), (27, 17), (27, 16), (27, 15), (27, 14), (27, 13), (27, 12), (27, 11), (26, 11), (25, 11), (25, 10), (25, 9), (25, 8), (25, 7), (25, 6), (25, 5), (26, 5), (27, 5), (27, 4), (27, 3), (26, 3), (25, 3), (24, 3), (24, 3)], 4: [(21, 23), (22, 23), (23, 23), (23, 24), (23, 25), (24, 25), (25, 25), (26, 25), (27, 25), (27, 24), (27, 23), (26, 23), (25, 23), (25, 22), (25, 22)], 5: [(18, 30), (18, 29), (18, 28), (18, 27), (18, 26), (18, 25), (17, 25), (17, 24), (17, 23), (17, 22), (17, 21), (18, 21), (19, 21), (20, 21), (21, 21), (22, 21), (22, 20), (22, 19), (21, 19), (21, 18), (21, 17), (20, 17), (19, 17), (18, 17), (18, 16), (18, 15), (18, 14), (18, 13), (18, 12), (18, 11), (18, 10), (18, 9), (18, 8), (18, 7), (19, 7), (20, 7), (21, 7), (22, 7), (23, 7), (23, 8), (23, 9), (24, 9), (25, 9), (25, 8), (25, 7), (25, 6), (25, 6)], 6: [(5, 0), (5, 1), (6, 1), (7, 1), (8, 1), (9, 1), (10, 1), (11, 1), (11, 2), (11, 3), (12, 3), (13, 3), (14, 3), (14, 4), (14, 5), (15, 5), (16, 5), (17, 5), (18, 5), (18, 6), (18, 7), (18, 8), (18, 9), (19, 9), (19, 10), (19, 11), (20, 11), (21, 11), (22, 11), (22, 12), (22, 13), (22, 14), (22, 15), (22, 16), (22, 17), (22, 18), (22, 19), (22, 20), (22, 21), (22, 22), (22, 23), (23, 23), (23, 24), (23, 25), (23, 26), (23, 27), (23, 28), (23, 29), (23, 30), (23, 31), (22, 31), (22, 31)], 7: [(11, 22), (11, 23), (12, 23), (13, 23), (14, 23), (15, 23), (15, 24), (15, 25), (15, 26), (15, 27), (16, 27), (17, 27), (17, 26), (18, 26), (19, 26), (20, 26), (21, 26), (22, 26), (22, 27), (23, 27), (23, 28), (23, 29), (22, 29), (22, 30), (22, 30)], 8: [(7, 7), (6, 7), (6, 8), (6, 9), (6, 10), (6, 11), (5, 11), (5, 12), (5, 13), (6, 13), (6, 14), (6, 15), (6, 16), (6, 17), (6, 18), (6, 19), (5, 19), (4, 19), (3, 19), (2, 19), (2, 20), (2, 21), (2, 22), (2, 23), (1, 23), (1, 24), (1, 25), (2, 25), (3, 25), (3, 26), (4, 26), (5, 26), (6, 26), (6, 26)], 9: [(3, 28), (3, 27), (3, 26), (3, 25), (2, 25), (1, 25), (1, 24), (1, 23), (1, 22), (1, 21), (2, 21), (2, 20), (2, 19), (3, 19), (4, 19), (5, 19), (5, 18), (5, 17), (6, 17), (6, 16), (6, 15), (6, 14), (6, 13), (7, 13), (8, 13), (9, 13), (9, 12), (9, 11), (9, 11)]}, 50)