

CBSS-C STATS
starts:[634, 191, 51, 859, 379, 690, 757, 441, 509, 95]
targets:[933, 21, 348, 165, 85, 841, 597, 1015, 885, 874, 1009, 425, 1022, 621, 891]
dests:[242, 461, 852, 881, 169, 288, 622, 730, 999, 613]
ac_dict:{933: {0, 1}, 21: {1, 2}, 348: {2, 3}, 165: {3, 4}, 85: {4, 5}, 841: {5, 6}, 597: {6, 7}, 1015: {8, 7}, 885: {8, 9}, 242: {0}, 461: {1}, 852: {2}, 881: {3}, 169: {4}, 288: {5}, 622: {6}, 730: {7}, 999: {8}, 613: {9}}
clusters:[9 8 5 2 2 9 1 3 9 5 4 3 6 7 0]

round: 88
best_g_value: 313.0
open_list_size: 87
num_low_level_expanded: 20167
search_success: 1
search_time: 6.886034584138542
n_tsp_call: 17
n_tsp_time: 4.83632574416697
n_roots: 1
num_conflicts: 87
target_assignment: {885: 8, 874: 8, 85: 4, 891: 3, 1022: 3, 1009: 3, 425: 9, 597: 6, 621: 6, 21: 2}
cluster_target_selection: {9: 885, 5: 874, 2: 85, 0: 891, 6: 1022, 4: 1009, 3: 425, 1: 597, 7: 621, 8: 21}
num_nodes_transformed_graph: 59
agent_paths:({0: [(26, 19), (25, 19), (25, 18), (24, 18), (23, 18), (22, 18), (21, 18), (21, 17), (20, 17), (19, 17), (18, 17), (18, 16), (18, 15), (18, 14), (18, 13), (18, 12), (18, 11), (18, 10), (18, 9), (18, 8), (18, 7), (18, 7)], 1: [(31, 5), (30, 5), (29, 5), (29, 6), (28, 6), (27, 6), (26, 6), (25, 6), (25, 7), (25, 8), (25, 9), (24, 9), (23, 9), (22, 9), (21, 9), (21, 10), (21, 11), (20, 11), (19, 11), (18, 11), (18, 12), (18, 13), (17, 13), (17, 14), (16, 14), (15, 14), (14, 14), (13, 14), (13, 14)], 2: [(19, 1), (20, 1), (21, 1), (21, 0), (21, 1), (21, 2), (21, 3), (22, 3), (23, 3), (24, 3), (25, 3), (25, 2), (26, 2), (27, 2), (27, 3), (27, 4), (27, 5), (26, 5), (25, 5), (25, 6), (25, 7), (25, 8), (25, 9), (24, 9), (23, 9), (22, 9), (22, 10), (22, 11), (22, 12), (22, 13), (22, 14), (22, 15), (22, 16), (22, 17), (22, 18), (22, 19), (22, 20), (22, 21), (22, 22), (22, 23), (23, 23), (23, 24), (23, 25), (22, 25), (21, 25), (21, 26), (20, 26), (20, 26)], 3: [(27, 26), (27, 27), (27, 28), (27, 29), (27, 30), (27, 31), (28, 31), (29, 31), (30, 31), (29, 31), (28, 31), (27, 31), (26, 31), (25, 31), (24, 31), (23, 31), (22, 31), (21, 31), (20, 31), (19, 31), (18, 31), (17, 31), (17, 30), (17, 29), (18, 29), (18, 28), (18, 27), (18, 27), (18, 27), (17, 27), (17, 27)], 4: [(27, 11), (26, 11), (25, 11), (25, 10), (25, 9), (25, 8), (25, 7), (26, 7), (26, 6), (26, 5), (27, 5), (27, 4), (27, 3), (26, 3), (25, 3), (24, 3), (23, 3), (22, 3), (21, 3), (21, 2), (21, 1), (20, 1), (19, 1), (18, 1), (17, 1), (17, 2), (16, 2), (15, 2), (14, 2), (13, 2), (13, 3), (12, 3), (11, 3), (11, 4), (11, 5), (10, 5), (9, 5), (9, 5)], 5: [(18, 21), (17, 21), (17, 22), (16, 22), (15, 22), (14, 22), (13, 22), (13, 23), (12, 23), (11, 23), (10, 23), (9, 23), (9, 22), (9, 21), (9, 20), (9, 19), (9, 18), (8, 18), (7, 18), (6, 18), (6, 17), (6, 16), (6, 15), (5, 15), (5, 14), (5, 13), (5, 12), (5, 11), (5, 10), (4, 10), (3, 10), (2, 10), (1, 10), (1, 9), (0, 9), (0, 9)], 6: [(21, 23), (21, 22), (21, 21), (22, 21), (22, 20), (22, 19), (21, 19), (21, 18), (21, 17), (20, 17), (19, 17), (18, 17), (17, 17), (17, 18), (16, 18), (15, 18), (14, 18), (13, 18), (13, 19), (14, 19), (14, 19)], 7: [(25, 13), (26, 13), (26, 14), (26, 15), (26, 15), (27, 15), (27, 16), (27, 17), (27, 18), (27, 19), (27, 20), (27, 21), (26, 21), (26, 22), (26, 22)], 8: [(29, 15), (29, 14), (28, 14), (27, 14), (27, 15), (27, 16), (27, 17), (27, 18), (27, 19), (27, 20), (27, 21), (27, 22), (27, 23), (27, 24), (27, 25), (26, 25), (25, 25), (24, 25), (23, 25), (22, 25), (21, 25), (21, 26), (21, 27), (21, 26), (20, 26), (19, 26), (18, 26), (17, 26), (17, 27), (16, 27), (15, 27), (14, 27), (13, 27), (12, 27), (11, 27), (10, 27), (10, 28), (10, 29), (9, 29), (9, 30), (8, 30), (7, 30), (7, 31), (7, 31)], 9: [(31, 2), (30, 2), (29, 2), (28, 2), (27, 2), (27, 3), (27, 4), (27, 5), (26, 5), (25, 5), (25, 6), (25, 7), (25, 8), (25, 9), (24, 9), (23, 9), (22, 9), (21, 9), (21, 10), (21, 11), (20, 11), (19, 11), (18, 11), (17, 11), (17, 10), (17, 9), (16, 9), (15, 9), (14, 9), (13, 9), (13, 10), (13, 11), (12, 11), (11, 11), (10, 11), (9, 11), (9, 12), (9, 13), (8, 13), (7, 13), (6, 13), (6, 14), (6, 15), (6, 16), (6, 17), (5, 17), (5, 18), (5, 19), (5, 19)]}, 47)