

CBSS-C STATS
starts:[865, 710, 606, 243, 338]
targets:[978, 847, 750, 489, 882, 469, 170, 166, 743, 274, 194, 885, 244, 91, 631, 303, 425, 603, 593, 430, 559, 687, 381, 341, 110, 437, 584, 57, 82, 246, 163, 939, 301, 402, 485, 1008, 346, 893, 570, 210, 691, 369, 573, 950, 457]
dests:[630, 329, 946, 294, 590]
ac_dict:{978: {0, 1}, 847: {1, 2}, 750: {2, 3}, 489: {3, 4}, 630: {0}, 329: {1}, 946: {2}, 294: {3}, 590: {4}}
clusters:[44  4  0 26 10 39 11 17 25 31 38 23  6 22  5 35  9 40 16 42 43 13  8 18
 33 20  1 19 34 14  7 37 41 30 15 32  2 12 29 28  3 27 24 21 36]

round: 1
best_g_value: 294.0
open_list_size: 0
num_low_level_expanded: 595
search_success: 1
search_time: 4.704947955004172
n_tsp_call: 1
n_tsp_time: 4.642268139999942
n_roots: 1
num_conflicts: 0
target_assignment: {882: 0, 978: 0, 1008: 0, 950: 0, 885: 0, 893: 0, 743: 1, 584: 1, 485: 1, 573: 2, 603: 2, 570: 2, 631: 2, 691: 2, 687: 2, 750: 2, 939: 2, 847: 2, 402: 4, 437: 4, 469: 4, 341: 4, 369: 4, 303: 4, 301: 4, 425: 4, 457: 4, 489: 4, 430: 4, 593: 4, 559: 4, 274: 3, 210: 3, 244: 3, 246: 3, 381: 3, 346: 3, 91: 3, 57: 3, 82: 3, 110: 3, 170: 3, 166: 3, 194: 3, 163: 3}
cluster_target_selection: {10: 882, 44: 978, 32: 1008, 21: 950, 23: 885, 12: 893, 25: 743, 1: 584, 15: 485, 24: 573, 40: 603, 29: 570, 5: 631, 3: 691, 13: 687, 0: 750, 37: 939, 4: 847, 30: 402, 20: 437, 39: 469, 18: 341, 27: 369, 35: 303, 41: 301, 9: 425, 36: 457, 26: 489, 42: 430, 16: 593, 43: 559, 31: 274, 28: 210, 6: 244, 14: 246, 8: 381, 2: 346, 22: 91, 19: 57, 34: 82, 33: 110, 11: 170, 17: 166, 38: 194, 7: 163}
num_nodes_transformed_graph: 106
agent_paths:({0: [(1, 27), (2, 27), (3, 27), (3, 28), (3, 29), (3, 30), (4, 30), (5, 30), (6, 30), (7, 30), (8, 30), (9, 30), (9, 29), (10, 29), (10, 28), (10, 27), (11, 27), (12, 27), (13, 27), (14, 27), (15, 27), (16, 27), (17, 27), (18, 27), (18, 28), (18, 29), (18, 30), (17, 30), (17, 31), (16, 31), (17, 31), (18, 31), (19, 31), (20, 31), (21, 31), (21, 30), (21, 29), (22, 29), (23, 29), (23, 28), (23, 27), (22, 27), (21, 27), (22, 27), (23, 27), (23, 26), (23, 25), (24, 25), (25, 25), (26, 25), (27, 25), (27, 24), (27, 23), (28, 23), (29, 23), (30, 23), (30, 24), (30, 25), (29, 25), (29, 26), (29, 27), (29, 26), (29, 25), (30, 25), (30, 24), (30, 23), (29, 23), (28, 23), (27, 23), (27, 22), (27, 21), (27, 20), (27, 19), (26, 19), (25, 19), (25, 18), (24, 18), (23, 18), (22, 18), (22, 19), (22, 19)], 1: [(6, 22), (7, 22), (7, 23), (7, 22), (7, 21), (8, 21), (9, 21), (9, 20), (9, 19), (9, 18), (8, 18), (7, 18), (6, 18), (6, 17), (6, 16), (6, 15), (5, 15), (5, 14), (5, 13), (6, 13), (7, 13), (8, 13), (9, 13), (9, 12), (9, 11), (9, 10), (9, 10)], 2: [(30, 18), (29, 18), (29, 17), (29, 18), (28, 18), (27, 18), (26, 18), (26, 17), (25, 17), (25, 18), (24, 18), (23, 18), (23, 19), (22, 19), (22, 20), (22, 21), (21, 21), (20, 21), (19, 21), (18, 21), (17, 21), (17, 22), (16, 22), (15, 22), (15, 21), (14, 21), (14, 22), (14, 23), (13, 23), (12, 23), (11, 23), (11, 24), (11, 25), (11, 26), (11, 27), (10, 27), (10, 28), (10, 29), (11, 29), (10, 29), (10, 28), (10, 27), (11, 27), (12, 27), (13, 27), (13, 26), (14, 26), (15, 26), (15, 27), (16, 27), (17, 27), (18, 27), (18, 28), (18, 29), (18, 29)], 3: [(19, 7), (18, 7), (18, 8), (18, 7), (18, 6), (19, 6), (19, 7), (20, 7), (21, 7), (22, 7), (23, 7), (23, 8), (23, 9), (24, 9), (25, 9), (26, 9), (27, 9), (27, 10), (28, 10), (29, 10), (29, 11), (29, 10), (28, 10), (27, 10), (26, 10), (26, 9), (25, 9), (25, 8), (25, 7), (25, 6), (25, 5), (26, 5), (27, 5), (27, 4), (27, 3), (27, 2), (26, 2), (25, 2), (25, 1), (25, 2), (25, 3), (24, 3), (23, 3), (22, 3), (21, 3), (21, 2), (21, 1), (20, 1), (19, 1), (18, 1), (18, 2), (17, 2), (16, 2), (15, 2), (14, 2), (14, 3), (13, 3), (12, 3), (11, 3), (11, 4), (11, 5), (10, 5), (9, 5), (9, 6), (8, 6), (7, 6), (6, 6), (6, 5), (5, 5), (4, 5), (3, 5), (2, 5), (2, 6), (2, 5), (3, 5), (4, 5), (5, 5), (6, 5), (6, 6), (6, 7), (6, 8), (6, 9), (6, 9)], 4: [(18, 10), (18, 11), (18, 12), (18, 13), (19, 13), (20, 13), (21, 13), (21, 14), (21, 13), (22, 13), (22, 12), (22, 11), (21, 11), (21, 10), (21, 11), (20, 11), (19, 11), (18, 11), (17, 11), (17, 10), (17, 9), (16, 9), (15, 9), (14, 9), (13, 9), (13, 10), (13, 11), (12, 11), (11, 11), (10, 11), (9, 11), (9, 12), (9, 13), (9, 14), (9, 15), (9, 14), (10, 14), (11, 14), (12, 14), (13, 14), (13, 13), (14, 13), (15, 13), (15, 14), (16, 14), (17, 14), (17, 15), (18, 15), (18, 16), (18, 17), (17, 17), (17, 18), (16, 18), (15, 18), (15, 17), (14, 17), (14, 18), (14, 18)]}, 81)