

CBSS-C STATS
starts:[574, 802, 218, 850, 817]
targets:[122, 139, 166, 714, 478, 347, 564, 355, 510, 445, 103, 305, 418, 699, 975, 894, 235, 633, 433, 589, 834, 694, 989, 353, 66, 50, 849, 518, 765, 207, 329, 447, 762, 702, 330, 117, 734, 289, 986, 876, 181, 582, 415, 423, 934]
dests:[45, 490, 715, 717, 928]
ac_dict:{122: {0, 1}, 139: {1, 2}, 166: {2, 3}, 714: {3, 4}, 45: {0}, 490: {1}, 715: {2}, 717: {3}, 928: {4}}
clusters:[31 41 34 35 10  8 11  2 17 12 28 13 23 38 18  9 24 30  0  7  3 14 42 21
 40 29 44 43 37  5 15 25 32 16 36 20 26  4 33 39  6 22  1 27 19]

round: 2
best_g_value: 328.0
open_list_size: 1
num_low_level_expanded: 1867
search_success: 1
search_time: 4.188379152008565
n_tsp_call: 1
n_tsp_time: 4.092921905001276
n_roots: 1
num_conflicts: 1
target_assignment: {510: 0, 478: 0, 445: 0, 447: 0, 415: 0, 347: 0, 122: 0, 117: 0, 50: 0, 181: 2, 207: 2, 235: 2, 139: 2, 103: 2, 166: 2, 66: 2, 289: 2, 353: 2, 355: 2, 329: 2, 330: 2, 305: 2, 433: 2, 589: 2, 564: 2, 633: 2, 699: 2, 762: 2, 765: 2, 702: 2, 734: 2, 894: 2, 989: 2, 986: 2, 694: 2, 849: 4, 934: 4, 834: 1, 418: 1, 582: 1, 518: 1, 423: 1, 975: 3, 876: 3, 714: 3}
cluster_target_selection: {17: 510, 10: 478, 12: 445, 25: 447, 1: 415, 8: 347, 31: 122, 20: 117, 29: 50, 6: 181, 5: 207, 24: 235, 41: 139, 28: 103, 34: 166, 40: 66, 4: 289, 21: 353, 2: 355, 15: 329, 36: 330, 13: 305, 0: 433, 7: 589, 11: 564, 30: 633, 38: 699, 32: 762, 37: 765, 16: 702, 26: 734, 9: 894, 42: 989, 33: 986, 14: 694, 44: 849, 19: 934, 3: 834, 23: 418, 22: 582, 43: 518, 27: 423, 18: 975, 39: 876, 35: 714}
num_nodes_transformed_graph: 111
agent_paths:({0: [(30, 17), (31, 17), (31, 16), (31, 15), (30, 15), (30, 14), (29, 14), (29, 13), (30, 13), (31, 13), (31, 12), (31, 11), (30, 11), (29, 11), (29, 10), (28, 10), (27, 10), (26, 10), (26, 9), (25, 9), (25, 8), (25, 7), (25, 6), (25, 5), (26, 5), (27, 5), (27, 4), (27, 3), (26, 3), (25, 3), (24, 3), (23, 3), (22, 3), (21, 3), (21, 2), (21, 1), (20, 1), (19, 1), (18, 1), (17, 1), (17, 2), (16, 2), (15, 2), (14, 2), (13, 2), (13, 1), (13, 1)], 1: [(2, 25), (2, 26), (2, 25), (1, 25), (1, 24), (1, 23), (1, 22), (1, 21), (2, 21), (2, 20), (2, 19), (2, 18), (2, 17), (2, 16), (2, 15), (2, 14), (2, 13), (2, 14), (2, 15), (2, 16), (2, 17), (3, 17), (3, 18), (3, 19), (4, 19), (5, 19), (5, 18), (6, 18), (6, 17), (6, 16), (6, 15), (6, 14), (6, 13), (7, 13), (8, 13), (9, 13), (10, 13), (10, 14), (10, 15), (10, 15)], 2: [(26, 6), (25, 6), (25, 7), (25, 8), (25, 9), (24, 9), (23, 9), (23, 8), (23, 7), (22, 7), (21, 7), (21, 6), (21, 5), (21, 6), (21, 7), (20, 7), (19, 7), (18, 7), (17, 7), (17, 6), (17, 5), (16, 5), (15, 5), (15, 6), (14, 6), (13, 6), (13, 5), (12, 5), (11, 5), (11, 6), (11, 7), (11, 6), (11, 5), (11, 4), (11, 3), (10, 3), (9, 3), (9, 2), (9, 1), (8, 1), (7, 1), (7, 2), (7, 3), (6, 3), (6, 4), (6, 5), (5, 5), (4, 5), (3, 5), (3, 4), (3, 3), (2, 3), (2, 2), (2, 3), (3, 3), (3, 4), (3, 5), (4, 5), (5, 5), (5, 6), (5, 7), (6, 7), (6, 8), (6, 9), (5, 9), (5, 10), (4, 10), (3, 10), (2, 10), (1, 10), (1, 9), (1, 10), (1, 11), (2, 11), (3, 11), (3, 10), (4, 10), (5, 10), (6, 10), (7, 10), (7, 9), (8, 9), (9, 9), (9, 10), (10, 10), (11, 10), (11, 11), (12, 11), (13, 11), (13, 10), (13, 9), (14, 9), (15, 9), (16, 9), (17, 9), (17, 10), (17, 11), (18, 11), (18, 12), (18, 13), (17, 13), (17, 14), (17, 15), (18, 15), (18, 16), (18, 17), (17, 17), (17, 18), (16, 18), (15, 18), (14, 18), (13, 18), (14, 18), (15, 18), (16, 18), (17, 18), (17, 17), (18, 17), (19, 17), (20, 17), (21, 17), (22, 17), (23, 17), (23, 18), (24, 18), (25, 18), (25, 19), (26, 19), (27, 19), (27, 20), (27, 21), (26, 21), (26, 22), (26, 23), (27, 23), (28, 23), (29, 23), (29, 22), (29, 21), (30, 21), (30, 22), (30, 23), (30, 24), (30, 25), (30, 26), (30, 27), (31, 27), (31, 28), (31, 29), (30, 29), (29, 29), (29, 30), (29, 31), (28, 31), (27, 31), (26, 31), (26, 30), (25, 30), (25, 31), (24, 31), (23, 31), (23, 30), (23, 29), (23, 28), (23, 27), (23, 26), (23, 25), (23, 24), (23, 23), (22, 23), (22, 22), (22, 21), (21, 21), (20, 21), (19, 21), (18, 21), (17, 21), (17, 22), (16, 22), (15, 22), (14, 22), (14, 23), (13, 23), (12, 23), (11, 23), (11, 22), (11, 22)], 3: [(18, 26), (18, 27), (18, 28), (18, 29), (17, 29), (17, 30), (17, 31), (16, 31), (15, 31), (15, 30), (15, 31), (16, 31), (17, 31), (17, 30), (17, 29), (18, 29), (18, 28), (18, 27), (17, 27), (16, 27), (15, 27), (14, 27), (13, 27), (12, 27), (11, 27), (11, 26), (11, 25), (11, 24), (11, 23), (10, 23), (10, 22), (11, 22), (11, 23), (12, 23), (13, 23), (13, 22), (13, 22)], 4: [(17, 25), (17, 26), (17, 27), (16, 27), (15, 27), (14, 27), (13, 27), (12, 27), (11, 27), (10, 27), (10, 28), (10, 29), (9, 29), (9, 30), (8, 30), (7, 30), (6, 30), (6, 29), (5, 29), (5, 30), (4, 30), (3, 30), (2, 30), (1, 30), (1, 29), (0, 29), (0, 29)]}, 185)