

CBSS-C STATS
starts:[617, 418, 914, 485, 577]
targets:[593, 979, 341, 369, 229, 463, 971, 765, 69, 866, 1007, 750, 309, 294, 306, 1013, 460, 281, 186, 590, 430, 863, 58, 13, 333, 509, 358, 198, 497, 585, 858, 417, 827, 301, 698, 649, 339, 119, 210, 35, 213, 325, 829, 389, 351]
dests:[815, 862, 861, 350, 82]
ac_dict:{593: {0, 1}, 979: {1, 2}, 341: {2, 3}, 369: {3, 4}, 815: {0}, 862: {1}, 861: {2}, 350: {3}, 82: {4}}
clusters:[26 32 39  8 36 14 15 25 16  6 18 38  0 13 33 23 21 44 10 20 43  4 22 35
 12  3  5 29 41  2 27  7 28 42 19 17 11 37 31 30 24 34  1  9 40]

round: 1
best_g_value: 311.0
open_list_size: 0
num_low_level_expanded: 623
search_success: 1
search_time: 6.623676028990303
n_tsp_call: 1
n_tsp_time: 6.552762695006095
n_roots: 1
num_conflicts: 0
target_assignment: {649: 0, 750: 0, 333: 4, 301: 4, 13: 4, 1007: 2, 979: 2, 1013: 2, 858: 2, 827: 2, 829: 2, 389: 3, 358: 3, 325: 3, 294: 3, 229: 3, 35: 3, 69: 3, 198: 3, 210: 3, 213: 3, 306: 3, 369: 3, 339: 3, 341: 3, 309: 3, 58: 3, 119: 3, 186: 3, 281: 3, 509: 3, 351: 3, 417: 1, 866: 1, 971: 1, 585: 1, 460: 1, 430: 1, 463: 1, 497: 1, 593: 1, 590: 1, 698: 1, 765: 1, 863: 1}
cluster_target_selection: {17: 649, 38: 750, 12: 333, 42: 301, 35: 13, 18: 1007, 32: 979, 23: 1013, 27: 858, 28: 827, 1: 829, 9: 389, 5: 358, 34: 325, 13: 294, 36: 229, 30: 35, 16: 69, 29: 198, 31: 210, 24: 213, 33: 306, 8: 369, 11: 339, 39: 341, 0: 309, 22: 58, 37: 119, 10: 186, 44: 281, 3: 509, 40: 351, 7: 417, 6: 866, 15: 971, 2: 585, 21: 460, 43: 430, 14: 463, 41: 497, 26: 593, 20: 590, 19: 698, 25: 765, 4: 863}
num_nodes_transformed_graph: 111
agent_paths:({0: [(9, 19), (9, 20), (9, 21), (10, 21), (11, 21), (11, 22), (11, 23), (12, 23), (13, 23), (14, 23), (15, 23), (15, 24), (15, 25), (15, 25)], 1: [(2, 13), (1, 13), (2, 13), (2, 14), (2, 15), (2, 16), (2, 17), (2, 18), (2, 19), (2, 20), (2, 21), (2, 22), (2, 23), (1, 23), (1, 24), (1, 25), (2, 25), (2, 26), (2, 27), (3, 27), (3, 28), (3, 29), (3, 30), (4, 30), (5, 30), (6, 30), (7, 30), (8, 30), (9, 30), (10, 30), (11, 30), (10, 30), (10, 29), (10, 28), (10, 27), (10, 26), (10, 25), (11, 25), (11, 24), (11, 23), (10, 23), (9, 23), (9, 22), (9, 21), (9, 20), (9, 19), (9, 18), (9, 17), (10, 17), (11, 17), (11, 16), (11, 15), (11, 14), (12, 14), (13, 14), (13, 13), (14, 13), (15, 13), (15, 14), (16, 14), (17, 14), (17, 15), (18, 15), (18, 16), (18, 17), (17, 17), (17, 18), (16, 18), (15, 18), (14, 18), (15, 18), (16, 18), (17, 18), (18, 18), (19, 18), (19, 17), (20, 17), (21, 17), (22, 17), (23, 17), (23, 18), (24, 18), (25, 18), (26, 18), (26, 19), (27, 19), (27, 20), (27, 21), (26, 21), (27, 21), (27, 22), (27, 23), (28, 23), (29, 23), (30, 23), (30, 24), (30, 25), (31, 25), (31, 26), (30, 26), (30, 26)], 2: [(18, 28), (18, 29), (17, 29), (17, 30), (17, 31), (16, 31), (15, 31), (16, 31), (17, 31), (17, 30), (18, 30), (19, 30), (19, 31), (20, 31), (21, 31), (21, 30), (21, 29), (22, 29), (23, 29), (23, 28), (23, 27), (23, 26), (23, 25), (24, 25), (25, 25), (26, 25), (26, 26), (26, 25), (27, 25), (27, 24), (27, 23), (28, 23), (29, 23), (30, 23), (30, 24), (30, 25), (29, 25), (29, 26), (29, 26)], 3: [(5, 15), (5, 14), (5, 13), (5, 12), (5, 11), (6, 11), (5, 11), (5, 10), (5, 9), (6, 9), (6, 8), (6, 7), (5, 7), (5, 6), (5, 5), (4, 5), (3, 5), (3, 4), (3, 3), (3, 2), (3, 1), (3, 2), (3, 3), (3, 4), (3, 5), (4, 5), (5, 5), (6, 5), (6, 4), (6, 3), (5, 3), (5, 2), (6, 2), (6, 3), (6, 4), (6, 5), (6, 6), (7, 6), (8, 6), (9, 6), (10, 6), (11, 6), (11, 5), (12, 5), (13, 5), (14, 5), (15, 5), (16, 5), (17, 5), (18, 5), (18, 6), (19, 6), (19, 7), (20, 7), (21, 7), (21, 6), (21, 7), (20, 7), (19, 7), (18, 7), (18, 8), (18, 9), (17, 9), (17, 10), (17, 11), (17, 10), (18, 10), (19, 10), (19, 11), (20, 11), (21, 11), (21, 10), (21, 9), (22, 9), (23, 9), (24, 9), (25, 9), (25, 8), (25, 7), (25, 6), (25, 5), (26, 5), (27, 5), (27, 4), (27, 3), (26, 3), (26, 2), (26, 1), (25, 1), (25, 2), (25, 3), (24, 3), (23, 3), (24, 3), (25, 3), (26, 3), (27, 3), (27, 4), (27, 5), (26, 5), (25, 5), (25, 6), (25, 7), (25, 8), (25, 9), (26, 9), (27, 9), (27, 10), (27, 11), (27, 12), (27, 13), (27, 14), (28, 14), (29, 14), (29, 15), (29, 14), (29, 13), (30, 13), (31, 13), (31, 12), (31, 11), (31, 10), (30, 10), (30, 10)], 4: [(1, 18), (2, 18), (3, 18), (3, 19), (4, 19), (5, 19), (5, 18), (5, 17), (6, 17), (6, 16), (6, 15), (6, 14), (6, 13), (7, 13), (8, 13), (9, 13), (9, 12), (9, 11), (10, 11), (11, 11), (12, 11), (13, 11), (13, 10), (13, 9), (14, 9), (14, 8), (14, 7), (14, 6), (14, 5), (14, 4), (14, 3), (13, 3), (13, 2), (13, 1), (13, 0), (13, 1), (14, 1), (15, 1), (15, 2), (16, 2), (17, 2), (18, 2), (18, 2)]}, 122)