

CBSS-C STATS
starts:[17, 465, 929, 510, 734]
targets:[667, 555, 714, 186, 675, 9, 174, 355, 854, 625, 294, 83, 378, 25, 746, 999, 726, 736, 299, 895, 206, 389, 677, 935, 947, 222, 70, 254, 109, 546, 563, 108, 695, 426, 161, 731, 494, 831, 190, 379, 1008, 97, 750, 90, 759]
dests:[457, 99, 211, 361, 449]
ac_dict:{667: {0, 1}, 555: {1, 2}, 714: {2, 3}, 186: {3, 4}, 457: {0}, 99: {1}, 211: {2}, 361: {3}, 449: {4}}
clusters:[ 1 44 31  7  5 10 32 13 43 16 42 27  2 34 40 24 17 25 30 20 18 26 37 28
 11 14  8 36 15 12  3 35 33 22  6 23 39 38  4  0 29 21 41  9 19]

round: 1
best_g_value: 320.0
open_list_size: 0
num_low_level_expanded: 593
search_success: 1
search_time: 22.672292066010414
n_tsp_call: 1
n_tsp_time: 22.562170746998163
n_roots: 1
num_conflicts: 0
target_assignment: {109: 0, 108: 0, 9: 0, 70: 0, 294: 0, 355: 0, 389: 0, 426: 0, 254: 3, 190: 3, 222: 3, 186: 3, 90: 3, 25: 3, 83: 3, 174: 3, 206: 3, 299: 3, 831: 4, 895: 4, 1008: 4, 947: 4, 750: 4, 677: 4, 675: 4, 736: 4, 546: 4, 625: 1, 563: 1, 726: 1, 695: 1, 759: 1, 854: 1, 731: 1, 667: 1, 379: 1, 378: 1, 161: 1, 97: 1, 999: 2, 935: 2, 746: 2, 714: 2, 555: 2, 494: 2}
cluster_target_selection: {15: 109, 35: 108, 10: 9, 8: 70, 42: 294, 13: 355, 26: 389, 22: 426, 36: 254, 4: 190, 14: 222, 7: 186, 9: 90, 34: 25, 27: 83, 32: 174, 18: 206, 30: 299, 38: 831, 20: 895, 29: 1008, 11: 947, 41: 750, 37: 677, 5: 675, 25: 736, 12: 546, 16: 625, 3: 563, 17: 726, 33: 695, 19: 759, 43: 854, 23: 731, 1: 667, 0: 379, 2: 378, 6: 161, 21: 97, 24: 999, 28: 935, 40: 746, 31: 714, 44: 555, 39: 494}
num_nodes_transformed_graph: 223
agent_paths:({0: [(17, 0), (17, 1), (17, 2), (16, 2), (15, 2), (14, 2), (13, 2), (13, 3), (12, 3), (11, 3), (10, 3), (9, 3), (9, 2), (9, 1), (9, 0), (9, 1), (8, 1), (7, 1), (6, 1), (6, 2), (6, 3), (6, 4), (6, 5), (6, 6), (6, 7), (6, 8), (6, 9), (5, 9), (5, 10), (4, 10), (3, 10), (3, 11), (3, 10), (4, 10), (5, 10), (5, 11), (5, 12), (5, 13), (6, 13), (7, 13), (8, 13), (9, 13), (10, 13), (9, 13), (9, 14), (9, 14)], 1: [(17, 14), (17, 15), (18, 15), (18, 16), (18, 17), (17, 17), (17, 18), (17, 19), (17, 18), (17, 17), (18, 17), (19, 17), (20, 17), (21, 17), (22, 17), (22, 18), (22, 19), (22, 20), (22, 21), (22, 22), (22, 21), (23, 21), (23, 22), (23, 23), (23, 24), (23, 25), (22, 25), (22, 26), (22, 25), (23, 25), (24, 25), (25, 25), (26, 25), (27, 25), (27, 24), (27, 23), (27, 22), (27, 21), (27, 20), (27, 19), (27, 18), (27, 17), (27, 16), (27, 15), (27, 14), (27, 13), (27, 12), (27, 11), (26, 11), (25, 11), (25, 10), (25, 9), (24, 9), (23, 9), (23, 8), (23, 7), (22, 7), (21, 7), (20, 7), (19, 7), (18, 7), (17, 7), (17, 6), (17, 5), (16, 5), (15, 5), (14, 5), (13, 5), (12, 5), (11, 5), (10, 5), (9, 5), (9, 6), (8, 6), (7, 6), (6, 6), (5, 6), (5, 5), (4, 5), (3, 5), (2, 5), (1, 5), (2, 5), (3, 5), (3, 4), (3, 3), (2, 3), (1, 3), (2, 3), (3, 3), (3, 3)], 2: [(1, 29), (2, 29), (3, 29), (3, 30), (4, 30), (5, 30), (6, 30), (7, 30), (7, 31), (7, 30), (7, 29), (7, 30), (8, 30), (9, 30), (9, 29), (10, 29), (10, 28), (10, 27), (10, 26), (10, 25), (11, 25), (11, 24), (11, 23), (10, 23), (10, 22), (10, 21), (9, 21), (9, 20), (9, 19), (9, 18), (9, 17), (10, 17), (11, 17), (11, 16), (11, 15), (11, 14), (12, 14), (13, 14), (14, 14), (14, 15), (14, 14), (15, 14), (16, 14), (17, 14), (17, 13), (18, 13), (18, 12), (18, 11), (18, 10), (18, 9), (18, 8), (18, 7), (18, 6), (19, 6), (19, 6)], 3: [(30, 15), (30, 14), (30, 13), (31, 13), (31, 12), (31, 11), (31, 10), (31, 9), (31, 8), (31, 7), (30, 7), (30, 6), (30, 5), (30, 6), (29, 6), (28, 6), (27, 6), (26, 6), (26, 5), (27, 5), (27, 4), (27, 3), (26, 3), (26, 2), (25, 2), (25, 1), (25, 0), (25, 1), (25, 2), (25, 3), (24, 3), (23, 3), (22, 3), (21, 3), (21, 2), (21, 1), (20, 1), (19, 1), (19, 2), (18, 2), (17, 2), (16, 2), (15, 2), (14, 2), (14, 3), (14, 4), (14, 5), (14, 6), (14, 7), (14, 8), (14, 9), (13, 9), (13, 10), (13, 11), (12, 11), (11, 11), (11, 10), (11, 9), (10, 9), (9, 9), (9, 10), (9, 11), (9, 11)], 4: [(30, 22), (30, 23), (30, 24), (30, 25), (31, 25), (31, 26), (31, 27), (31, 28), (31, 29), (30, 29), (29, 29), (29, 30), (29, 31), (28, 31), (27, 31), (26, 31), (25, 31), (24, 31), (23, 31), (22, 31), (21, 31), (20, 31), (19, 31), (18, 31), (17, 31), (16, 31), (17, 31), (17, 30), (17, 29), (18, 29), (19, 29), (18, 29), (18, 28), (18, 27), (17, 27), (16, 27), (15, 27), (15, 26), (15, 25), (15, 24), (15, 23), (14, 23), (13, 23), (12, 23), (11, 23), (10, 23), (9, 23), (9, 22), (9, 21), (8, 21), (7, 21), (6, 21), (5, 21), (5, 22), (4, 22), (3, 22), (3, 21), (2, 21), (1, 21), (1, 22), (1, 23), (0, 23), (1, 23), (1, 22), (1, 21), (2, 21), (2, 20), (2, 19), (2, 18), (2, 17), (2, 16), (2, 15), (1, 15), (1, 14), (1, 14)]}, 89)