

CBSS-C STATS
starts:[178, 58, 625, 941, 977]
targets:[547, 493, 310, 575, 175, 65, 102, 473, 108, 783, 324, 954, 746, 544, 200, 464, 29, 830, 179, 158, 1018, 372, 33, 831, 611, 117, 539, 227, 306, 754, 361, 479, 554, 295, 46, 193, 191, 806, 891, 86, 37, 189, 985, 690, 818]
dests:[1005, 87, 845, 173, 738]
ac_dict:{547: {0, 1}, 493: {1, 2}, 310: {2, 3}, 575: {3, 4}, 1005: {0}, 87: {1}, 845: {2}, 173: {3}, 738: {4}}
clusters:[25  6 32 10  2 38 13  7 29  4 26 11 30  1 43 21 33 36 34 12 16 28 14 22
  0  8 44 39  9 31 17 35 20  3 24 37 42 27 41  5 15 19 23 18 40]

round: 1
best_g_value: 336.0
open_list_size: 0
num_low_level_expanded: 744
search_success: 1
search_time: 4.4903087690036045
n_tsp_call: 1
n_tsp_time: 4.415071415001876
n_roots: 1
num_conflicts: 0
target_assignment: {306: 0, 361: 0, 295: 0, 324: 0, 547: 0, 544: 0, 611: 0, 690: 0, 754: 0, 818: 0, 464: 2, 493: 2, 554: 2, 746: 2, 783: 2, 29: 1, 158: 1, 191: 1, 189: 1, 117: 1, 86: 1, 806: 4, 1018: 3, 985: 3, 954: 3, 891: 3, 830: 3, 831: 3, 575: 3, 479: 3, 473: 3, 539: 3, 310: 3, 372: 3, 179: 3, 175: 3, 46: 3, 108: 3, 37: 3, 102: 3, 65: 3, 33: 3, 193: 3, 227: 3, 200: 3}
cluster_target_selection: {9: 306, 17: 361, 3: 295, 26: 324, 25: 547, 1: 544, 0: 611, 18: 690, 31: 754, 40: 818, 21: 464, 6: 493, 20: 554, 30: 746, 4: 783, 33: 29, 12: 158, 42: 191, 19: 189, 8: 117, 5: 86, 27: 806, 16: 1018, 23: 985, 11: 954, 41: 891, 36: 830, 22: 831, 10: 575, 35: 479, 7: 473, 44: 539, 32: 310, 28: 372, 34: 179, 2: 175, 24: 46, 29: 108, 15: 37, 13: 102, 38: 65, 14: 33, 37: 193, 39: 227, 43: 200}
num_nodes_transformed_graph: 111
agent_paths:({0: [(18, 5), (18, 6), (18, 7), (18, 8), (18, 9), (17, 9), (16, 9), (15, 9), (14, 9), (13, 9), (13, 10), (13, 11), (12, 11), (11, 11), (10, 11), (9, 11), (9, 10), (9, 9), (8, 9), (7, 9), (6, 9), (5, 9), (5, 10), (4, 10), (5, 10), (5, 11), (5, 12), (5, 13), (5, 14), (5, 15), (6, 15), (6, 16), (6, 17), (5, 17), (5, 18), (5, 19), (4, 19), (3, 19), (3, 18), (3, 17), (2, 17), (1, 17), (0, 17), (1, 17), (2, 17), (3, 17), (3, 18), (3, 19), (4, 19), (5, 19), (6, 19), (7, 19), (7, 18), (8, 18), (9, 18), (9, 19), (9, 20), (9, 21), (10, 21), (11, 21), (11, 22), (11, 23), (12, 23), (13, 23), (13, 22), (14, 22), (15, 22), (16, 22), (17, 22), (17, 21), (18, 21), (18, 22), (18, 23), (17, 23), (17, 24), (17, 25), (18, 25), (18, 26), (18, 27), (18, 28), (18, 29), (17, 29), (17, 30), (17, 31), (16, 31), (15, 31), (14, 31), (13, 31), (13, 31)], 1: [(26, 1), (27, 1), (27, 2), (28, 2), (29, 2), (29, 1), (29, 0), (29, 1), (30, 1), (30, 2), (30, 3), (30, 4), (30, 5), (31, 5), (30, 5), (29, 5), (29, 6), (28, 6), (27, 6), (27, 5), (27, 4), (27, 3), (26, 3), (25, 3), (24, 3), (23, 3), (22, 3), (21, 3), (21, 2), (22, 2), (23, 2), (23, 2)], 2: [(17, 19), (17, 18), (17, 17), (18, 17), (18, 16), (18, 15), (17, 15), (17, 14), (16, 14), (15, 14), (14, 14), (13, 14), (13, 15), (13, 14), (12, 14), (11, 14), (11, 15), (11, 16), (11, 17), (10, 17), (10, 18), (10, 19), (9, 19), (9, 20), (9, 21), (10, 21), (10, 22), (10, 23), (11, 23), (12, 23), (13, 23), (14, 23), (15, 23), (15, 24), (15, 25), (14, 25), (13, 25), (13, 26), (13, 26)], 3: [(13, 29), (14, 29), (15, 29), (15, 30), (15, 31), (16, 31), (17, 31), (18, 31), (19, 31), (20, 31), (21, 31), (22, 31), (23, 31), (24, 31), (25, 31), (26, 31), (25, 31), (25, 30), (25, 29), (26, 29), (27, 29), (27, 28), (27, 27), (27, 26), (27, 25), (27, 24), (27, 23), (28, 23), (29, 23), (30, 23), (30, 24), (30, 25), (31, 25), (30, 25), (30, 24), (30, 23), (30, 22), (30, 21), (31, 21), (31, 20), (31, 19), (31, 18), (31, 17), (31, 16), (31, 15), (31, 14), (30, 14), (29, 14), (28, 14), (27, 14), (26, 14), (25, 14), (26, 14), (27, 14), (27, 15), (27, 16), (27, 15), (27, 14), (27, 13), (27, 12), (27, 11), (26, 11), (25, 11), (25, 10), (25, 9), (24, 9), (23, 9), (22, 9), (21, 9), (21, 10), (21, 11), (20, 11), (19, 11), (19, 10), (19, 9), (18, 9), (18, 8), (18, 7), (18, 6), (18, 5), (19, 5), (18, 5), (17, 5), (16, 5), (15, 5), (14, 5), (14, 4), (14, 3), (14, 2), (14, 1), (13, 1), (13, 2), (13, 3), (12, 3), (11, 3), (10, 3), (9, 3), (9, 2), (9, 1), (8, 1), (7, 1), (6, 1), (5, 1), (6, 1), (6, 2), (6, 3), (6, 4), (6, 5), (5, 5), (4, 5), (3, 5), (3, 4), (3, 3), (2, 3), (1, 3), (1, 2), (1, 1), (1, 2), (1, 3), (2, 3), (3, 3), (3, 4), (3, 5), (2, 5), (1, 5), (1, 6), (2, 6), (3, 6), (3, 7), (3, 6), (3, 5), (4, 5), (5, 5), (6, 5), (7, 5), (7, 6), (8, 6), (9, 6), (9, 5), (10, 5), (11, 5), (12, 5), (13, 5), (13, 5)], 4: [(17, 30), (17, 29), (18, 29), (18, 28), (18, 27), (17, 27), (16, 27), (15, 27), (14, 27), (13, 27), (12, 27), (11, 27), (10, 27), (10, 28), (10, 29), (9, 29), (9, 30), (8, 30), (7, 30), (6, 30), (5, 30), (4, 30), (3, 30), (3, 29), (3, 28), (3, 27), (3, 26), (4, 26), (5, 26), (5, 25), (6, 25), (5, 25), (5, 26), (4, 26), (3, 26), (2, 26), (2, 25), (1, 25), (1, 24), (1, 23), (2, 23), (2, 23)]}, 142)