

CBSS-C STATS
starts:[871, 881, 726, 303, 847]
targets:[1002, 829, 502, 175, 71, 832, 298, 561, 565, 667, 691, 511, 125, 845, 431, 762, 99, 49, 951, 826, 865, 321, 613, 550, 172, 226, 807, 105, 585, 764, 291, 695, 451, 174, 90, 334, 574, 625, 69, 959, 418, 822, 563, 544, 75]
dests:[593, 950, 111, 633, 318]
ac_dict:{1002: {0, 1}, 829: {1, 2}, 502: {2, 3}, 175: {3, 4}, 593: {0}, 950: {1}, 111: {2}, 633: {3}, 318: {4}}
clusters:[25 38 15 27  5 20 34 42 30 28 19 17 29 40 33 26 18 39  7 10 12  6  1  4
  3  8 13 31 41 11  2  0 14 44 36 37 32 21 35 24 22 16  9 43 23]

round: 1
best_g_value: 316.0
open_list_size: 0
num_low_level_expanded: 604
search_success: 1
search_time: 26.31099869699392
n_tsp_call: 1
n_tsp_time: 26.201627963004285
n_roots: 1
num_conflicts: 0
target_assignment: {807: 0, 865: 0, 832: 0, 544: 0, 418: 0, 451: 0, 613: 0, 550: 0, 585: 0, 431: 0, 561: 0, 625: 0, 334: 3, 298: 3, 291: 3, 321: 3, 99: 3, 226: 3, 69: 3, 71: 3, 105: 3, 75: 3, 172: 3, 174: 3, 175: 3, 563: 3, 565: 3, 845: 1, 1002: 1, 822: 1, 826: 1, 762: 1, 764: 1, 829: 1, 959: 1, 951: 1, 691: 4, 695: 4, 667: 4, 574: 4, 511: 4, 502: 2, 125: 2, 90: 2, 49: 2}
cluster_target_selection: {13: 807, 12: 865, 20: 832, 43: 544, 22: 418, 14: 451, 1: 613, 4: 550, 41: 585, 33: 431, 42: 561, 21: 625, 37: 334, 34: 298, 2: 291, 6: 321, 18: 99, 8: 226, 35: 69, 5: 71, 31: 105, 23: 75, 3: 172, 44: 174, 27: 175, 9: 563, 30: 565, 40: 845, 25: 1002, 16: 822, 10: 826, 26: 762, 11: 764, 38: 829, 24: 959, 7: 951, 19: 691, 0: 695, 28: 667, 32: 574, 17: 511, 15: 502, 29: 125, 36: 90, 39: 49}
num_nodes_transformed_graph: 223
agent_paths:({0: [(7, 27), (7, 26), (7, 25), (6, 25), (5, 25), (5, 26), (4, 26), (3, 26), (2, 26), (1, 26), (1, 27), (1, 26), (0, 26), (1, 26), (1, 25), (1, 24), (1, 23), (1, 22), (1, 21), (2, 21), (2, 20), (2, 19), (1, 19), (1, 18), (1, 17), (0, 17), (1, 17), (2, 17), (2, 16), (2, 15), (2, 14), (2, 13), (3, 13), (3, 14), (3, 15), (2, 15), (2, 16), (2, 17), (3, 17), (3, 18), (3, 19), (4, 19), (5, 19), (5, 18), (5, 17), (6, 17), (7, 17), (7, 18), (8, 18), (9, 18), (9, 17), (10, 17), (11, 17), (11, 16), (11, 15), (11, 14), (12, 14), (13, 14), (13, 13), (14, 13), (15, 13), (15, 14), (16, 14), (17, 14), (17, 15), (18, 15), (18, 16), (18, 17), (17, 17), (17, 18), (17, 19), (17, 18), (17, 18)], 1: [(17, 27), (16, 27), (15, 27), (14, 27), (13, 27), (13, 26), (13, 27), (12, 27), (11, 27), (10, 27), (10, 28), (10, 29), (10, 30), (10, 31), (10, 30), (10, 29), (10, 28), (10, 27), (11, 27), (12, 27), (13, 27), (14, 27), (15, 27), (16, 27), (17, 27), (17, 26), (18, 26), (19, 26), (20, 26), (21, 26), (21, 25), (22, 25), (23, 25), (24, 25), (25, 25), (26, 25), (27, 25), (27, 24), (27, 23), (26, 23), (27, 23), (28, 23), (29, 23), (30, 23), (30, 24), (30, 25), (29, 25), (30, 25), (31, 25), (31, 26), (31, 27), (31, 28), (31, 29), (30, 29), (29, 29), (29, 30), (29, 31), (28, 31), (27, 31), (26, 31), (25, 31), (24, 31), (23, 31), (23, 30), (23, 29), (22, 29), (22, 29)], 2: [(22, 22), (22, 21), (22, 20), (22, 19), (22, 18), (22, 17), (22, 16), (22, 15), (22, 14), (22, 13), (22, 12), (22, 11), (22, 10), (22, 9), (23, 9), (24, 9), (25, 9), (25, 8), (25, 7), (25, 6), (25, 5), (26, 5), (27, 5), (27, 4), (27, 3), (27, 2), (28, 2), (29, 2), (29, 3), (29, 2), (28, 2), (27, 2), (26, 2), (25, 2), (25, 3), (24, 3), (23, 3), (22, 3), (21, 3), (21, 2), (21, 1), (20, 1), (19, 1), (18, 1), (17, 1), (17, 2), (16, 2), (15, 2), (15, 3), (15, 3)], 3: [(15, 9), (14, 9), (14, 10), (13, 10), (13, 11), (12, 11), (11, 11), (10, 11), (10, 10), (10, 9), (9, 9), (8, 9), (7, 9), (6, 9), (5, 9), (5, 10), (4, 10), (3, 10), (3, 9), (2, 9), (1, 9), (1, 10), (2, 10), (3, 10), (4, 10), (5, 10), (5, 9), (6, 9), (6, 8), (6, 7), (5, 7), (5, 6), (5, 5), (4, 5), (3, 5), (3, 4), (3, 3), (3, 4), (3, 5), (2, 5), (2, 6), (2, 7), (2, 6), (2, 5), (3, 5), (4, 5), (5, 5), (6, 5), (6, 4), (6, 3), (5, 3), (5, 2), (6, 2), (7, 2), (7, 1), (8, 1), (9, 1), (9, 2), (9, 3), (9, 2), (10, 2), (11, 2), (11, 3), (11, 4), (11, 5), (12, 5), (13, 5), (14, 5), (15, 5), (16, 5), (17, 5), (18, 5), (18, 6), (18, 7), (18, 8), (18, 9), (18, 10), (18, 11), (18, 12), (18, 13), (18, 14), (18, 15), (18, 16), (18, 17), (19, 17), (20, 17), (21, 17), (22, 17), (23, 17), (23, 18), (24, 18), (25, 18), (25, 19), (25, 19)], 4: [(15, 26), (15, 25), (15, 24), (15, 23), (15, 22), (16, 22), (17, 22), (17, 21), (18, 21), (19, 21), (20, 21), (21, 21), (22, 21), (23, 21), (22, 21), (22, 20), (22, 19), (23, 19), (23, 18), (24, 18), (25, 18), (26, 18), (27, 18), (27, 19), (27, 20), (27, 19), (27, 18), (28, 18), (29, 18), (29, 17), (30, 17), (31, 17), (31, 16), (31, 15), (31, 14), (31, 13), (31, 12), (31, 11), (30, 11), (30, 10), (30, 9), (30, 9)]}, 92)