

CBSS-C STATS
starts:[574, 802, 218, 850, 817]
targets:[122, 139, 166, 714, 478, 347, 564, 355, 510, 445, 103, 305, 418, 699, 975, 894, 235, 633, 433, 589, 834, 694, 989, 353, 66, 50, 849, 518, 765, 207, 329, 447, 762, 702, 330, 117, 734, 289, 986, 876, 181, 582, 415, 423, 934]
dests:[45, 490, 715, 717, 928]
ac_dict:{122: {0, 1}, 139: {1, 2}, 166: {2, 3}, 714: {3, 4}, 45: {0}, 490: {1}, 715: {2}, 717: {3}, 928: {4}}
clusters:[31 41 34 35 10  8 11  2 17 12 28 13 23 38 18  9 24 30  0  7  3 14 42 21
 40 29 44 43 37  5 15 25 32 16 36 20 26  4 33 39  6 22  1 27 19]

round: 2
best_g_value: 322.0
open_list_size: 1
num_low_level_expanded: 1131
search_success: 1
search_time: 27.593040918000042
n_tsp_call: 1
n_tsp_time: 27.456591801004834
n_roots: 1
num_conflicts: 1
target_assignment: {510: 0, 478: 0, 445: 0, 447: 0, 415: 0, 347: 0, 122: 0, 117: 0, 50: 0, 975: 3, 986: 3, 989: 3, 894: 3, 702: 3, 734: 3, 765: 3, 762: 3, 699: 3, 633: 3, 694: 3, 564: 3, 589: 3, 433: 3, 714: 3, 834: 1, 418: 1, 582: 1, 518: 1, 423: 1, 330: 1, 329: 1, 181: 2, 305: 2, 207: 2, 235: 2, 139: 2, 103: 2, 66: 2, 166: 2, 355: 2, 353: 2, 289: 2, 849: 4, 876: 4, 934: 4}
cluster_target_selection: {17: 510, 10: 478, 12: 445, 25: 447, 1: 415, 8: 347, 31: 122, 20: 117, 29: 50, 18: 975, 33: 986, 42: 989, 9: 894, 16: 702, 26: 734, 37: 765, 32: 762, 38: 699, 30: 633, 14: 694, 11: 564, 7: 589, 0: 433, 35: 714, 3: 834, 23: 418, 22: 582, 43: 518, 27: 423, 36: 330, 15: 329, 6: 181, 13: 305, 5: 207, 24: 235, 41: 139, 28: 103, 40: 66, 34: 166, 2: 355, 21: 353, 4: 289, 44: 849, 39: 876, 19: 934}
num_nodes_transformed_graph: 223
agent_paths:({0: [(30, 17), (31, 17), (31, 16), (31, 15), (30, 15), (30, 14), (29, 14), (29, 13), (30, 13), (31, 13), (31, 12), (31, 11), (30, 11), (29, 11), (29, 10), (28, 10), (27, 10), (26, 10), (26, 9), (25, 9), (25, 8), (25, 7), (25, 6), (25, 5), (26, 5), (27, 5), (27, 4), (27, 3), (26, 3), (25, 3), (24, 3), (23, 3), (22, 3), (21, 3), (21, 2), (21, 1), (20, 1), (19, 1), (18, 1), (17, 1), (17, 2), (16, 2), (15, 2), (14, 2), (13, 2), (13, 1), (13, 1)], 1: [(2, 25), (2, 26), (2, 25), (1, 25), (1, 24), (1, 23), (1, 22), (1, 21), (2, 21), (2, 20), (2, 19), (2, 18), (2, 17), (2, 16), (2, 15), (2, 14), (2, 13), (2, 14), (2, 15), (2, 16), (2, 17), (3, 17), (3, 18), (3, 19), (4, 19), (5, 19), (5, 18), (6, 18), (6, 17), (6, 16), (6, 15), (6, 14), (6, 13), (7, 13), (8, 13), (9, 13), (9, 12), (9, 11), (9, 10), (10, 10), (9, 10), (9, 11), (9, 12), (9, 13), (10, 13), (10, 14), (10, 15), (10, 15)], 2: [(26, 6), (25, 6), (25, 7), (25, 8), (25, 9), (24, 9), (23, 9), (23, 8), (23, 7), (22, 7), (21, 7), (21, 6), (21, 5), (21, 6), (21, 7), (20, 7), (19, 7), (18, 7), (18, 8), (18, 9), (17, 9), (16, 9), (15, 9), (14, 9), (14, 8), (14, 7), (14, 6), (15, 6), (14, 6), (13, 6), (13, 5), (12, 5), (11, 5), (11, 6), (11, 7), (11, 6), (11, 5), (11, 4), (11, 3), (10, 3), (9, 3), (9, 2), (9, 1), (8, 1), (7, 1), (7, 2), (7, 3), (6, 3), (6, 4), (6, 5), (5, 5), (4, 5), (3, 5), (3, 4), (3, 3), (2, 3), (2, 2), (3, 2), (3, 3), (3, 4), (3, 5), (4, 5), (5, 5), (6, 5), (6, 6), (6, 7), (6, 8), (6, 9), (5, 9), (5, 10), (4, 10), (3, 10), (3, 11), (2, 11), (1, 11), (1, 10), (1, 9), (2, 9), (3, 9), (3, 10), (4, 10), (5, 10), (5, 11), (5, 12), (5, 13), (6, 13), (6, 14), (6, 15), (6, 16), (6, 17), (7, 17), (7, 18), (8, 18), (9, 18), (9, 19), (9, 20), (9, 21), (10, 21), (11, 21), (11, 22), (11, 22)], 3: [(18, 26), (18, 27), (18, 28), (18, 29), (17, 29), (17, 30), (17, 31), (16, 31), (15, 31), (15, 30), (15, 31), (16, 31), (17, 31), (18, 31), (19, 31), (20, 31), (21, 31), (22, 31), (23, 31), (24, 31), (25, 31), (25, 30), (26, 30), (27, 30), (27, 31), (28, 31), (29, 31), (29, 30), (29, 29), (30, 29), (31, 29), (31, 28), (31, 27), (30, 27), (30, 26), (30, 25), (30, 24), (30, 23), (30, 22), (30, 21), (30, 22), (29, 22), (29, 23), (28, 23), (27, 23), (26, 23), (26, 22), (26, 21), (27, 21), (27, 20), (27, 19), (26, 19), (25, 19), (25, 18), (24, 18), (23, 18), (22, 18), (22, 19), (22, 20), (22, 21), (22, 20), (22, 19), (21, 19), (21, 18), (21, 17), (20, 17), (19, 17), (18, 17), (17, 17), (17, 18), (16, 18), (15, 18), (14, 18), (13, 18), (14, 18), (15, 18), (16, 18), (17, 18), (17, 17), (18, 17), (18, 16), (18, 15), (17, 15), (17, 14), (17, 13), (17, 14), (16, 14), (15, 14), (14, 14), (13, 14), (12, 14), (11, 14), (11, 15), (11, 16), (11, 17), (10, 17), (10, 18), (10, 19), (9, 19), (9, 20), (9, 21), (10, 21), (10, 22), (10, 23), (11, 23), (12, 23), (13, 23), (13, 22), (13, 22)], 4: [(17, 25), (17, 26), (17, 27), (16, 27), (15, 27), (14, 27), (13, 27), (12, 27), (11, 27), (10, 27), (10, 28), (10, 29), (9, 29), (9, 30), (8, 30), (7, 30), (6, 30), (6, 29), (5, 29), (5, 30), (4, 30), (3, 30), (2, 30), (1, 30), (1, 29), (0, 29), (0, 29)]}, 107)