

CBSS-C STATS
starts:[978, 464, 199, 29, 598, 565, 709, 66, 574, 126]
targets:[489, 679, 851, 467, 251, 845, 859, 351, 765, 581, 194, 495, 809, 591, 584]
dests:[612, 971, 811, 175, 961, 703, 995, 41, 720, 329]
ac_dict:{489: {0, 1}, 679: {1, 2}, 851: {2, 3}, 467: {3, 4}, 251: {4, 5}, 845: {5, 6}, 859: {6, 7}, 351: {8, 7}, 765: {8, 9}, 612: {0}, 971: {1}, 811: {2}, 175: {3}, 961: {4}, 703: {5}, 995: {6}, 41: {7}, 720: {8}, 329: {9}}
clusters:[5 5 0 6 1 5 5 9 2 4 2 0 3 8 7]

round: 28
best_g_value: 312.0
open_list_size: 27
num_low_level_expanded: 7663
search_success: 1
search_time: 17.288946390151978
n_tsp_call: 17
n_tsp_time: 14.998367815744132
n_roots: 1
num_conflicts: 27
target_assignment: {581: 0, 194: 7, 584: 2, 679: 2, 591: 4, 467: 4, 251: 5, 495: 1, 809: 1, 351: 8}
cluster_target_selection: {4: 581, 2: 194, 7: 584, 5: 679, 8: 591, 6: 467, 1: 251, 0: 495, 3: 809, 9: 351}
num_nodes_transformed_graph: 98
agent_paths:({0: [(18, 30), (18, 29), (18, 28), (18, 27), (17, 27), (16, 27), (15, 27), (14, 27), (13, 27), (12, 27), (11, 27), (11, 26), (11, 25), (11, 24), (11, 23), (10, 23), (9, 23), (9, 22), (9, 21), (9, 20), (9, 19), (9, 18), (8, 18), (7, 18), (6, 18), (5, 18), (5, 19), (4, 19), (4, 19)], 1: [(16, 14), (15, 14), (15, 15), (14, 15), (13, 15), (13, 14), (12, 14), (11, 14), (11, 15), (11, 16), (11, 17), (10, 17), (9, 17), (9, 18), (9, 19), (9, 20), (9, 21), (10, 21), (10, 22), (10, 23), (11, 23), (11, 24), (11, 25), (10, 25), (9, 25), (10, 25), (10, 26), (10, 27), (10, 28), (10, 29), (11, 29), (11, 30), (11, 30)], 2: [(7, 6), (7, 7), (6, 7), (6, 8), (6, 9), (6, 10), (6, 11), (5, 11), (5, 12), (5, 13), (6, 13), (6, 14), (6, 15), (6, 16), (6, 17), (7, 17), (7, 18), (8, 18), (9, 18), (10, 18), (10, 19), (9, 19), (9, 20), (9, 21), (8, 21), (7, 21), (8, 21), (9, 21), (10, 21), (11, 21), (11, 22), (11, 23), (11, 24), (11, 25), (11, 25)], 3: [(29, 0), (29, 1), (29, 1), (29, 2), (28, 2), (27, 2), (26, 2), (25, 2), (25, 3), (24, 3), (23, 3), (22, 3), (21, 3), (21, 2), (21, 1), (20, 1), (19, 1), (18, 1), (17, 1), (17, 2), (16, 2), (15, 2), (15, 3), (14, 3), (14, 4), (14, 5), (15, 5), (15, 5)], 4: [(22, 18), (21, 18), (21, 17), (20, 17), (19, 17), (18, 17), (17, 17), (17, 18), (16, 18), (15, 18), (16, 18), (17, 18), (17, 17), (18, 17), (18, 16), (18, 15), (18, 14), (19, 14), (18, 14), (17, 14), (16, 14), (15, 14), (14, 14), (13, 14), (12, 14), (11, 14), (11, 15), (11, 16), (11, 17), (10, 17), (9, 17), (9, 18), (9, 19), (9, 20), (9, 21), (8, 21), (7, 21), (6, 21), (5, 21), (5, 22), (4, 22), (3, 22), (2, 22), (1, 22), (1, 23), (1, 24), (1, 25), (1, 26), (1, 27), (2, 27), (3, 27), (3, 28), (3, 29), (2, 29), (1, 29), (1, 30), (1, 30)], 5: [(21, 17), (22, 17), (22, 16), (22, 15), (22, 14), (22, 13), (22, 12), (22, 11), (22, 10), (22, 9), (23, 9), (24, 9), (25, 9), (25, 8), (25, 7), (26, 7), (27, 7), (27, 6), (28, 6), (29, 6), (30, 6), (31, 6), (31, 7), (31, 8), (31, 9), (31, 10), (31, 11), (31, 12), (31, 13), (31, 14), (31, 15), (31, 16), (31, 17), (31, 18), (31, 19), (31, 20), (31, 21), (31, 21)], 6: [(5, 22), (4, 22), (3, 22), (3, 23), (2, 23), (1, 23), (1, 24), (1, 25), (2, 25), (3, 25), (3, 26), (3, 27), (3, 28), (3, 29), (3, 30), (3, 31), (3, 31)], 7: [(2, 2), (2, 3), (3, 3), (3, 4), (3, 5), (2, 5), (2, 6), (2, 5), (3, 5), (4, 5), (5, 5), (6, 5), (6, 4), (6, 3), (6, 2), (6, 1), (7, 1), (8, 1), (9, 1), (9, 1)], 8: [(30, 17), (31, 17), (31, 16), (31, 15), (31, 14), (31, 13), (31, 12), (31, 11), (31, 10), (30, 10), (29, 10), (28, 10), (27, 10), (27, 11), (27, 12), (27, 13), (27, 14), (27, 15), (27, 16), (27, 17), (26, 17), (25, 17), (25, 18), (24, 18), (23, 18), (22, 18), (22, 19), (22, 20), (22, 21), (21, 21), (20, 21), (19, 21), (18, 21), (17, 21), (17, 22), (16, 22), (16, 22)], 9: [(30, 3), (29, 3), (29, 2), (28, 2), (27, 2), (26, 2), (25, 2), (25, 3), (24, 3), (23, 3), (22, 3), (21, 3), (21, 2), (21, 1), (20, 1), (19, 1), (18, 1), (17, 1), (17, 2), (16, 2), (15, 2), (14, 2), (14, 3), (14, 4), (14, 5), (14, 6), (14, 7), (14, 8), (14, 9), (13, 9), (13, 10), (13, 11), (12, 11), (11, 11), (10, 11), (9, 11), (9, 10), (9, 10)]}, 55)