

CBSS-C STATS
starts:[489, 853, 946, 182, 289]
targets:[223, 530, 570, 337, 244, 350, 480, 822, 826, 203, 1011, 333, 249, 217, 958, 627, 174, 357, 685, 329, 453, 419, 326, 726, 9, 3, 862, 589, 462, 458, 677, 751, 842, 366, 90, 117, 71, 198, 201, 207, 197, 109, 705, 935, 955]
dests:[1012, 363, 579, 731, 867]
ac_dict:{223: {0, 1}, 530: {1, 2}, 570: {2, 3}, 337: {3, 4}, 1012: {0}, 363: {1}, 579: {2}, 731: {3}, 867: {4}}
clusters:[13  8 36 14 23 42 18 24 29 41  9 25 30 15  1 31 43 20 39 38  7 34 10  2
 17 32 44  6 27  5 11 21 35 33 40 19 16 28  0  3 26 37 12  4 22]

round: 1
best_g_value: 326.0
open_list_size: 0
num_low_level_expanded: 631
search_success: 1
search_time: 24.1316153259977
n_tsp_call: 1
n_tsp_time: 24.018518201992265
n_roots: 1
num_conflicts: 0
target_assignment: {333: 0, 366: 0, 207: 0, 174: 0, 203: 0, 201: 0, 198: 0, 197: 0, 3: 0, 71: 0, 9: 0, 109: 0, 117: 0, 90: 0, 217: 0, 249: 0, 223: 0, 350: 0, 862: 0, 958: 0, 955: 0, 1011: 0, 244: 3, 337: 3, 570: 3, 751: 2, 685: 2, 677: 2, 705: 2, 480: 2, 419: 2, 326: 4, 357: 4, 453: 4, 842: 4, 935: 4, 822: 1, 826: 1, 726: 1, 627: 1, 589: 1, 530: 1, 462: 1, 458: 1, 329: 1}
cluster_target_selection: {25: 333, 33: 366, 3: 207, 43: 174, 41: 203, 0: 201, 28: 198, 26: 197, 32: 3, 16: 71, 17: 9, 37: 109, 19: 117, 40: 90, 15: 217, 30: 249, 13: 223, 42: 350, 44: 862, 1: 958, 22: 955, 9: 1011, 23: 244, 14: 337, 36: 570, 21: 751, 39: 685, 11: 677, 12: 705, 18: 480, 34: 419, 10: 326, 20: 357, 7: 453, 35: 842, 4: 935, 24: 822, 29: 826, 2: 726, 31: 627, 6: 589, 8: 530, 27: 462, 5: 458, 38: 329}
num_nodes_transformed_graph: 223
agent_paths:({0: [(9, 15), (9, 14), (9, 13), (9, 12), (9, 11), (10, 11), (11, 11), (12, 11), (13, 11), (13, 10), (14, 10), (14, 11), (14, 10), (14, 9), (14, 8), (14, 7), (14, 6), (15, 6), (14, 6), (14, 5), (13, 5), (12, 5), (11, 5), (11, 6), (10, 6), (9, 6), (8, 6), (7, 6), (6, 6), (5, 6), (5, 5), (4, 5), (3, 5), (3, 4), (3, 3), (3, 2), (3, 1), (3, 0), (3, 1), (3, 2), (3, 3), (3, 4), (3, 5), (4, 5), (5, 5), (6, 5), (6, 4), (6, 3), (6, 2), (7, 2), (7, 1), (8, 1), (9, 1), (9, 0), (9, 1), (10, 1), (11, 1), (11, 2), (11, 3), (12, 3), (13, 3), (14, 3), (15, 3), (15, 2), (16, 2), (17, 2), (18, 2), (19, 2), (19, 1), (20, 1), (21, 1), (21, 2), (21, 3), (22, 3), (23, 3), (24, 3), (25, 3), (25, 2), (26, 2), (26, 3), (27, 3), (27, 4), (27, 5), (26, 5), (25, 5), (25, 6), (25, 7), (25, 6), (26, 6), (27, 6), (28, 6), (29, 6), (30, 6), (31, 6), (31, 7), (31, 8), (31, 9), (30, 9), (30, 10), (30, 11), (31, 11), (31, 12), (31, 13), (31, 14), (31, 15), (31, 16), (31, 17), (31, 18), (31, 19), (31, 20), (31, 21), (30, 21), (30, 22), (30, 23), (30, 24), (30, 25), (30, 26), (30, 27), (31, 27), (31, 28), (31, 29), (30, 29), (29, 29), (29, 30), (29, 31), (28, 31), (27, 31), (27, 30), (27, 29), (26, 29), (25, 29), (25, 30), (25, 31), (24, 31), (23, 31), (22, 31), (21, 31), (20, 31), (19, 31), (20, 31), (20, 31)], 1: [(21, 26), (21, 25), (22, 25), (23, 25), (24, 25), (25, 25), (26, 25), (25, 25), (24, 25), (23, 25), (23, 24), (23, 23), (22, 23), (22, 22), (22, 21), (22, 20), (22, 19), (21, 19), (21, 18), (21, 17), (20, 17), (19, 17), (19, 18), (19, 19), (18, 19), (17, 19), (17, 18), (16, 18), (15, 18), (14, 18), (13, 18), (14, 18), (15, 18), (16, 18), (17, 18), (17, 17), (18, 17), (18, 16), (18, 15), (17, 15), (17, 14), (16, 14), (15, 14), (14, 14), (13, 14), (12, 14), (11, 14), (10, 14), (9, 14), (9, 13), (9, 12), (9, 11), (9, 10), (10, 10), (11, 10), (11, 11), (11, 11)], 2: [(18, 29), (18, 28), (18, 27), (17, 27), (16, 27), (15, 27), (15, 26), (15, 25), (15, 24), (15, 23), (14, 23), (13, 23), (13, 22), (13, 21), (13, 22), (13, 23), (12, 23), (11, 23), (10, 23), (9, 23), (9, 22), (9, 21), (8, 21), (7, 21), (6, 21), (5, 21), (5, 22), (4, 22), (3, 22), (2, 22), (1, 22), (1, 21), (2, 21), (2, 20), (2, 19), (2, 18), (2, 17), (2, 16), (2, 15), (1, 15), (0, 15), (1, 15), (1, 14), (1, 13), (2, 13), (3, 13), (3, 14), (3, 15), (2, 15), (2, 16), (2, 17), (3, 17), (3, 18), (3, 18)], 3: [(22, 5), (21, 5), (21, 6), (21, 7), (20, 7), (19, 7), (18, 7), (18, 8), (18, 9), (17, 9), (17, 10), (18, 10), (19, 10), (19, 11), (20, 11), (21, 11), (22, 11), (22, 12), (22, 13), (22, 14), (22, 15), (22, 16), (22, 17), (23, 17), (23, 18), (24, 18), (25, 18), (25, 17), (26, 17), (27, 17), (27, 18), (27, 19), (27, 20), (27, 21), (27, 22), (27, 22)], 4: [(1, 9), (2, 9), (3, 9), (3, 10), (4, 10), (5, 10), (6, 10), (5, 10), (5, 11), (5, 12), (5, 13), (5, 14), (6, 14), (6, 15), (6, 16), (6, 17), (7, 17), (7, 18), (8, 18), (9, 18), (9, 19), (9, 20), (9, 21), (10, 21), (10, 22), (10, 23), (11, 23), (11, 24), (11, 25), (10, 25), (10, 26), (10, 27), (10, 28), (10, 29), (9, 29), (9, 30), (8, 30), (7, 30), (7, 29), (6, 29), (5, 29), (5, 30), (4, 30), (3, 30), (3, 29), (3, 28), (3, 27), (3, 27)]}, 139)