

CBSS-C STATS
starts:[547, 95, 950, 830, 203, 465, 337, 114, 43, 189]
targets:[802, 109, 369, 849, 494, 859, 73, 594, 501, 55, 77, 939, 755, 639, 714]
dests:[893, 613, 811, 120, 170, 945, 930, 543, 567, 475]
ac_dict:{802: {0, 1}, 109: {1, 2}, 369: {2, 3}, 849: {3, 4}, 494: {4, 5}, 859: {5, 6}, 73: {6, 7}, 594: {8, 7}, 501: {8, 9}, 893: {0}, 613: {1}, 811: {2}, 120: {3}, 170: {4}, 945: {5}, 930: {6}, 543: {7}, 567: {8}, 475: {9}}
clusters:[6 1 5 4 4 9 7 8 6 1 6 0 1 3 2]

round: 37
best_g_value: 357.0
open_list_size: 36
num_low_level_expanded: 12197
search_success: 1
search_time: 16.33211853588
n_tsp_call: 20
n_tsp_time: 15.13896184740588
n_roots: 1
num_conflicts: 36
target_assignment: {755: 0, 594: 8, 494: 5, 859: 5, 77: 7, 73: 7, 639: 3, 369: 3, 714: 6, 939: 6}
cluster_target_selection: {1: 755, 8: 594, 4: 494, 9: 859, 6: 77, 7: 73, 3: 639, 5: 369, 2: 714, 0: 939}
num_nodes_transformed_graph: 98
agent_paths:({0: [(3, 17), (3, 18), (3, 19), (4, 19), (5, 19), (6, 19), (7, 19), (7, 18), (8, 18), (9, 18), (9, 19), (9, 20), (9, 21), (10, 21), (11, 21), (11, 22), (11, 23), (12, 23), (13, 23), (14, 23), (15, 23), (15, 22), (16, 22), (17, 22), (18, 22), (19, 22), (19, 23), (19, 22), (19, 21), (20, 21), (21, 21), (22, 21), (23, 21), (23, 22), (23, 23), (23, 24), (23, 25), (24, 25), (25, 25), (26, 25), (27, 25), (27, 24), (27, 23), (28, 23), (29, 23), (30, 23), (30, 24), (30, 25), (29, 25), (29, 26), (29, 27), (29, 27)], 1: [(31, 2), (30, 2), (29, 2), (28, 2), (27, 2), (27, 3), (27, 4), (27, 5), (26, 5), (25, 5), (25, 6), (25, 7), (25, 8), (25, 9), (24, 9), (23, 9), (22, 9), (21, 9), (21, 10), (21, 11), (20, 11), (19, 11), (18, 11), (18, 12), (18, 13), (17, 13), (17, 14), (16, 14), (15, 14), (14, 14), (13, 14), (12, 14), (11, 14), (11, 15), (11, 16), (11, 17), (10, 17), (9, 17), (9, 18), (8, 18), (7, 18), (6, 18), (5, 18), (5, 19), (5, 19)], 2: [(22, 29), (23, 29), (23, 28), (23, 27), (22, 27), (21, 27), (21, 26), (20, 26), (19, 26), (18, 26), (17, 26), (17, 27), (16, 27), (15, 27), (14, 27), (13, 27), (12, 27), (11, 27), (11, 26), (11, 25), (11, 25)], 3: [(30, 25), (30, 24), (30, 23), (30, 22), (30, 21), (31, 21), (31, 20), (31, 19), (30, 19), (29, 19), (29, 18), (28, 18), (27, 18), (26, 18), (25, 18), (24, 18), (23, 18), (22, 18), (22, 17), (22, 16), (22, 15), (21, 15), (21, 14), (21, 13), (20, 13), (19, 13), (18, 13), (18, 12), (18, 11), (17, 11), (18, 11), (19, 11), (20, 11), (21, 11), (21, 10), (21, 9), (22, 9), (23, 9), (24, 9), (25, 9), (25, 8), (25, 7), (25, 6), (25, 5), (26, 5), (27, 5), (27, 4), (27, 3), (26, 3), (25, 3), (24, 3), (24, 3)], 4: [(11, 6), (10, 6), (10, 5), (10, 5)], 5: [(17, 14), (16, 14), (15, 14), (14, 14), (14, 15), (15, 15), (15, 14), (16, 14), (17, 14), (18, 14), (18, 15), (18, 16), (18, 17), (19, 17), (20, 17), (21, 17), (22, 17), (23, 17), (23, 18), (24, 18), (25, 18), (26, 18), (27, 18), (27, 19), (27, 20), (27, 21), (27, 22), (27, 23), (27, 24), (27, 25), (27, 26), (26, 26), (25, 26), (25, 25), (24, 25), (23, 25), (22, 25), (21, 25), (21, 26), (20, 26), (19, 26), (18, 26), (18, 27), (18, 28), (18, 29), (17, 29), (17, 29)], 6: [(17, 10), (17, 11), (18, 11), (18, 12), (18, 13), (17, 13), (17, 13), (17, 13), (17, 13), (17, 14), (16, 14), (15, 14), (14, 14), (13, 14), (12, 14), (11, 14), (11, 15), (11, 16), (11, 17), (10, 17), (10, 18), (10, 19), (9, 19), (9, 20), (9, 21), (10, 21), (10, 22), (11, 22), (11, 23), (12, 23), (13, 23), (14, 23), (15, 23), (15, 24), (15, 25), (14, 25), (13, 25), (13, 26), (13, 27), (12, 27), (11, 27), (10, 27), (10, 28), (10, 29), (11, 29), (10, 29), (9, 29), (9, 30), (8, 30), (7, 30), (6, 30), (5, 30), (4, 30), (3, 30), (2, 30), (2, 29), (2, 29)], 7: [(18, 3), (17, 3), (17, 2), (16, 2), (15, 2), (14, 2), (13, 2), (13, 3), (12, 3), (11, 3), (10, 3), (9, 3), (9, 2), (10, 2), (11, 2), (11, 3), (12, 3), (13, 3), (14, 3), (14, 4), (14, 5), (15, 5), (16, 5), (17, 5), (18, 5), (19, 5), (19, 6), (19, 7), (20, 7), (21, 7), (22, 7), (23, 7), (23, 8), (23, 9), (24, 9), (25, 9), (26, 9), (27, 9), (27, 10), (28, 10), (29, 10), (30, 10), (31, 10), (31, 11), (31, 12), (31, 13), (31, 14), (31, 15), (31, 16), (31, 16)], 8: [(11, 1), (11, 2), (11, 3), (12, 3), (13, 3), (14, 3), (14, 4), (14, 5), (15, 5), (16, 5), (17, 5), (18, 5), (18, 6), (18, 7), (18, 8), (18, 9), (18, 10), (18, 11), (18, 12), (18, 13), (18, 14), (18, 15), (18, 16), (18, 17), (18, 18), (18, 17), (19, 17), (20, 17), (21, 17), (22, 17), (23, 17), (23, 17)], 9: [(29, 5), (29, 6), (28, 6), (27, 6), (27, 7), (26, 7), (25, 7), (25, 8), (25, 9), (26, 9), (27, 9), (27, 10), (27, 11), (27, 12), (27, 13), (27, 14), (27, 14)]}, 55)