

CBSS-C STATS
starts:[189, 957, 310, 518, 436, 79, 846, 802, 906, 578]
targets:[1020, 41, 306, 70, 763, 861, 55, 734, 243, 113, 303, 85, 350, 883, 251]
dests:[1013, 938, 203, 954, 91, 769, 862, 370, 172, 673]
ac_dict:{1020: {0, 1}, 41: {1, 2}, 306: {2, 3}, 70: {3, 4}, 763: {4, 5}, 861: {5, 6}, 55: {6, 7}, 734: {8, 7}, 243: {8, 9}, 1013: {0}, 938: {1}, 203: {2}, 954: {3}, 91: {4}, 769: {5}, 862: {6}, 370: {7}, 172: {8}, 673: {9}}
clusters:[7 4 0 8 8 3 1 6 2 4 6 5 1 4 9]

round: 12
best_g_value: 322.0
open_list_size: 11
num_low_level_expanded: 3622
search_success: 1
search_time: 6.046188065782189
n_tsp_call: 19
n_tsp_time: 5.378378070425242
n_roots: 1
num_conflicts: 11
target_assignment: {350: 0, 243: 8, 763: 4, 251: 4, 85: 4, 1020: 1, 883: 6, 861: 6, 306: 2, 303: 2}
cluster_target_selection: {1: 350, 2: 243, 8: 763, 9: 251, 5: 85, 7: 1020, 4: 883, 3: 861, 0: 306, 6: 303}
num_nodes_transformed_graph: 59
agent_paths:({0: [(29, 5), (30, 5), (30, 6), (30, 7), (31, 7), (31, 8), (31, 9), (30, 9), (30, 10), (29, 10), (28, 10), (27, 10), (27, 11), (27, 12), (27, 13), (27, 14), (27, 15), (27, 16), (27, 17), (26, 17), (25, 17), (25, 18), (24, 18), (23, 18), (22, 18), (22, 19), (22, 20), (22, 21), (22, 22), (22, 23), (23, 23), (23, 24), (23, 25), (23, 26), (23, 27), (23, 28), (23, 29), (22, 29), (21, 29), (21, 30), (21, 31), (21, 31)], 1: [(29, 29), (29, 30), (29, 31), (28, 31), (27, 31), (26, 31), (25, 31), (24, 31), (23, 31), (22, 31), (21, 31), (20, 31), (19, 31), (18, 31), (18, 30), (18, 29), (18, 28), (18, 27), (17, 27), (16, 27), (15, 27), (14, 27), (13, 27), (12, 27), (11, 27), (10, 27), (10, 28), (10, 29), (10, 29)], 2: [(22, 9), (21, 9), (21, 10), (21, 11), (20, 11), (19, 11), (18, 11), (18, 10), (18, 9), (17, 9), (16, 9), (15, 9), (14, 9), (14, 8), (14, 7), (13, 7), (13, 6), (13, 5), (12, 5), (11, 5), (11, 6), (11, 6)], 3: [(6, 16), (6, 17), (7, 17), (7, 18), (8, 18), (9, 18), (9, 19), (9, 20), (9, 21), (10, 21), (11, 21), (11, 22), (11, 23), (12, 23), (13, 23), (14, 23), (15, 23), (15, 24), (15, 25), (15, 26), (15, 26), (15, 27), (16, 27), (17, 27), (18, 27), (18, 28), (18, 29), (19, 29), (19, 30), (19, 31), (20, 31), (21, 31), (22, 31), (23, 31), (24, 31), (25, 31), (25, 30), (25, 29), (26, 29), (26, 29)], 4: [(20, 13), (21, 13), (22, 13), (22, 14), (22, 15), (22, 16), (22, 17), (23, 17), (23, 18), (24, 18), (25, 18), (26, 18), (27, 18), (27, 19), (27, 20), (27, 21), (27, 22), (27, 23), (27, 22), (27, 21), (27, 20), (27, 19), (27, 18), (27, 17), (27, 16), (27, 15), (27, 14), (27, 13), (27, 12), (27, 11), (27, 10), (27, 9), (26, 9), (25, 9), (25, 8), (25, 7), (26, 7), (27, 7), (27, 6), (27, 5), (27, 4), (27, 3), (26, 3), (25, 3), (24, 3), (23, 3), (22, 3), (21, 3), (21, 2), (22, 2), (23, 2), (23, 3), (24, 3), (25, 3), (25, 2), (26, 2), (27, 2), (27, 2)], 5: [(15, 2), (14, 2), (14, 3), (14, 4), (14, 5), (14, 6), (14, 7), (14, 8), (14, 9), (13, 9), (13, 10), (13, 11), (12, 11), (11, 11), (10, 11), (9, 11), (9, 12), (9, 13), (8, 13), (7, 13), (6, 13), (6, 14), (6, 15), (6, 16), (6, 17), (5, 17), (5, 18), (5, 19), (4, 19), (3, 19), (2, 19), (2, 20), (2, 21), (2, 22), (1, 22), (1, 23), (1, 24), (1, 24)], 6: [(14, 26), (15, 26), (15, 27), (16, 27), (17, 27), (18, 27), (19, 27), (19, 26), (20, 26), (21, 26), (22, 26), (23, 26), (23, 25), (24, 25), (25, 25), (26, 25), (27, 25), (27, 24), (27, 23), (28, 23), (29, 23), (30, 23), (30, 24), (30, 25), (29, 25), (29, 26), (30, 26), (30, 26)], 7: [(2, 25), (1, 25), (1, 24), (1, 23), (1, 22), (2, 22), (2, 21), (2, 20), (2, 19), (3, 19), (4, 19), (5, 19), (5, 18), (6, 18), (7, 18), (8, 18), (9, 18), (9, 17), (10, 17), (11, 17), (11, 16), (11, 15), (11, 14), (12, 14), (13, 14), (14, 14), (15, 14), (16, 14), (17, 14), (17, 13), (18, 13), (18, 12), (18, 11), (18, 11)], 8: [(10, 28), (10, 27), (10, 26), (10, 25), (11, 25), (11, 24), (11, 23), (11, 22), (10, 22), (9, 22), (9, 21), (9, 20), (9, 19), (9, 18), (9, 17), (10, 17), (11, 17), (11, 16), (11, 15), (11, 14), (12, 14), (13, 14), (14, 14), (15, 14), (16, 14), (17, 14), (17, 13), (18, 13), (18, 12), (18, 11), (18, 10), (18, 9), (18, 8), (18, 7), (19, 7), (18, 7), (17, 7), (17, 6), (17, 5), (16, 5), (15, 5), (14, 5), (13, 5), (12, 5), (12, 5)], 9: [(2, 18), (2, 19), (2, 20), (2, 21), (1, 21), (1, 21)]}, 56)