

CBSS-C STATS
starts:[850, 509, 604, 460, 1007, 978, 721, 697, 9, 975]
targets:[227, 635, 865, 489, 287, 667, 570, 202, 845, 962, 221, 309, 559, 442, 193]
dests:[895, 415, 288, 439, 349, 947, 473, 66, 714, 192]
ac_dict:{227: {0, 1}, 635: {1, 2}, 865: {2, 3}, 489: {3, 4}, 287: {4, 5}, 667: {5, 6}, 570: {6, 7}, 202: {8, 7}, 845: {8, 9}, 895: {0}, 415: {1}, 288: {2}, 439: {3}, 349: {4}, 947: {5}, 473: {6}, 66: {7}, 714: {8}, 192: {9}}
clusters:[0 6 5 2 1 2 8 9 1 7 3 4 4 7 5]

round: 38
best_g_value: 367.0
open_list_size: 37
num_low_level_expanded: 18399
search_success: 1
search_time: 7.648710383102298
n_tsp_call: 19
n_tsp_time: 6.22358215181157
n_roots: 1
num_conflicts: 37
target_assignment: {227: 0, 193: 9, 309: 4, 221: 4, 287: 4, 635: 2, 442: 7, 202: 7, 667: 6, 570: 6}
cluster_target_selection: {0: 227, 5: 193, 4: 309, 3: 221, 1: 287, 6: 635, 7: 442, 9: 202, 2: 667, 8: 570}
num_nodes_transformed_graph: 59
agent_paths:({0: [(18, 26), (17, 26), (17, 25), (17, 24), (17, 23), (17, 22), (16, 22), (15, 22), (14, 22), (13, 22), (13, 23), (12, 23), (11, 23), (10, 23), (9, 23), (9, 22), (9, 21), (9, 20), (9, 19), (9, 18), (8, 18), (7, 18), (6, 18), (6, 17), (6, 16), (6, 15), (5, 15), (5, 14), (5, 13), (5, 12), (5, 11), (5, 10), (5, 9), (6, 9), (6, 8), (6, 7), (5, 7), (5, 6), (5, 5), (4, 5), (3, 5), (3, 6), (3, 7), (3, 6), (3, 6), (3, 6), (3, 6), (3, 6), (3, 5), (4, 5), (5, 5), (6, 5), (6, 6), (6, 7), (6, 8), (6, 9), (7, 9), (8, 9), (9, 9), (9, 10), (9, 11), (9, 12), (9, 13), (10, 13), (11, 13), (11, 14), (12, 14), (13, 14), (14, 14), (15, 14), (16, 14), (17, 14), (18, 14), (18, 15), (18, 16), (18, 17), (19, 17), (20, 17), (21, 17), (22, 17), (23, 17), (23, 18), (24, 18), (25, 18), (26, 18), (27, 18), (27, 19), (27, 20), (27, 21), (27, 22), (27, 23), (28, 23), (29, 23), (30, 23), (30, 24), (30, 25), (31, 25), (31, 26), (31, 27), (31, 27)], 1: [(29, 15), (29, 14), (29, 13), (30, 13), (31, 13), (31, 12), (31, 12)], 2: [(28, 18), (27, 18), (27, 19), (26, 19), (25, 19), (25, 18), (24, 18), (23, 18), (22, 18), (21, 18), (21, 17), (20, 17), (19, 17), (18, 17), (18, 16), (18, 15), (17, 15), (17, 14), (16, 14), (15, 14), (14, 14), (13, 14), (12, 14), (11, 14), (10, 14), (9, 14), (9, 13), (8, 13), (7, 13), (6, 13), (5, 13), (5, 12), (5, 11), (5, 10), (4, 10), (3, 10), (2, 10), (1, 10), (1, 9), (0, 9), (0, 9)], 3: [(12, 14), (13, 14), (14, 14), (15, 14), (16, 14), (17, 14), (17, 13), (18, 13), (19, 13), (20, 13), (21, 13), (22, 13), (23, 13), (23, 13)], 4: [(15, 31), (16, 31), (17, 31), (17, 30), (17, 29), (18, 29), (18, 28), (18, 27), (18, 26), (18, 25), (17, 25), (17, 24), (17, 23), (17, 22), (17, 21), (18, 21), (19, 21), (20, 21), (21, 21), (22, 21), (22, 20), (22, 19), (22, 18), (22, 17), (22, 16), (22, 15), (22, 14), (22, 13), (22, 12), (22, 11), (21, 11), (21, 10), (21, 9), (22, 9), (23, 9), (24, 9), (25, 9), (25, 8), (25, 7), (25, 6), (26, 6), (27, 6), (28, 6), (29, 6), (30, 6), (31, 6), (31, 7), (31, 8), (31, 9), (30, 9), (29, 9), (29, 10), (29, 10)], 5: [(18, 30), (18, 29), (19, 29), (19, 29)], 6: [(17, 22), (17, 21), (18, 21), (19, 21), (20, 21), (21, 21), (22, 21), (22, 20), (22, 19), (23, 19), (23, 18), (24, 18), (25, 18), (26, 18), (27, 18), (27, 19), (27, 20), (27, 19), (26, 19), (26, 18), (26, 17), (27, 17), (27, 16), (27, 15), (26, 15), (25, 15), (25, 14), (25, 14)], 7: [(25, 21), (26, 21), (27, 21), (27, 20), (27, 19), (27, 18), (27, 17), (27, 16), (27, 15), (26, 15), (26, 14), (26, 13), (27, 13), (27, 12), (27, 11), (26, 11), (25, 11), (25, 10), (25, 9), (24, 9), (23, 9), (23, 8), (23, 7), (22, 7), (21, 7), (20, 7), (19, 7), (18, 7), (17, 7), (17, 6), (17, 5), (16, 5), (15, 5), (14, 5), (13, 5), (12, 5), (11, 5), (10, 5), (10, 6), (9, 6), (8, 6), (7, 6), (6, 6), (5, 6), (5, 5), (4, 5), (3, 5), (3, 4), (3, 3), (2, 3), (2, 2), (2, 2)], 8: [(9, 0), (9, 1), (8, 1), (7, 1), (7, 2), (7, 3), (6, 3), (6, 4), (6, 5), (6, 6), (6, 7), (6, 8), (6, 9), (7, 9), (8, 9), (9, 9), (9, 10), (9, 11), (9, 12), (9, 13), (10, 13), (10, 14), (10, 15), (11, 15), (11, 16), (11, 17), (10, 17), (10, 18), (10, 19), (9, 19), (9, 20), (9, 21), (10, 21), (10, 22), (10, 22)], 9: [(15, 30), (15, 31), (16, 31), (17, 31), (17, 30), (17, 29), (18, 29), (18, 28), (18, 27), (17, 27), (16, 27), (15, 27), (14, 27), (13, 27), (12, 27), (11, 27), (11, 26), (11, 25), (11, 24), (11, 23), (10, 23), (9, 23), (9, 22), (9, 21), (9, 20), (9, 19), (9, 18), (8, 18), (7, 18), (6, 18), (6, 17), (6, 16), (6, 15), (5, 15), (5, 14), (5, 13), (5, 12), (5, 11), (5, 10), (5, 9), (6, 9), (6, 8), (6, 7), (5, 7), (5, 6), (5, 5), (4, 5), (3, 5), (2, 5), (1, 5), (1, 6), (0, 6), (0, 6)]}, 98)