

CBSS-C STATS
starts:[354, 467, 867, 298, 815, 489, 94, 720, 357, 723]
targets:[483, 999, 312, 111, 302, 353, 167, 514, 747, 601, 875, 192, 805, 554, 375]
dests:[230, 470, 59, 810, 119, 173, 97, 886, 837, 1012]
ac_dict:{483: {0, 1}, 999: {1, 2}, 312: {2, 3}, 111: {3, 4}, 302: {4, 5}, 353: {5, 6}, 167: {6, 7}, 514: {8, 7}, 747: {8, 9}, 230: {0}, 470: {1}, 59: {2}, 810: {3}, 119: {4}, 173: {5}, 97: {6}, 886: {7}, 837: {8}, 1012: {9}}
clusters:[3 6 1 9 5 0 0 2 1 7 4 1 8 5 5]

round: 5
best_g_value: 305.0
open_list_size: 4
num_low_level_expanded: 1888
search_success: 1
search_time: 5.805880440864712
n_tsp_call: 17
n_tsp_time: 4.852335419040173
n_roots: 1
num_conflicts: 4
target_assignment: {483: 0, 167: 6, 999: 2, 875: 2, 601: 2, 312: 2, 554: 4, 111: 4, 514: 8, 805: 8}
cluster_target_selection: {3: 483, 0: 167, 6: 999, 4: 875, 7: 601, 1: 312, 5: 554, 9: 111, 2: 514, 8: 805}
num_nodes_transformed_graph: 57
agent_paths:({0: [(2, 11), (3, 11), (3, 10), (4, 10), (5, 10), (5, 11), (5, 12), (5, 13), (5, 14), (5, 15), (6, 15), (6, 16), (6, 17), (5, 17), (5, 18), (5, 19), (4, 19), (3, 19), (3, 18), (3, 17), (2, 17), (2, 16), (2, 15), (3, 15), (2, 15), (2, 16), (2, 17), (3, 17), (3, 18), (3, 19), (4, 19), (5, 19), (5, 18), (5, 17), (6, 17), (6, 16), (6, 15), (6, 14), (6, 13), (5, 13), (5, 12), (5, 11), (5, 10), (5, 9), (6, 9), (6, 8), (6, 7), (6, 7)], 1: [(19, 14), (19, 13), (20, 13), (21, 13), (22, 13), (22, 14), (22, 14)], 2: [(3, 27), (3, 28), (3, 29), (3, 30), (4, 30), (5, 30), (6, 30), (7, 30), (7, 31), (7, 30), (8, 30), (9, 30), (9, 29), (10, 29), (10, 28), (10, 27), (11, 27), (11, 26), (11, 25), (11, 24), (11, 23), (12, 23), (13, 23), (13, 22), (14, 22), (15, 22), (16, 22), (17, 22), (17, 21), (18, 21), (19, 21), (20, 21), (21, 21), (22, 21), (22, 20), (22, 19), (22, 18), (23, 18), (24, 18), (25, 18), (25, 17), (26, 17), (27, 17), (27, 16), (27, 15), (27, 14), (27, 13), (27, 12), (27, 11), (26, 11), (25, 11), (25, 10), (25, 9), (24, 9), (25, 9), (25, 8), (25, 7), (25, 6), (25, 5), (26, 5), (27, 5), (27, 4), (27, 3), (27, 2), (27, 1), (27, 1)], 3: [(10, 9), (10, 10), (9, 10), (9, 10), (9, 10), (9, 11), (9, 12), (9, 13), (10, 13), (10, 14), (10, 15), (11, 15), (11, 16), (11, 17), (10, 17), (10, 18), (10, 19), (9, 19), (9, 20), (9, 21), (10, 21), (10, 22), (10, 23), (11, 23), (11, 24), (11, 25), (10, 25), (10, 25)], 4: [(15, 25), (15, 24), (15, 23), (14, 23), (13, 23), (12, 23), (11, 23), (10, 23), (10, 22), (10, 21), (9, 21), (9, 20), (9, 19), (9, 18), (9, 17), (10, 17), (11, 17), (11, 16), (11, 15), (11, 14), (11, 13), (10, 13), (9, 13), (9, 12), (9, 11), (10, 11), (11, 11), (12, 11), (13, 11), (13, 10), (13, 9), (14, 9), (14, 8), (14, 7), (14, 6), (14, 5), (14, 4), (14, 3), (15, 3), (15, 2), (16, 2), (17, 2), (18, 2), (19, 2), (19, 1), (20, 1), (21, 1), (22, 1), (23, 1), (23, 2), (23, 3), (23, 3)], 5: [(9, 15), (9, 14), (9, 13), (9, 12), (9, 11), (10, 11), (11, 11), (12, 11), (13, 11), (13, 10), (13, 9), (14, 9), (14, 8), (14, 7), (13, 7), (13, 6), (13, 5), (13, 5)], 6: [(30, 2), (29, 2), (28, 2), (27, 2), (26, 2), (25, 2), (25, 3), (24, 3), (23, 3), (22, 3), (21, 3), (21, 2), (21, 1), (20, 1), (19, 1), (18, 1), (17, 1), (17, 2), (16, 2), (15, 2), (14, 2), (13, 2), (13, 3), (12, 3), (11, 3), (11, 4), (11, 5), (10, 5), (9, 5), (9, 6), (8, 6), (7, 6), (7, 5), (6, 5), (5, 5), (4, 5), (3, 5), (3, 4), (3, 3), (2, 3), (1, 3), (1, 3)], 7: [(16, 22), (17, 22), (17, 23), (17, 24), (17, 25), (18, 25), (19, 25), (19, 26), (20, 26), (21, 26), (22, 26), (22, 27), (22, 27)], 8: [(5, 11), (5, 12), (5, 13), (5, 14), (5, 15), (6, 15), (6, 16), (6, 17), (5, 17), (5, 18), (5, 19), (4, 19), (3, 19), (2, 19), (2, 18), (2, 17), (2, 16), (2, 17), (2, 18), (2, 19), (2, 20), (2, 21), (2, 22), (2, 23), (1, 23), (1, 24), (1, 25), (2, 25), (3, 25), (3, 26), (4, 26), (5, 26), (5, 25), (5, 26), (5, 26)], 9: [(19, 22), (19, 23), (18, 23), (17, 23), (17, 24), (17, 25), (18, 25), (18, 26), (18, 27), (18, 28), (18, 29), (19, 29), (19, 30), (19, 31), (20, 31), (20, 31)]}, 64)