

CBSS-C STATS
starts:[738, 310, 1010, 333, 274, 218, 686, 852, 305, 42]
targets:[680, 170, 823, 337, 880, 167, 590, 599, 824, 325, 79, 372, 839, 827, 296]
dests:[710, 158, 573, 721, 950, 919, 928, 811, 81, 1021]
ac_dict:{680: {0, 1}, 170: {1, 2}, 823: {2, 3}, 337: {3, 4}, 880: {4, 5}, 167: {5, 6}, 590: {6, 7}, 599: {8, 7}, 824: {8, 9}, 710: {0}, 158: {1}, 573: {2}, 721: {3}, 950: {4}, 919: {5}, 928: {6}, 811: {7}, 81: {8}, 1021: {9}}
clusters:[3 3 8 4 3 0 1 1 2 6 9 7 6 6 5]

round: 46
best_g_value: 296.0
open_list_size: 45
num_low_level_expanded: 9783
search_success: 1
search_time: 19.254386227112263
n_tsp_call: 19
n_tsp_time: 17.669859018176794
n_roots: 1
num_conflicts: 45
target_assignment: {680: 0, 372: 9, 824: 9, 79: 8, 823: 2, 827: 2, 599: 7, 167: 5, 296: 5, 337: 3}
cluster_target_selection: {3: 680, 7: 372, 2: 824, 9: 79, 8: 823, 6: 827, 1: 599, 0: 167, 5: 296, 4: 337}
num_nodes_transformed_graph: 98
agent_paths:({0: [(2, 23), (2, 22), (3, 22), (4, 22), (5, 22), (5, 21), (6, 21), (7, 21), (8, 21), (7, 21), (6, 21), (6, 22), (6, 22)], 1: [(22, 9), (23, 9), (24, 9), (25, 9), (25, 8), (25, 7), (25, 6), (26, 6), (27, 6), (28, 6), (29, 6), (29, 5), (30, 5), (30, 4), (30, 4)], 2: [(18, 31), (18, 30), (18, 29), (18, 28), (18, 27), (18, 26), (19, 26), (20, 26), (21, 26), (21, 25), (22, 25), (23, 25), (24, 25), (25, 25), (26, 25), (27, 25), (27, 24), (27, 23), (27, 22), (27, 21), (27, 20), (27, 19), (27, 18), (28, 18), (29, 18), (29, 17), (29, 17)], 3: [(13, 10), (14, 10), (15, 10), (15, 9), (16, 9), (17, 9), (17, 10), (17, 11), (18, 11), (18, 12), (18, 13), (18, 14), (18, 15), (18, 16), (18, 17), (19, 17), (20, 17), (21, 17), (21, 18), (21, 19), (22, 19), (22, 20), (22, 21), (21, 21), (20, 21), (19, 21), (18, 21), (17, 21), (17, 22), (17, 22)], 4: [(18, 8), (18, 9), (18, 10), (18, 11), (18, 12), (18, 13), (18, 14), (18, 15), (18, 16), (18, 17), (19, 17), (20, 17), (21, 17), (21, 18), (21, 19), (22, 19), (22, 20), (22, 21), (22, 22), (22, 23), (23, 23), (23, 24), (23, 25), (23, 26), (23, 27), (23, 28), (23, 29), (22, 29), (22, 29)], 5: [(26, 6), (26, 7), (26, 7), (26, 7), (26, 7), (26, 7), (25, 7), (25, 8), (25, 9), (24, 9), (23, 9), (23, 8), (23, 7), (22, 7), (21, 7), (20, 7), (19, 7), (18, 7), (17, 7), (17, 6), (17, 5), (16, 5), (15, 5), (14, 5), (13, 5), (12, 5), (11, 5), (10, 5), (9, 5), (9, 6), (8, 6), (7, 6), (7, 5), (7, 6), (7, 7), (6, 7), (6, 8), (6, 9), (7, 9), (8, 9), (9, 9), (9, 10), (9, 11), (9, 12), (9, 13), (10, 13), (11, 13), (11, 14), (12, 14), (13, 14), (14, 14), (15, 14), (16, 14), (17, 14), (18, 14), (18, 15), (18, 16), (18, 17), (19, 17), (20, 17), (21, 17), (22, 17), (22, 18), (22, 19), (22, 20), (22, 21), (23, 21), (23, 22), (23, 23), (23, 24), (23, 25), (23, 26), (23, 27), (23, 28), (23, 28)], 6: [(14, 21), (13, 21), (13, 22), (13, 23), (12, 23), (11, 23), (11, 24), (11, 25), (10, 25), (10, 26), (10, 27), (10, 28), (10, 29), (9, 29), (9, 30), (8, 30), (7, 30), (6, 30), (5, 30), (4, 30), (3, 30), (2, 30), (1, 30), (1, 29), (0, 29), (0, 29)], 7: [(20, 26), (21, 26), (21, 25), (22, 25), (23, 25), (23, 24), (23, 23), (23, 22), (23, 21), (22, 21), (22, 20), (22, 19), (22, 18), (23, 18), (22, 18), (22, 18), (22, 19), (22, 20), (22, 21), (21, 21), (20, 21), (19, 21), (18, 21), (17, 21), (17, 22), (16, 22), (15, 22), (14, 22), (13, 22), (13, 23), (12, 23), (11, 23), (11, 24), (11, 25), (11, 25)], 8: [(17, 9), (16, 9), (15, 9), (14, 9), (14, 8), (14, 7), (14, 6), (14, 5), (14, 4), (14, 3), (14, 2), (15, 2), (16, 2), (17, 2), (17, 2)], 9: [(10, 1), (11, 1), (11, 2), (11, 3), (11, 4), (11, 5), (12, 5), (13, 5), (14, 5), (15, 5), (16, 5), (17, 5), (18, 5), (18, 6), (18, 7), (18, 8), (18, 9), (19, 9), (19, 10), (19, 11), (20, 11), (21, 11), (22, 11), (22, 12), (22, 13), (22, 14), (22, 15), (22, 16), (22, 17), (22, 18), (22, 19), (22, 20), (22, 21), (23, 21), (23, 22), (23, 23), (23, 24), (23, 25), (24, 25), (25, 25), (26, 25), (27, 25), (27, 26), (27, 27), (27, 28), (27, 29), (27, 30), (27, 31), (28, 31), (29, 31), (29, 31)]}, 73)