

CBSS-C STATS
starts:[626, 431, 314, 759, 558, 291, 393, 1002, 852, 949]
targets:[498, 63, 495, 818, 893, 199, 523, 680, 899, 334, 81, 415, 125, 957, 928]
dests:[543, 39, 824, 305, 501, 723, 833, 67, 939, 198]
ac_dict:{498: {0, 1}, 63: {1, 2}, 495: {2, 3}, 818: {3, 4}, 893: {4, 5}, 199: {5, 6}, 523: {6, 7}, 680: {8, 7}, 899: {8, 9}, 543: {0}, 39: {1}, 824: {2}, 305: {3}, 501: {4}, 723: {5}, 833: {6}, 67: {7}, 939: {8}, 198: {9}}
clusters:[7 9 8 0 4 5 9 0 2 9 1 9 0 3 6]

round: 170
best_g_value: 358.0
open_list_size: 169
num_low_level_expanded: 84180
search_success: 1
search_time: 11.665354320779443
n_tsp_call: 16
n_tsp_time: 6.28535617981106
n_roots: 1
num_conflicts: 169
target_assignment: {498: 0, 495: 3, 199: 5, 81: 5, 415: 5, 893: 5, 957: 5, 928: 8, 899: 8, 680: 7}
cluster_target_selection: {7: 498, 8: 495, 5: 199, 1: 81, 9: 415, 4: 893, 3: 957, 6: 928, 2: 899, 0: 680}
num_nodes_transformed_graph: 59
agent_paths:({0: [(18, 19), (18, 18), (18, 17), (18, 16), (18, 15), (18, 16), (18, 16), (18, 17), (19, 17), (20, 17), (21, 17), (22, 17), (23, 17), (23, 18), (24, 18), (25, 18), (26, 18), (27, 18), (28, 18), (29, 18), (29, 17), (30, 17), (31, 17), (31, 16), (31, 16)], 1: [(15, 13), (14, 13), (13, 13), (13, 14), (12, 14), (11, 14), (10, 14), (9, 14), (9, 13), (9, 12), (9, 11), (9, 10), (9, 9), (8, 9), (7, 9), (6, 9), (6, 8), (6, 7), (6, 6), (6, 5), (6, 4), (6, 3), (6, 2), (6, 1), (7, 1), (7, 1)], 2: [(26, 9), (26, 10), (26, 11), (27, 11), (27, 12), (27, 13), (27, 14), (27, 15), (27, 16), (27, 17), (27, 18), (27, 19), (27, 20), (27, 21), (27, 22), (27, 23), (27, 24), (27, 25), (26, 25), (25, 25), (24, 25), (24, 25)], 3: [(23, 23), (22, 23), (22, 22), (22, 21), (22, 20), (22, 19), (22, 18), (22, 17), (22, 16), (22, 15), (21, 15), (21, 14), (21, 13), (20, 13), (19, 13), (18, 13), (17, 13), (17, 14), (16, 14), (15, 14), (15, 15), (15, 14), (16, 14), (17, 14), (17, 13), (18, 13), (18, 12), (18, 11), (17, 11), (17, 10), (17, 9), (17, 9)], 4: [(14, 17), (15, 17), (15, 18), (16, 18), (17, 18), (17, 17), (18, 17), (19, 17), (20, 17), (21, 17), (22, 17), (22, 16), (22, 15), (21, 15), (21, 15)], 5: [(3, 9), (3, 10), (4, 10), (5, 10), (5, 9), (6, 9), (6, 8), (6, 7), (6, 6), (7, 6), (8, 6), (9, 6), (9, 5), (10, 5), (11, 5), (11, 4), (11, 3), (12, 3), (13, 3), (13, 2), (14, 2), (15, 2), (16, 2), (17, 2), (18, 2), (19, 2), (19, 1), (20, 1), (21, 1), (22, 1), (23, 1), (23, 2), (23, 3), (24, 3), (25, 3), (26, 3), (27, 3), (27, 4), (27, 5), (27, 6), (28, 6), (29, 6), (30, 6), (31, 6), (31, 7), (31, 8), (31, 9), (31, 10), (31, 11), (31, 12), (31, 13), (30, 13), (29, 13), (29, 14), (28, 14), (27, 14), (27, 15), (27, 16), (27, 17), (27, 18), (27, 19), (27, 20), (27, 21), (27, 22), (27, 23), (28, 23), (29, 23), (30, 23), (30, 24), (30, 25), (29, 25), (29, 26), (29, 27), (30, 27), (31, 27), (31, 28), (31, 29), (30, 29), (29, 29), (29, 30), (29, 31), (28, 31), (27, 31), (26, 31), (25, 31), (24, 31), (23, 31), (23, 30), (23, 29), (23, 28), (23, 27), (23, 26), (23, 25), (23, 24), (23, 23), (22, 23), (21, 23), (21, 22), (21, 21), (20, 21), (19, 21), (19, 22), (19, 22)], 6: [(9, 12), (9, 13), (8, 13), (7, 13), (6, 13), (6, 14), (6, 15), (6, 16), (6, 17), (5, 17), (5, 18), (5, 19), (4, 19), (3, 19), (2, 19), (2, 20), (2, 21), (1, 21), (1, 22), (1, 23), (1, 24), (1, 25), (1, 26), (1, 26)], 7: [(10, 31), (10, 30), (10, 29), (10, 28), (10, 27), (10, 26), (10, 25), (11, 25), (11, 24), (11, 23), (10, 23), (9, 23), (9, 22), (9, 21), (8, 21), (9, 21), (9, 20), (9, 19), (9, 18), (8, 18), (7, 18), (6, 18), (6, 17), (6, 16), (6, 15), (5, 15), (5, 14), (5, 13), (5, 12), (5, 11), (5, 10), (5, 9), (6, 9), (6, 8), (6, 7), (5, 7), (5, 6), (5, 5), (4, 5), (3, 5), (3, 4), (3, 3), (3, 2), (3, 2)], 8: [(20, 26), (19, 26), (18, 26), (17, 26), (17, 27), (16, 27), (15, 27), (14, 27), (13, 27), (12, 27), (11, 27), (10, 27), (10, 28), (10, 29), (9, 29), (9, 30), (8, 30), (7, 30), (6, 30), (5, 30), (4, 30), (3, 30), (2, 30), (1, 30), (1, 29), (0, 29), (1, 29), (2, 29), (3, 29), (3, 28), (3, 29), (3, 30), (4, 30), (5, 30), (6, 30), (7, 30), (8, 30), (9, 30), (9, 29), (10, 29), (11, 29), (11, 29)], 9: [(21, 29), (22, 29), (23, 29), (23, 28), (23, 27), (23, 26), (23, 25), (23, 24), (23, 23), (22, 23), (22, 22), (22, 21), (22, 20), (22, 19), (21, 19), (21, 18), (21, 17), (20, 17), (19, 17), (18, 17), (18, 16), (18, 15), (17, 15), (17, 15), (17, 14), (16, 14), (15, 14), (14, 14), (13, 14), (12, 14), (11, 14), (10, 14), (9, 14), (9, 13), (9, 12), (9, 11), (9, 10), (9, 9), (8, 9), (7, 9), (6, 9), (6, 8), (6, 7), (6, 6), (6, 6)]}, 101)