

CBSS-C STATS
starts:[74, 480, 33, 202, 193]
targets:[635, 377, 674, 289, 614, 181, 198, 582, 166, 750, 715, 466, 623, 197, 491, 602, 720, 881, 52, 738, 682, 211, 482, 207, 330, 733, 483, 262, 353, 313, 994, 850, 219, 110, 123, 594, 545, 958, 950, 719, 426, 172, 765, 91, 890]
dests:[97, 93, 309, 604, 425]
ac_dict:{635: {0, 1}, 377: {1, 2}, 674: {2, 3}, 289: {3, 4}, 97: {0}, 93: {1}, 309: {2}, 604: {3}, 425: {4}}
clusters:[30  0 10 11 25 35 28  3 14 18 31 19 34 36  6 41  4  9 29 23 38 15  7 20
 40 27 33 44 16 22 43 42  1 12 32 24 39  8 21 13 26 37  5 17  2]

round: 2
best_g_value: 319.0
open_list_size: 0
num_low_level_expanded: 756
search_success: 1
search_time: 3.683006135004689
n_tsp_call: 1
n_tsp_time: 3.6209154690004652
n_roots: 1
num_conflicts: 1
target_assignment: {166: 0, 197: 4, 330: 4, 491: 4, 426: 4, 198: 2, 172: 2, 52: 2, 110: 2, 207: 2, 211: 2, 181: 2, 262: 3, 289: 3, 353: 3, 674: 3, 614: 3, 582: 3, 466: 3, 623: 3, 594: 3, 602: 3, 483: 1, 482: 1, 545: 1, 738: 1, 994: 1, 715: 1, 682: 1, 750: 1, 719: 1, 720: 1, 881: 1, 850: 1, 950: 1, 958: 1, 890: 1, 765: 1, 733: 1, 635: 1, 377: 1, 313: 1, 219: 1, 123: 1, 91: 1}
cluster_target_selection: {14: 166, 36: 197, 40: 330, 6: 491, 26: 426, 28: 198, 37: 172, 29: 52, 12: 110, 20: 207, 15: 211, 35: 181, 44: 262, 11: 289, 16: 353, 10: 674, 25: 614, 3: 582, 19: 466, 34: 623, 24: 594, 41: 602, 33: 483, 7: 482, 39: 545, 23: 738, 43: 994, 31: 715, 38: 682, 18: 750, 13: 719, 4: 720, 9: 881, 42: 850, 21: 950, 8: 958, 2: 890, 5: 765, 27: 733, 30: 635, 0: 377, 22: 313, 1: 219, 32: 123, 17: 91}
num_nodes_transformed_graph: 110
agent_paths:({0: [(10, 2), (9, 2), (9, 1), (8, 1), (7, 1), (6, 1), (6, 2), (6, 3), (6, 4), (6, 5), (5, 5), (4, 5), (3, 5), (3, 4), (3, 3), (2, 3), (1, 3), (1, 3)], 1: [(0, 15), (1, 15), (2, 15), (3, 15), (2, 15), (2, 16), (2, 17), (1, 17), (2, 17), (2, 18), (2, 19), (2, 20), (2, 21), (2, 22), (2, 23), (1, 23), (1, 24), (1, 25), (2, 25), (2, 26), (2, 27), (3, 27), (3, 28), (3, 29), (2, 29), (2, 30), (2, 31), (2, 30), (3, 30), (4, 30), (5, 30), (6, 30), (7, 30), (8, 30), (9, 30), (9, 29), (10, 29), (10, 28), (10, 27), (10, 26), (10, 25), (11, 25), (11, 24), (11, 23), (11, 22), (10, 22), (10, 21), (11, 21), (11, 22), (11, 23), (12, 23), (13, 23), (14, 23), (14, 22), (15, 22), (16, 22), (17, 22), (17, 23), (17, 24), (17, 25), (17, 26), (17, 27), (17, 26), (18, 26), (19, 26), (20, 26), (21, 26), (22, 26), (22, 27), (23, 27), (23, 28), (23, 29), (22, 29), (23, 29), (23, 30), (23, 31), (24, 31), (25, 31), (26, 31), (27, 31), (28, 31), (29, 31), (29, 30), (29, 29), (30, 29), (29, 29), (29, 30), (29, 31), (28, 31), (27, 31), (27, 30), (27, 29), (27, 28), (27, 27), (26, 27), (26, 26), (26, 25), (27, 25), (27, 24), (27, 23), (28, 23), (29, 23), (29, 22), (29, 23), (28, 23), (27, 23), (27, 22), (27, 21), (27, 20), (27, 19), (27, 18), (27, 17), (27, 16), (27, 15), (27, 14), (27, 13), (27, 12), (27, 11), (26, 11), (25, 11), (25, 10), (25, 9), (25, 8), (25, 7), (25, 6), (26, 6), (27, 6), (27, 5), (27, 4), (27, 3), (27, 2), (28, 2), (29, 2), (29, 2)], 2: [(1, 1), (2, 1), (3, 1), (3, 2), (3, 3), (3, 4), (3, 5), (4, 5), (5, 5), (5, 6), (6, 6), (7, 6), (8, 6), (9, 6), (9, 5), (10, 5), (11, 5), (12, 5), (13, 5), (14, 5), (14, 4), (14, 3), (14, 2), (15, 2), (16, 2), (17, 2), (17, 1), (18, 1), (19, 1), (20, 1), (19, 1), (18, 1), (17, 1), (17, 2), (16, 2), (15, 2), (14, 2), (14, 3), (14, 4), (14, 5), (15, 5), (15, 6), (15, 5), (16, 5), (17, 5), (18, 5), (19, 5), (19, 6), (19, 7), (20, 7), (21, 7), (21, 6), (21, 5), (21, 6), (21, 7), (22, 7), (23, 7), (23, 8), (23, 9), (22, 9), (21, 9), (21, 9)], 3: [(10, 6), (9, 6), (8, 6), (7, 6), (6, 6), (6, 7), (6, 8), (6, 9), (5, 9), (5, 10), (4, 10), (3, 10), (2, 10), (1, 10), (1, 9), (1, 10), (1, 11), (2, 11), (2, 10), (3, 10), (4, 10), (5, 10), (5, 11), (5, 12), (5, 13), (5, 14), (5, 15), (6, 15), (6, 16), (6, 17), (5, 17), (5, 18), (5, 19), (4, 19), (3, 19), (2, 19), (2, 20), (2, 21), (2, 20), (2, 19), (3, 19), (4, 19), (5, 19), (6, 19), (6, 18), (7, 18), (8, 18), (9, 18), (9, 17), (10, 17), (11, 17), (11, 16), (11, 15), (11, 14), (12, 14), (13, 14), (14, 14), (15, 14), (16, 14), (17, 14), (18, 14), (18, 15), (18, 16), (18, 17), (17, 17), (17, 18), (16, 18), (15, 18), (15, 19), (15, 18), (16, 18), (17, 18), (18, 18), (19, 18), (19, 17), (20, 17), (21, 17), (22, 17), (23, 17), (23, 18), (24, 18), (25, 18), (26, 18), (27, 18), (28, 18), (28, 18)], 4: [(1, 6), (2, 6), (3, 6), (3, 5), (4, 5), (5, 5), (5, 6), (6, 6), (6, 7), (6, 8), (6, 9), (7, 9), (8, 9), (9, 9), (10, 9), (10, 10), (10, 11), (9, 11), (9, 12), (9, 13), (10, 13), (11, 13), (11, 14), (11, 15), (10, 15), (10, 14), (10, 13), (9, 13), (9, 13)]}, 132)