

CBSS-C STATS
starts:[890, 296, 171, 203, 673]
targets:[615, 734, 737, 298, 619, 947, 677, 367, 306, 849, 985, 102, 810, 453, 554, 586, 597, 767, 753, 501, 839, 34, 331, 765, 362, 627, 243, 429, 291, 836, 959, 587, 163, 350, 993, 383, 679, 681, 741, 422, 342, 337, 589, 109, 1014]
dests:[1022, 54, 963, 330, 758]
ac_dict:{615: {0, 1}, 734: {1, 2}, 737: {2, 3}, 298: {3, 4}, 1022: {0}, 54: {1}, 963: {2}, 330: {3}, 758: {4}}
clusters:[17  2 30 29  3 31 40 12 20 27 18  6 22 21 32 14 13 39  8 19 26 10 23 35
  1  7 36 11 28 25 33  4  0 41  9 24  5 42 15 34 44 16 37 38 43]

round: 1
best_g_value: 307.0
open_list_size: 0
num_low_level_expanded: 582
search_success: 1
search_time: 42.24248359599733
n_tsp_call: 1
n_tsp_time: 42.12744934699731
n_roots: 1
num_conflicts: 0
target_assignment: {959: 0, 243: 2, 306: 2, 337: 2, 342: 2, 350: 2, 383: 2, 734: 2, 767: 2, 765: 2, 985: 2, 1014: 2, 947: 2, 849: 2, 753: 2, 810: 2, 679: 2, 737: 2, 836: 2, 839: 2, 993: 2, 291: 1, 453: 1, 615: 1, 422: 1, 362: 1, 367: 1, 109: 1, 102: 3, 163: 3, 34: 3, 298: 3, 331: 3, 741: 4, 677: 4, 681: 4, 619: 4, 587: 4, 586: 4, 554: 4, 429: 4, 589: 4, 627: 4, 501: 4, 597: 4}
cluster_target_selection: {33: 959, 36: 243, 20: 306, 16: 337, 44: 342, 41: 350, 24: 383, 2: 734, 39: 767, 35: 765, 18: 985, 43: 1014, 31: 947, 27: 849, 8: 753, 22: 810, 5: 679, 30: 737, 25: 836, 26: 839, 9: 993, 28: 291, 21: 453, 17: 615, 34: 422, 1: 362, 12: 367, 38: 109, 6: 102, 0: 163, 10: 34, 29: 298, 23: 331, 15: 741, 40: 677, 42: 681, 3: 619, 4: 587, 14: 586, 32: 554, 11: 429, 37: 589, 7: 627, 19: 501, 13: 597}
num_nodes_transformed_graph: 223
agent_paths:({0: [(26, 27), (27, 27), (27, 28), (27, 29), (27, 30), (27, 31), (28, 31), (29, 31), (29, 30), (29, 29), (30, 29), (31, 29), (30, 29), (30, 30), (30, 31), (30, 31)], 1: [(8, 9), (7, 9), (6, 9), (5, 9), (5, 10), (4, 10), (3, 10), (3, 9), (3, 10), (4, 10), (5, 10), (5, 11), (5, 12), (5, 13), (5, 14), (6, 14), (6, 15), (6, 16), (6, 17), (7, 17), (7, 18), (7, 19), (6, 19), (6, 18), (6, 17), (6, 16), (6, 15), (6, 14), (6, 13), (7, 13), (8, 13), (9, 13), (9, 12), (9, 11), (10, 11), (11, 11), (12, 11), (13, 11), (14, 11), (15, 11), (14, 11), (14, 10), (14, 9), (14, 8), (14, 7), (14, 6), (14, 5), (14, 4), (14, 3), (13, 3), (13, 2), (14, 2), (15, 2), (16, 2), (17, 2), (17, 1), (18, 1), (19, 1), (20, 1), (21, 1), (22, 1), (22, 1)], 2: [(11, 5), (12, 5), (13, 5), (14, 5), (15, 5), (16, 5), (17, 5), (18, 5), (19, 5), (19, 6), (19, 7), (18, 7), (18, 8), (18, 9), (17, 9), (17, 10), (18, 10), (19, 10), (19, 11), (20, 11), (21, 11), (21, 10), (22, 10), (23, 10), (23, 9), (24, 9), (25, 9), (26, 9), (27, 9), (27, 10), (28, 10), (29, 10), (30, 10), (31, 10), (31, 11), (31, 12), (31, 13), (31, 14), (31, 15), (31, 16), (31, 17), (31, 18), (31, 19), (31, 20), (31, 21), (30, 21), (30, 22), (31, 22), (31, 23), (30, 23), (29, 23), (28, 23), (27, 23), (27, 24), (27, 25), (27, 26), (27, 27), (27, 28), (27, 29), (26, 29), (25, 29), (25, 30), (25, 31), (24, 31), (23, 31), (22, 31), (21, 31), (20, 31), (19, 31), (19, 30), (19, 29), (18, 29), (18, 28), (18, 27), (17, 27), (17, 26), (17, 25), (17, 24), (17, 23), (17, 22), (16, 22), (15, 22), (14, 22), (13, 22), (13, 23), (12, 23), (11, 23), (11, 24), (11, 25), (10, 25), (11, 25), (11, 24), (11, 23), (10, 23), (9, 23), (9, 22), (9, 21), (8, 21), (7, 21), (6, 21), (5, 21), (5, 22), (4, 22), (3, 22), (2, 22), (1, 22), (1, 23), (1, 24), (1, 25), (2, 25), (3, 25), (3, 26), (4, 26), (5, 26), (6, 26), (7, 26), (6, 26), (5, 26), (4, 26), (3, 26), (3, 27), (3, 28), (3, 29), (2, 29), (1, 29), (1, 30), (1, 31), (1, 30), (2, 30), (3, 30), (3, 30)], 3: [(11, 6), (10, 6), (9, 6), (8, 6), (7, 6), (6, 6), (6, 5), (6, 4), (6, 3), (6, 4), (6, 5), (5, 5), (4, 5), (3, 5), (3, 4), (3, 3), (2, 3), (2, 2), (2, 1), (3, 1), (3, 2), (3, 3), (3, 4), (3, 5), (4, 5), (5, 5), (6, 5), (6, 6), (6, 7), (6, 8), (6, 9), (7, 9), (8, 9), (9, 9), (10, 9), (11, 9), (11, 10), (10, 10), (10, 10)], 4: [(1, 21), (2, 21), (3, 21), (3, 22), (4, 22), (5, 22), (5, 23), (5, 22), (5, 21), (6, 21), (7, 21), (8, 21), (9, 21), (9, 20), (9, 19), (10, 19), (11, 19), (11, 18), (10, 18), (10, 17), (11, 17), (11, 16), (11, 15), (11, 14), (12, 14), (13, 14), (13, 13), (13, 14), (14, 14), (15, 14), (16, 14), (17, 14), (17, 15), (18, 15), (18, 16), (18, 17), (17, 17), (17, 18), (16, 18), (15, 18), (14, 18), (13, 18), (14, 18), (15, 18), (16, 18), (17, 18), (18, 18), (19, 18), (19, 19), (19, 18), (19, 17), (20, 17), (21, 17), (22, 17), (22, 16), (22, 15), (21, 15), (22, 15), (22, 16), (22, 17), (21, 17), (21, 18), (22, 18), (22, 19), (22, 20), (22, 21), (22, 22), (22, 23), (22, 23)]}, 129)