

CBSS-C STATS
starts:[850, 855, 1001, 723, 625, 589, 1009, 604, 457, 985]
targets:[461, 818, 411, 859, 367, 45, 761, 870, 534, 743, 852, 185, 934, 490, 207]
dests:[293, 243, 923, 239, 607, 304, 321, 979, 198, 953]
ac_dict:{461: {0, 1}, 818: {1, 2}, 411: {2, 3}, 859: {3, 4}, 367: {4, 5}, 45: {5, 6}, 761: {6, 7}, 870: {8, 7}, 534: {8, 9}, 293: {0}, 243: {1}, 923: {2}, 239: {3}, 607: {4}, 304: {5}, 321: {6}, 979: {7}, 198: {8}, 953: {9}}
clusters:[3 4 2 2 2 9 8 1 0 7 7 9 7 6 5]

round: 17
best_g_value: 335.0
open_list_size: 16
num_low_level_expanded: 9368
search_success: 1
search_time: 17.05111636640504
n_tsp_call: 19
n_tsp_time: 15.717441239859909
n_roots: 1
num_conflicts: 16
target_assignment: {490: 0, 461: 0, 761: 7, 852: 7, 367: 5, 185: 1, 534: 8, 870: 8, 207: 3, 818: 2}
cluster_target_selection: {6: 490, 3: 461, 8: 761, 7: 852, 2: 367, 9: 185, 0: 534, 1: 870, 5: 207, 4: 818}
num_nodes_transformed_graph: 98
agent_paths:({0: [(18, 26), (17, 26), (17, 25), (17, 24), (17, 23), (17, 22), (16, 22), (15, 22), (14, 22), (13, 22), (13, 23), (12, 23), (11, 23), (10, 23), (10, 22), (10, 21), (9, 21), (9, 20), (9, 19), (9, 18), (9, 17), (10, 17), (11, 17), (11, 16), (11, 15), (10, 15), (10, 14), (11, 14), (12, 14), (13, 14), (12, 14), (11, 14), (10, 14), (9, 14), (9, 13), (8, 13), (7, 13), (6, 13), (5, 13), (5, 12), (5, 11), (5, 10), (5, 9), (5, 9)], 1: [(23, 26), (23, 25), (23, 24), (23, 23), (23, 22), (23, 21), (22, 21), (22, 20), (22, 19), (22, 18), (22, 17), (22, 16), (22, 15), (22, 14), (22, 13), (22, 12), (22, 11), (22, 10), (22, 9), (23, 9), (24, 9), (25, 9), (25, 8), (25, 7), (25, 6), (25, 5), (25, 6), (25, 7), (25, 8), (25, 9), (24, 9), (23, 9), (23, 8), (23, 7), (22, 7), (21, 7), (20, 7), (19, 7), (19, 7)], 2: [(9, 31), (9, 30), (9, 29), (10, 29), (10, 28), (10, 27), (11, 27), (12, 27), (13, 27), (14, 27), (15, 27), (16, 27), (17, 27), (17, 26), (17, 25), (18, 25), (19, 25), (19, 26), (20, 26), (21, 26), (22, 26), (23, 26), (23, 25), (24, 25), (25, 25), (26, 25), (27, 25), (27, 26), (27, 27), (27, 28), (27, 28)], 3: [(19, 22), (19, 21), (20, 21), (21, 21), (22, 21), (22, 20), (22, 19), (22, 18), (22, 17), (22, 16), (22, 15), (21, 15), (21, 14), (21, 13), (20, 13), (19, 13), (18, 13), (18, 12), (18, 11), (18, 10), (18, 9), (18, 8), (18, 7), (17, 7), (17, 6), (17, 5), (16, 5), (15, 5), (15, 6), (15, 7), (15, 7)], 4: [(17, 19), (17, 18), (18, 18), (19, 18), (19, 17), (20, 17), (21, 17), (22, 17), (23, 17), (23, 18), (24, 18), (25, 18), (26, 18), (27, 18), (28, 18), (29, 18), (30, 18), (31, 18), (31, 18)], 5: [(13, 18), (14, 18), (15, 18), (16, 18), (17, 18), (17, 17), (18, 17), (18, 16), (18, 15), (18, 14), (18, 13), (18, 12), (18, 11), (17, 11), (17, 10), (17, 9), (16, 9), (15, 9), (15, 10), (15, 11), (15, 10), (15, 9), (16, 9), (16, 9)], 6: [(17, 31), (17, 30), (17, 29), (18, 29), (18, 28), (18, 27), (17, 27), (16, 27), (15, 27), (15, 26), (15, 25), (15, 24), (15, 23), (14, 23), (13, 23), (12, 23), (11, 23), (10, 23), (9, 23), (9, 22), (9, 21), (9, 20), (9, 19), (9, 18), (8, 18), (7, 18), (6, 18), (6, 17), (6, 16), (6, 15), (5, 15), (5, 14), (5, 13), (5, 12), (5, 11), (5, 10), (4, 10), (3, 10), (2, 10), (1, 10), (1, 10)], 7: [(28, 18), (27, 18), (27, 19), (27, 20), (27, 21), (26, 21), (25, 21), (25, 22), (25, 23), (26, 23), (27, 23), (27, 24), (27, 25), (26, 25), (25, 25), (24, 25), (23, 25), (22, 25), (21, 25), (21, 25), (21, 26), (20, 26), (19, 26), (19, 27), (18, 27), (18, 28), (18, 29), (19, 29), (19, 30), (19, 30)], 8: [(9, 14), (10, 14), (11, 14), (12, 14), (13, 14), (14, 14), (15, 14), (16, 14), (17, 14), (17, 15), (18, 15), (18, 16), (18, 17), (19, 17), (20, 17), (21, 17), (22, 17), (22, 16), (22, 17), (22, 18), (22, 19), (22, 20), (22, 21), (21, 21), (20, 21), (19, 21), (18, 21), (17, 21), (17, 22), (16, 22), (15, 22), (14, 22), (13, 22), (13, 23), (12, 23), (11, 23), (11, 24), (11, 25), (10, 25), (10, 26), (10, 27), (10, 28), (10, 29), (9, 29), (9, 30), (8, 30), (7, 30), (6, 30), (5, 30), (4, 30), (3, 30), (3, 29), (3, 28), (3, 27), (3, 26), (4, 26), (5, 26), (6, 26), (6, 27), (6, 26), (5, 26), (4, 26), (3, 26), (3, 25), (2, 25), (1, 25), (1, 24), (1, 23), (1, 22), (1, 21), (2, 21), (2, 20), (2, 19), (3, 19), (4, 19), (5, 19), (5, 18), (5, 17), (6, 17), (6, 16), (6, 15), (6, 14), (6, 13), (5, 13), (5, 12), (5, 11), (5, 10), (6, 10), (6, 9), (6, 8), (6, 7), (6, 6), (6, 6)], 9: [(25, 30), (25, 29), (25, 29)]}, 91)