

CBSS-C STATS
starts:[321, 185, 213, 127, 43]
targets:[530, 559, 478, 859, 613, 713, 998, 1014, 585, 77, 493, 818, 194, 855, 939, 831, 510, 841, 881, 81]
dests:[371, 291, 1003, 325, 62]
ac_dict:{530: {0, 1}, 559: {1, 2}, 478: {2, 3}, 859: {3, 4}, 371: {0}, 291: {1}, 1003: {2}, 325: {3}, 62: {4}}
clusters:[ 8  1 10  3 14 18  6  4 17 13 19 16  0 12 15  9  2  7  5 11]

round: 1
best_g_value: 314.0
open_list_size: 0
num_low_level_expanded: 791
search_success: 1
search_time: 1.2268626260047313
n_tsp_call: 1
n_tsp_time: 1.1829273579933215
n_roots: 1
num_conflicts: 0
target_assignment: {493: 0, 530: 0, 559: 2, 478: 2, 510: 2, 831: 2, 1014: 2, 881: 2, 841: 2, 939: 2, 998: 2, 81: 3, 77: 3, 194: 4, 613: 4, 585: 4, 713: 4, 818: 4, 855: 4, 859: 4}
cluster_target_selection: {19: 493, 8: 530, 1: 559, 10: 478, 2: 510, 9: 831, 4: 1014, 5: 881, 7: 841, 15: 939, 6: 998, 11: 81, 13: 77, 0: 194, 14: 613, 17: 585, 18: 713, 16: 818, 12: 855, 3: 859}
num_nodes_transformed_graph: 52
agent_paths:({0: [(1, 10), (2, 10), (3, 10), (4, 10), (5, 10), (5, 11), (5, 12), (5, 13), (6, 13), (7, 13), (8, 13), (9, 13), (10, 13), (11, 13), (11, 14), (12, 14), (13, 14), (13, 15), (14, 15), (15, 15), (15, 14), (16, 14), (17, 14), (18, 14), (18, 15), (18, 16), (18, 15), (18, 14), (18, 13), (18, 12), (18, 11), (19, 11), (19, 11)], 1: [(25, 5), (25, 6), (25, 7), (25, 8), (25, 9), (24, 9), (23, 9), (22, 9), (21, 9), (21, 10), (21, 11), (20, 11), (19, 11), (18, 11), (17, 11), (17, 10), (17, 9), (16, 9), (15, 9), (14, 9), (13, 9), (13, 10), (13, 11), (12, 11), (11, 11), (10, 11), (9, 11), (9, 10), (9, 9), (8, 9), (7, 9), (6, 9), (5, 9), (5, 10), (4, 10), (3, 10), (3, 9), (3, 9)], 2: [(21, 6), (21, 7), (20, 7), (19, 7), (18, 7), (18, 8), (18, 9), (18, 10), (18, 11), (18, 12), (18, 13), (18, 14), (18, 15), (18, 16), (18, 17), (17, 17), (17, 18), (16, 18), (15, 18), (15, 17), (15, 18), (16, 18), (17, 18), (17, 17), (18, 17), (19, 17), (20, 17), (21, 17), (22, 17), (23, 17), (23, 18), (24, 18), (25, 18), (25, 17), (26, 17), (27, 17), (27, 16), (27, 15), (27, 14), (28, 14), (29, 14), (30, 14), (30, 15), (31, 15), (31, 16), (31, 17), (31, 18), (31, 19), (31, 20), (31, 21), (31, 22), (31, 23), (30, 23), (30, 24), (30, 25), (31, 25), (31, 26), (31, 27), (31, 28), (31, 29), (30, 29), (29, 29), (29, 30), (29, 31), (28, 31), (27, 31), (26, 31), (25, 31), (24, 31), (23, 31), (22, 31), (21, 31), (20, 31), (19, 31), (18, 31), (18, 30), (18, 29), (18, 28), (18, 27), (17, 27), (16, 27), (15, 27), (14, 27), (13, 27), (12, 27), (11, 27), (10, 27), (9, 27), (9, 26), (10, 26), (10, 27), (10, 28), (10, 29), (11, 29), (10, 29), (9, 29), (9, 30), (8, 30), (7, 30), (6, 30), (6, 31), (7, 31), (7, 30), (8, 30), (9, 30), (10, 30), (11, 30), (11, 31), (11, 31)], 3: [(31, 3), (30, 3), (29, 3), (29, 2), (28, 2), (27, 2), (26, 2), (25, 2), (25, 3), (24, 3), (23, 3), (22, 3), (21, 3), (21, 2), (21, 1), (20, 1), (19, 1), (18, 1), (17, 1), (17, 2), (16, 2), (15, 2), (14, 2), (13, 2), (13, 3), (12, 3), (11, 3), (11, 4), (11, 5), (10, 5), (9, 5), (9, 6), (8, 6), (7, 6), (6, 6), (6, 7), (6, 8), (6, 9), (5, 9), (5, 10), (5, 10)], 4: [(11, 1), (10, 1), (9, 1), (8, 1), (7, 1), (6, 1), (6, 2), (6, 3), (6, 4), (6, 5), (5, 5), (4, 5), (3, 5), (2, 5), (2, 6), (3, 6), (3, 5), (4, 5), (5, 5), (5, 6), (5, 7), (6, 7), (6, 8), (6, 9), (5, 9), (5, 10), (5, 11), (5, 12), (5, 13), (5, 14), (5, 15), (6, 15), (6, 16), (6, 17), (5, 17), (5, 18), (5, 19), (5, 18), (6, 18), (7, 18), (8, 18), (9, 18), (9, 19), (9, 20), (9, 21), (9, 22), (10, 22), (11, 22), (11, 23), (12, 23), (13, 23), (14, 23), (15, 23), (15, 22), (16, 22), (17, 22), (17, 23), (17, 24), (17, 25), (18, 25), (19, 25), (19, 26), (20, 26), (21, 26), (22, 26), (23, 26), (23, 25), (24, 25), (25, 25), (26, 25), (27, 25), (27, 26), (27, 25), (27, 24), (27, 23), (27, 22), (27, 21), (27, 20), (27, 19), (27, 18), (27, 17), (27, 16), (27, 15), (27, 14), (27, 13), (27, 12), (27, 11), (27, 10), (28, 10), (29, 10), (29, 9), (30, 9), (31, 9), (31, 8), (31, 7), (30, 7), (30, 6), (30, 5), (30, 4), (30, 3), (30, 2), (30, 1), (30, 1)]}, 107)