

CBSS-C STATS
starts:[1003, 501, 673, 1009, 298, 509, 970, 622, 735, 998]
targets:[757, 71, 761, 461, 741, 464, 372, 855, 681, 339]
dests:[55, 558, 883, 321, 87, 887, 679, 192, 941, 345]
ac_dict:{757: {0, 1}, 71: {1, 2}, 761: {2, 3}, 461: {3, 4}, 741: {4, 5}, 464: {5, 6}, 372: {6, 7}, 855: {8, 7}, 681: {8, 9}, 55: {0}, 558: {1}, 883: {2}, 321: {3}, 87: {4}, 887: {5}, 679: {6}, 192: {7}, 941: {8}, 345: {9}}
clusters:[2 4 0 1 2 4 3 3 3 3]

round: 8
best_g_value: 348.0
open_list_size: 7
num_low_level_expanded: 5504
search_success: 1
search_time: 3.1645826920866966
n_tsp_call: 10
n_tsp_time: 1.9520683479495347
n_roots: 1
num_conflicts: 7
target_assignment: {757: 0, 855: 8, 464: 5, 761: 3, 461: 3}
cluster_target_selection: {2: 757, 3: 855, 4: 464, 0: 761, 1: 461}
num_nodes_transformed_graph: 48
agent_paths:({0: [(11, 31), (11, 30), (11, 29), (10, 29), (10, 28), (10, 27), (11, 27), (12, 27), (13, 27), (14, 27), (15, 27), (16, 27), (17, 27), (17, 26), (17, 25), (17, 24), (17, 23), (18, 23), (19, 23), (19, 22), (19, 21), (20, 21), (21, 21), (21, 22), (21, 23), (21, 22), (21, 21), (22, 21), (22, 20), (22, 19), (22, 18), (22, 17), (22, 16), (22, 15), (22, 14), (22, 13), (22, 12), (22, 11), (22, 10), (22, 9), (23, 9), (24, 9), (25, 9), (25, 8), (25, 7), (25, 6), (25, 5), (26, 5), (27, 5), (27, 4), (27, 3), (26, 3), (25, 3), (24, 3), (23, 3), (22, 3), (22, 2), (22, 1), (23, 1), (23, 1)], 1: [(21, 15), (22, 15), (22, 16), (22, 17), (21, 17), (20, 17), (19, 17), (18, 17), (17, 17), (17, 18), (16, 18), (15, 18), (14, 18), (14, 17), (14, 17)], 2: [(1, 21), (2, 21), (3, 21), (3, 22), (4, 22), (5, 22), (6, 22), (7, 22), (7, 21), (8, 21), (9, 21), (10, 21), (11, 21), (11, 22), (11, 23), (12, 23), (13, 23), (14, 23), (15, 23), (15, 24), (15, 25), (15, 26), (15, 27), (16, 27), (17, 27), (18, 27), (19, 27), (19, 27)], 3: [(17, 31), (17, 30), (17, 29), (18, 29), (18, 28), (18, 27), (18, 26), (19, 26), (20, 26), (21, 26), (21, 25), (22, 25), (23, 25), (24, 25), (25, 25), (26, 25), (27, 25), (27, 24), (27, 23), (26, 23), (25, 23), (25, 22), (25, 21), (26, 21), (27, 21), (27, 20), (27, 19), (26, 19), (25, 19), (25, 18), (24, 18), (23, 18), (22, 18), (21, 18), (21, 17), (20, 17), (19, 17), (18, 17), (18, 16), (18, 15), (17, 15), (17, 14), (16, 14), (15, 14), (14, 14), (13, 14), (12, 14), (11, 14), (10, 14), (9, 14), (9, 13), (8, 13), (7, 13), (6, 13), (5, 13), (5, 12), (5, 11), (5, 10), (4, 10), (3, 10), (2, 10), (1, 10), (1, 10)], 4: [(10, 9), (11, 9), (11, 10), (11, 11), (12, 11), (13, 11), (13, 10), (13, 9), (14, 9), (14, 8), (14, 7), (14, 6), (14, 5), (14, 4), (14, 3), (14, 2), (15, 2), (16, 2), (17, 2), (18, 2), (19, 2), (19, 1), (20, 1), (21, 1), (22, 1), (23, 1), (23, 2), (23, 2)], 5: [(29, 15), (29, 14), (28, 14), (27, 14), (27, 15), (27, 16), (27, 17), (26, 17), (25, 17), (25, 18), (24, 18), (23, 18), (22, 18), (21, 18), (21, 17), (20, 17), (19, 17), (18, 17), (18, 16), (18, 15), (17, 15), (17, 14), (16, 14), (17, 14), (18, 14), (18, 15), (18, 16), (18, 17), (19, 17), (20, 17), (21, 17), (21, 18), (21, 19), (22, 19), (22, 20), (22, 21), (23, 21), (23, 22), (23, 23), (23, 24), (23, 25), (23, 26), (23, 27), (23, 27)], 6: [(10, 30), (10, 29), (10, 28), (10, 27), (10, 26), (10, 25), (11, 25), (11, 24), (11, 23), (10, 23), (9, 23), (9, 22), (9, 21), (8, 21), (7, 21), (7, 21)], 7: [(14, 19), (14, 18), (15, 18), (16, 18), (17, 18), (17, 17), (18, 17), (18, 16), (18, 15), (17, 15), (17, 14), (16, 14), (15, 14), (14, 14), (13, 14), (12, 14), (11, 14), (10, 14), (9, 14), (9, 13), (9, 12), (9, 11), (9, 10), (9, 9), (8, 9), (7, 9), (6, 9), (6, 8), (6, 7), (5, 7), (5, 6), (5, 5), (4, 5), (3, 5), (2, 5), (1, 5), (1, 6), (0, 6), (0, 6)], 8: [(31, 22), (30, 22), (29, 22), (29, 23), (28, 23), (27, 23), (27, 24), (27, 25), (26, 25), (25, 25), (24, 25), (23, 25), (23, 26), (22, 26), (21, 26), (20, 26), (19, 26), (18, 26), (18, 27), (18, 28), (18, 29), (17, 29), (17, 30), (17, 31), (16, 31), (15, 31), (14, 31), (13, 31), (13, 30), (13, 29), (13, 29)], 9: [(6, 31), (6, 30), (7, 30), (8, 30), (9, 30), (9, 29), (10, 29), (10, 28), (10, 27), (10, 26), (10, 25), (11, 25), (11, 24), (11, 23), (12, 23), (13, 23), (13, 22), (14, 22), (15, 22), (16, 22), (17, 22), (17, 21), (18, 21), (19, 21), (20, 21), (21, 21), (22, 21), (22, 20), (22, 19), (22, 18), (22, 17), (22, 16), (22, 15), (22, 14), (22, 13), (22, 12), (22, 11), (22, 10), (23, 10), (23, 9), (24, 9), (25, 9), (25, 10), (25, 10)]}, 61)