

CBSS-C STATS
starts:[55, 378, 430, 205, 442, 833, 87, 509, 473, 882]
targets:[221, 534, 862, 329, 745, 103, 307, 950, 703, 418, 489, 607, 927, 318, 859]
dests:[811, 480, 692, 270, 591, 680, 197, 834, 39, 765]
ac_dict:{221: {0, 1}, 534: {1, 2}, 862: {2, 3}, 329: {3, 4}, 745: {4, 5}, 103: {5, 6}, 307: {6, 7}, 950: {8, 7}, 703: {8, 9}, 811: {0}, 480: {1}, 692: {2}, 270: {3}, 591: {4}, 680: {5}, 197: {6}, 834: {7}, 39: {8}, 765: {9}}
clusters:[9 3 1 5 2 7 4 2 6 0 6 2 8 0 1]

round: 1
best_g_value: 323.0
open_list_size: 0
num_low_level_expanded: 1010
search_success: 1
search_time: 1.3687056750059128
n_tsp_call: 1
n_tsp_time: 1.3179867309518158
n_roots: 1
num_conflicts: 0
target_assignment: {221: 0, 318: 0, 607: 0, 927: 0, 103: 6, 859: 9, 534: 2, 307: 7, 489: 7, 329: 3}
cluster_target_selection: {9: 221, 0: 318, 2: 607, 8: 927, 7: 103, 1: 859, 3: 534, 4: 307, 6: 489, 5: 329}
num_nodes_transformed_graph: 98
agent_paths:({0: [(23, 1), (23, 2), (23, 3), (24, 3), (25, 3), (26, 3), (27, 3), (27, 4), (27, 5), (27, 6), (28, 6), (29, 6), (30, 6), (30, 7), (31, 7), (31, 8), (31, 9), (30, 9), (31, 9), (31, 10), (31, 11), (31, 12), (31, 13), (31, 14), (31, 15), (31, 16), (31, 17), (31, 18), (31, 19), (31, 20), (31, 21), (31, 22), (31, 23), (30, 23), (30, 24), (30, 25), (31, 25), (31, 26), (31, 27), (31, 28), (31, 29), (30, 29), (29, 29), (29, 30), (29, 31), (28, 31), (27, 31), (26, 31), (25, 31), (24, 31), (23, 31), (22, 31), (21, 31), (20, 31), (19, 31), (18, 31), (18, 30), (18, 29), (18, 28), (18, 27), (17, 27), (16, 27), (15, 27), (14, 27), (13, 27), (12, 27), (11, 27), (11, 26), (11, 25), (11, 25)], 1: [(26, 11), (25, 11), (25, 10), (25, 9), (24, 9), (23, 9), (22, 9), (21, 9), (21, 10), (21, 11), (20, 11), (19, 11), (18, 11), (18, 12), (18, 13), (17, 13), (17, 14), (16, 14), (15, 14), (14, 14), (13, 14), (12, 14), (11, 14), (11, 15), (11, 16), (11, 17), (10, 17), (9, 17), (9, 18), (8, 18), (7, 18), (6, 18), (5, 18), (5, 19), (4, 19), (3, 19), (2, 19), (2, 18), (2, 17), (2, 16), (2, 15), (1, 15), (0, 15), (0, 15)], 2: [(14, 13), (15, 13), (15, 14), (16, 14), (17, 14), (18, 14), (18, 15), (18, 16), (18, 17), (19, 17), (20, 17), (21, 17), (22, 17), (22, 16), (22, 17), (22, 18), (22, 19), (22, 20), (22, 21), (21, 21), (20, 21), (20, 21)], 3: [(13, 6), (13, 7), (14, 7), (14, 8), (14, 9), (13, 9), (13, 10), (13, 11), (12, 11), (11, 11), (10, 11), (9, 11), (9, 10), (10, 10), (11, 10), (11, 11), (12, 11), (13, 11), (13, 10), (13, 9), (14, 9), (14, 8), (14, 8)], 4: [(26, 13), (26, 14), (26, 15), (27, 15), (27, 16), (27, 17), (26, 17), (25, 17), (25, 18), (24, 18), (23, 18), (22, 18), (21, 18), (21, 17), (20, 17), (19, 17), (18, 17), (17, 17), (17, 18), (16, 18), (15, 18), (15, 18)], 5: [(1, 26), (1, 25), (1, 24), (1, 23), (1, 22), (2, 22), (3, 22), (4, 22), (5, 22), (5, 21), (6, 21), (7, 21), (8, 21), (8, 21)], 6: [(23, 2), (22, 2), (21, 2), (21, 1), (20, 1), (19, 1), (18, 1), (17, 1), (17, 2), (16, 2), (15, 2), (14, 2), (13, 2), (13, 3), (12, 3), (11, 3), (10, 3), (9, 3), (9, 2), (9, 1), (8, 1), (7, 1), (7, 2), (7, 3), (6, 3), (6, 4), (6, 5), (5, 5), (5, 6), (5, 6)], 7: [(29, 15), (29, 14), (28, 14), (27, 14), (27, 13), (27, 12), (27, 11), (26, 11), (25, 11), (25, 10), (25, 9), (24, 9), (23, 9), (22, 9), (21, 9), (21, 10), (21, 11), (20, 11), (19, 11), (19, 10), (19, 9), (18, 9), (17, 9), (16, 9), (15, 9), (14, 9), (13, 9), (13, 10), (13, 11), (12, 11), (11, 11), (10, 11), (9, 11), (9, 12), (9, 13), (9, 14), (9, 15), (9, 14), (9, 13), (8, 13), (7, 13), (6, 13), (6, 14), (6, 15), (6, 16), (6, 17), (5, 17), (5, 18), (5, 19), (4, 19), (3, 19), (2, 19), (2, 20), (2, 21), (2, 22), (2, 23), (1, 23), (1, 24), (1, 25), (2, 25), (2, 26), (2, 26)], 8: [(25, 14), (25, 13), (26, 13), (27, 13), (27, 12), (27, 11), (26, 11), (25, 11), (25, 10), (25, 9), (24, 9), (23, 9), (23, 8), (23, 7), (22, 7), (21, 7), (20, 7), (19, 7), (18, 7), (17, 7), (17, 6), (17, 5), (16, 5), (15, 5), (14, 5), (13, 5), (12, 5), (11, 5), (11, 4), (11, 3), (10, 3), (9, 3), (9, 2), (9, 1), (8, 1), (7, 1), (7, 1)], 9: [(18, 27), (18, 26), (19, 26), (20, 26), (21, 26), (22, 26), (23, 26), (23, 25), (24, 25), (25, 25), (26, 25), (27, 25), (27, 26), (27, 25), (27, 24), (27, 23), (28, 23), (29, 23), (29, 23)]}, 68)