

CBSS-C STATS
starts:[54, 881, 333, 886, 815, 832, 438, 99, 101, 113]
targets:[288, 192, 818, 314, 574, 475, 436, 802, 364, 965, 667, 489, 883, 70, 63]
dests:[415, 80, 451, 111, 483, 592, 1023, 990, 57, 115]
ac_dict:{288: {0, 1}, 192: {1, 2}, 818: {2, 3}, 314: {3, 4}, 574: {4, 5}, 475: {5, 6}, 436: {6, 7}, 802: {8, 7}, 364: {8, 9}, 415: {0}, 80: {1}, 451: {2}, 111: {3}, 483: {4}, 592: {5}, 1023: {6}, 990: {7}, 57: {8}, 115: {9}}
clusters:[4 3 7 6 2 1 2 8 4 5 0 7 5 3 9]

round: 15
best_g_value: 363.0
open_list_size: 7
num_low_level_expanded: 4406
search_success: 1
search_time: 6.398333590012044
n_tsp_call: 19
n_tsp_time: 5.591292301658541
n_roots: 1
num_conflicts: 14
target_assignment: {63: 0, 436: 6, 475: 6, 802: 7, 965: 7, 489: 2, 667: 3, 314: 3, 70: 8, 364: 8}
cluster_target_selection: {9: 63, 2: 436, 1: 475, 8: 802, 5: 965, 7: 489, 0: 667, 6: 314, 3: 70, 4: 364}
num_nodes_transformed_graph: 59
agent_paths:({0: [(22, 1), (23, 1), (23, 2), (23, 3), (24, 3), (25, 3), (25, 2), (26, 2), (27, 2), (28, 2), (29, 2), (29, 1), (30, 1), (31, 1), (31, 2), (31, 3), (30, 3), (30, 4), (30, 5), (31, 5), (31, 6), (31, 7), (31, 8), (31, 9), (31, 10), (31, 11), (31, 12), (31, 12)], 1: [(17, 27), (17, 26), (17, 25), (17, 24), (17, 23), (17, 22), (17, 21), (18, 21), (19, 21), (20, 21), (21, 21), (22, 21), (22, 20), (22, 19), (21, 19), (21, 18), (21, 17), (20, 17), (19, 17), (18, 17), (18, 16), (18, 15), (18, 14), (18, 13), (18, 12), (18, 11), (18, 10), (18, 9), (18, 8), (18, 7), (17, 7), (17, 6), (17, 5), (16, 5), (15, 5), (14, 5), (14, 4), (14, 3), (14, 2), (15, 2), (16, 2), (16, 2)], 2: [(13, 10), (13, 11), (12, 11), (11, 11), (10, 11), (9, 11), (9, 12), (9, 13), (9, 14), (9, 15), (9, 14), (9, 13), (8, 13), (7, 13), (6, 13), (6, 14), (6, 15), (6, 16), (6, 17), (5, 17), (5, 18), (5, 19), (4, 19), (3, 19), (3, 18), (3, 17), (2, 17), (2, 16), (2, 15), (2, 14), (3, 14), (3, 14)], 3: [(22, 27), (22, 26), (22, 25), (23, 25), (24, 25), (25, 25), (26, 25), (27, 25), (27, 24), (27, 23), (27, 22), (27, 21), (27, 20), (27, 19), (27, 18), (27, 17), (27, 16), (27, 15), (26, 15), (26, 14), (26, 13), (27, 13), (27, 12), (27, 11), (26, 11), (26, 10), (26, 9), (25, 9), (24, 9), (23, 9), (23, 8), (23, 7), (22, 7), (21, 7), (20, 7), (19, 7), (18, 7), (17, 7), (17, 6), (17, 5), (16, 5), (15, 5), (14, 5), (14, 4), (14, 3), (15, 3), (15, 3)], 4: [(15, 25), (15, 24), (15, 23), (14, 23), (13, 23), (12, 23), (11, 23), (10, 23), (9, 23), (9, 22), (9, 21), (8, 21), (7, 21), (6, 21), (5, 21), (5, 22), (4, 22), (3, 22), (3, 21), (2, 21), (2, 20), (2, 19), (2, 18), (2, 17), (2, 16), (2, 15), (3, 15), (3, 15)], 5: [(0, 26), (1, 26), (1, 25), (1, 24), (1, 23), (1, 22), (1, 21), (2, 21), (2, 20), (2, 19), (3, 19), (4, 19), (5, 19), (5, 18), (6, 18), (7, 18), (8, 18), (9, 18), (10, 18), (11, 18), (11, 17), (11, 16), (11, 15), (11, 14), (12, 14), (13, 14), (14, 14), (15, 14), (16, 14), (17, 14), (17, 15), (18, 15), (18, 16), (18, 17), (17, 17), (17, 18), (16, 18), (16, 18)], 6: [(22, 13), (21, 13), (20, 13), (21, 13), (22, 13), (22, 12), (22, 11), (23, 11), (23, 10), (23, 9), (24, 9), (25, 9), (26, 9), (27, 9), (27, 10), (27, 11), (27, 12), (27, 13), (27, 14), (27, 15), (27, 16), (27, 17), (27, 18), (27, 19), (27, 20), (27, 21), (27, 22), (27, 23), (28, 23), (29, 23), (30, 23), (30, 24), (30, 25), (31, 25), (31, 26), (31, 27), (31, 28), (31, 29), (31, 30), (31, 31), (31, 31)], 7: [(3, 3), (3, 4), (3, 5), (4, 5), (5, 5), (5, 6), (5, 7), (5, 7), (6, 7), (6, 8), (6, 9), (5, 9), (5, 10), (5, 11), (5, 12), (5, 13), (5, 14), (5, 15), (6, 15), (6, 16), (6, 17), (5, 17), (5, 18), (5, 19), (4, 19), (3, 19), (2, 19), (2, 20), (2, 21), (2, 22), (2, 23), (1, 23), (1, 24), (1, 25), (2, 25), (3, 25), (3, 26), (3, 27), (3, 28), (3, 29), (3, 30), (4, 30), (5, 30), (6, 30), (7, 30), (8, 30), (9, 30), (10, 30), (10, 29), (10, 28), (10, 27), (11, 27), (12, 27), (13, 27), (14, 27), (15, 27), (16, 27), (17, 27), (18, 27), (18, 28), (18, 29), (19, 29), (19, 30), (19, 31), (20, 31), (21, 31), (22, 31), (23, 31), (24, 31), (25, 31), (26, 31), (27, 31), (28, 31), (29, 31), (29, 30), (30, 30), (30, 30)], 8: [(5, 3), (5, 2), (6, 2), (6, 3), (6, 4), (6, 5), (6, 6), (6, 7), (6, 8), (6, 9), (7, 9), (8, 9), (9, 9), (10, 9), (11, 9), (11, 10), (11, 11), (12, 11), (13, 11), (13, 10), (13, 9), (14, 9), (14, 8), (14, 7), (14, 6), (14, 5), (14, 4), (14, 3), (14, 2), (15, 2), (16, 2), (17, 2), (17, 1), (18, 1), (19, 1), (20, 1), (21, 1), (22, 1), (23, 1), (23, 2), (23, 3), (24, 3), (25, 3), (25, 2), (25, 1), (25, 1)], 9: [(17, 3), (18, 3), (19, 3), (19, 3)]}, 75)