

CBSS-C STATS
starts:[297, 990, 635, 226, 807, 639, 875, 558, 955, 230]
targets:[480, 809, 306, 836, 767, 106, 866, 402, 954, 365, 577, 203, 343, 690, 233]
dests:[295, 748, 607, 721, 3, 237, 667, 21, 764, 121]
ac_dict:{480: {0, 1}, 809: {1, 2}, 306: {2, 3}, 836: {3, 4}, 767: {4, 5}, 106: {5, 6}, 866: {6, 7}, 402: {8, 7}, 954: {8, 9}, 295: {0}, 748: {1}, 607: {2}, 721: {3}, 3: {4}, 237: {5}, 667: {6}, 21: {7}, 764: {8}, 121: {9}}
clusters:[2 7 7 5 1 0 1 8 3 5 4 6 5 6 9]

round: 2
best_g_value: 312.0
open_list_size: 1
num_low_level_expanded: 1339
search_success: 1
search_time: 1.3325262521393597
n_tsp_call: 1
n_tsp_time: 1.2594755990430713
n_roots: 1
num_conflicts: 1
target_assignment: {809: 1, 577: 1, 480: 1, 767: 5, 106: 5, 233: 9, 203: 9, 954: 8, 402: 7, 836: 4}
cluster_target_selection: {7: 809, 4: 577, 2: 480, 1: 767, 0: 106, 9: 233, 6: 203, 3: 954, 8: 402, 5: 836}
num_nodes_transformed_graph: 98
agent_paths:({0: [(9, 9), (8, 9), (7, 9), (7, 9)], 1: [(30, 30), (29, 30), (29, 31), (28, 31), (27, 31), (26, 31), (25, 31), (24, 31), (23, 31), (22, 31), (21, 31), (20, 31), (19, 31), (18, 31), (18, 30), (18, 29), (18, 28), (18, 27), (17, 27), (16, 27), (15, 27), (14, 27), (13, 27), (12, 27), (11, 27), (10, 27), (9, 27), (9, 26), (9, 25), (10, 25), (11, 25), (11, 24), (11, 23), (10, 23), (9, 23), (9, 22), (9, 21), (9, 20), (9, 19), (9, 18), (8, 18), (7, 18), (6, 18), (5, 18), (5, 19), (4, 19), (3, 19), (2, 19), (1, 19), (1, 18), (1, 17), (2, 17), (2, 16), (2, 15), (1, 15), (0, 15), (1, 15), (2, 15), (2, 16), (2, 17), (2, 18), (2, 19), (2, 20), (2, 21), (3, 21), (3, 22), (4, 22), (5, 22), (6, 22), (7, 22), (7, 21), (8, 21), (9, 21), (10, 21), (11, 21), (11, 22), (11, 23), (12, 23), (12, 23)], 2: [(27, 19), (27, 18), (28, 18), (29, 18), (30, 18), (31, 18), (31, 18)], 3: [(2, 7), (3, 7), (3, 6), (3, 5), (4, 5), (5, 5), (6, 5), (6, 6), (6, 7), (6, 8), (6, 9), (6, 10), (6, 11), (5, 11), (5, 12), (5, 13), (6, 13), (6, 14), (6, 15), (6, 16), (6, 17), (7, 17), (7, 18), (8, 18), (9, 18), (9, 19), (9, 20), (9, 21), (10, 21), (11, 21), (11, 22), (11, 23), (12, 23), (13, 23), (13, 22), (14, 22), (15, 22), (16, 22), (17, 22), (17, 22)], 4: [(7, 25), (6, 25), (5, 25), (5, 26), (4, 26), (3, 26), (3, 25), (2, 25), (1, 25), (1, 24), (1, 23), (1, 22), (1, 21), (2, 21), (2, 20), (2, 19), (3, 19), (4, 19), (5, 19), (5, 18), (5, 17), (6, 17), (6, 16), (6, 15), (5, 15), (5, 14), (5, 13), (5, 12), (5, 11), (5, 10), (5, 9), (6, 9), (6, 8), (6, 7), (5, 7), (5, 6), (5, 5), (4, 5), (3, 5), (3, 4), (3, 3), (3, 2), (3, 1), (3, 0), (3, 0)], 5: [(31, 19), (31, 20), (31, 21), (31, 22), (31, 23), (31, 22), (31, 21), (31, 20), (31, 19), (30, 19), (29, 19), (29, 18), (28, 18), (27, 18), (26, 18), (25, 18), (24, 18), (23, 18), (22, 18), (21, 18), (21, 17), (20, 17), (19, 17), (18, 17), (18, 16), (18, 15), (18, 14), (18, 13), (18, 12), (18, 11), (17, 11), (17, 10), (17, 9), (16, 9), (15, 9), (14, 9), (14, 8), (14, 7), (13, 7), (13, 6), (13, 5), (12, 5), (11, 5), (11, 4), (11, 3), (10, 3), (11, 3), (11, 4), (11, 5), (12, 5), (13, 5), (13, 6), (13, 7), (13, 7)], 6: [(11, 27), (12, 27), (13, 27), (14, 27), (15, 27), (16, 27), (17, 27), (17, 26), (18, 26), (19, 26), (20, 26), (21, 26), (21, 25), (22, 25), (23, 25), (24, 25), (25, 25), (26, 25), (27, 25), (27, 24), (27, 23), (27, 22), (27, 21), (27, 20), (27, 20)], 7: [(14, 17), (15, 17), (15, 18), (16, 18), (17, 18), (17, 17), (18, 17), (18, 16), (18, 15), (18, 14), (18, 13), (18, 12), (18, 11), (18, 10), (18, 9), (18, 8), (18, 7), (18, 6), (18, 5), (17, 5), (16, 5), (15, 5), (14, 5), (14, 4), (14, 3), (14, 2), (15, 2), (16, 2), (17, 2), (17, 1), (18, 1), (19, 1), (20, 1), (21, 1), (21, 0), (21, 0)], 8: [(27, 29), (26, 29), (27, 29), (27, 28), (27, 27), (27, 26), (27, 25), (27, 24), (27, 23), (28, 23), (28, 23)], 9: [(6, 7), (7, 7), (7, 6), (8, 6), (9, 6), (9, 7), (9, 6), (10, 6), (11, 6), (11, 5), (11, 4), (11, 3), (12, 3), (13, 3), (14, 3), (15, 3), (15, 2), (16, 2), (17, 2), (18, 2), (19, 2), (19, 1), (20, 1), (21, 1), (22, 1), (23, 1), (23, 2), (23, 3), (24, 3), (25, 3), (25, 3)]}, 77)