

CBSS-C STATS
starts:[939, 109, 831, 968, 583, 686, 709, 581, 70, 547]
targets:[457, 239, 779, 197, 91, 954, 963, 345, 881, 611, 313, 309, 1023, 951, 214]
dests:[198, 817, 977, 630, 42, 358, 459, 134, 306, 827]
ac_dict:{457: {0, 1}, 239: {1, 2}, 779: {2, 3}, 197: {3, 4}, 91: {4, 5}, 954: {5, 6}, 963: {6, 7}, 345: {8, 7}, 881: {8, 9}, 198: {0}, 817: {1}, 977: {2}, 630: {3}, 42: {4}, 358: {5}, 459: {6}, 134: {7}, 306: {8}, 827: {9}}
clusters:[1 5 8 7 2 7 4 3 1 0 1 6 4 5 9]

round: 33
best_g_value: 328.0
open_list_size: 32
num_low_level_expanded: 8891
search_success: 1
search_time: 8.69168286724016
n_tsp_call: 18
n_tsp_time: 7.424368393607438
n_roots: 1
num_conflicts: 32
target_assignment: {611: 9, 881: 9, 1023: 2, 779: 3, 197: 4, 91: 4, 239: 1, 214: 8, 345: 8, 309: 8}
cluster_target_selection: {0: 611, 1: 881, 4: 1023, 8: 779, 7: 197, 2: 91, 5: 239, 9: 214, 3: 345, 6: 309}
num_nodes_transformed_graph: 58
agent_paths:({0: [(11, 29), (10, 29), (10, 28), (10, 27), (10, 26), (10, 25), (11, 25), (11, 24), (11, 23), (10, 23), (9, 23), (9, 22), (9, 21), (9, 20), (9, 19), (9, 18), (8, 18), (7, 18), (6, 18), (6, 17), (6, 16), (6, 15), (6, 14), (6, 13), (5, 13), (5, 12), (5, 11), (5, 10), (5, 9), (6, 9), (6, 8), (6, 7), (6, 6), (6, 6)], 1: [(13, 3), (14, 3), (14, 4), (14, 5), (15, 5), (15, 6), (15, 7), (14, 7), (14, 8), (14, 9), (15, 9), (16, 9), (17, 9), (17, 10), (17, 11), (18, 11), (18, 12), (18, 13), (18, 14), (18, 15), (18, 16), (18, 17), (19, 17), (20, 17), (21, 17), (21, 18), (22, 18), (22, 19), (22, 20), (22, 21), (21, 21), (20, 21), (19, 21), (18, 21), (17, 21), (17, 22), (17, 23), (17, 24), (17, 25), (17, 25)], 2: [(31, 25), (31, 26), (31, 27), (31, 28), (31, 29), (31, 30), (31, 31), (30, 31), (29, 31), (28, 31), (27, 31), (26, 31), (25, 31), (24, 31), (23, 31), (22, 31), (21, 31), (20, 31), (19, 31), (18, 31), (17, 31), (17, 30), (17, 30)], 3: [(8, 30), (9, 30), (9, 29), (10, 29), (10, 28), (10, 27), (10, 26), (10, 25), (11, 25), (11, 24), (11, 23), (12, 23), (13, 23), (13, 22), (14, 22), (15, 22), (16, 22), (17, 22), (17, 21), (18, 21), (19, 21), (20, 21), (21, 21), (22, 21), (22, 20), (22, 19), (21, 19), (21, 19), (22, 19), (22, 19)], 4: [(7, 18), (6, 18), (6, 18), (6, 17), (6, 16), (6, 15), (5, 15), (5, 14), (5, 13), (5, 12), (5, 11), (5, 10), (5, 9), (6, 9), (6, 8), (6, 7), (5, 7), (5, 6), (6, 6), (7, 6), (8, 6), (9, 6), (9, 5), (10, 5), (11, 5), (11, 4), (11, 3), (12, 3), (13, 3), (13, 2), (14, 2), (15, 2), (16, 2), (17, 2), (18, 2), (19, 2), (19, 1), (20, 1), (21, 1), (22, 1), (23, 1), (23, 2), (23, 3), (24, 3), (25, 3), (25, 2), (26, 2), (27, 2), (26, 2), (25, 2), (25, 3), (24, 3), (23, 3), (22, 3), (21, 3), (21, 2), (21, 1), (20, 1), (19, 1), (18, 1), (17, 1), (17, 2), (16, 2), (15, 2), (14, 2), (13, 2), (13, 3), (12, 3), (11, 3), (10, 3), (10, 2), (10, 1), (10, 1)], 5: [(14, 21), (13, 21), (13, 22), (13, 23), (12, 23), (11, 23), (10, 23), (9, 23), (9, 22), (9, 21), (9, 20), (9, 19), (9, 18), (8, 18), (7, 18), (6, 18), (6, 17), (6, 16), (6, 15), (6, 14), (6, 13), (5, 13), (5, 12), (5, 11), (6, 11), (6, 11)], 6: [(5, 22), (5, 21), (6, 21), (7, 21), (8, 21), (9, 21), (9, 20), (9, 19), (9, 18), (9, 17), (10, 17), (11, 17), (11, 16), (11, 15), (11, 14), (11, 14)], 7: [(5, 18), (5, 17), (6, 17), (6, 16), (6, 15), (6, 14), (6, 13), (5, 13), (5, 12), (5, 11), (5, 10), (5, 9), (6, 9), (6, 8), (6, 7), (6, 6), (6, 5), (6, 4), (6, 4)], 8: [(6, 2), (6, 3), (6, 4), (6, 5), (7, 5), (7, 6), (8, 6), (9, 6), (10, 6), (11, 6), (11, 5), (12, 5), (13, 5), (14, 5), (15, 5), (16, 5), (17, 5), (18, 5), (19, 5), (19, 6), (19, 7), (20, 7), (21, 7), (21, 6), (22, 6), (23, 6), (23, 7), (23, 8), (23, 9), (24, 9), (25, 9), (25, 10), (25, 9), (24, 9), (23, 9), (22, 9), (21, 9), (21, 10), (21, 11), (20, 11), (19, 11), (18, 11), (18, 10), (18, 9), (18, 9)], 9: [(3, 17), (3, 18), (3, 19), (2, 19), (2, 20), (2, 21), (3, 21), (3, 22), (4, 22), (5, 22), (6, 22), (7, 22), (7, 21), (8, 21), (9, 21), (10, 21), (11, 21), (11, 22), (11, 23), (12, 23), (13, 23), (14, 23), (15, 23), (15, 24), (15, 25), (15, 26), (15, 27), (16, 27), (17, 27), (17, 26), (18, 26), (19, 26), (20, 26), (21, 26), (21, 25), (22, 25), (23, 25), (24, 25), (25, 25), (26, 25), (27, 25), (27, 25)]}, 71)