

CBSS-C STATS
starts:[430, 93, 460, 931, 469]
targets:[951, 678, 871, 930, 210, 766, 939, 85, 199, 762, 938, 579, 70, 623, 547, 262, 57, 110, 166, 179, 680, 929, 214, 964, 923, 758, 1021, 311, 288, 518, 855, 612, 834, 966, 590, 919, 491, 1016, 173, 549, 419, 457, 574, 874, 354]
dests:[827, 381, 131, 341, 123]
ac_dict:{951: {0, 1}, 678: {1, 2}, 871: {2, 3}, 930: {3, 4}, 827: {0}, 381: {1}, 131: {2}, 341: {3}, 123: {4}}
clusters:[41 10 18  8 22 14 36 12  7 38 21 37 32 43  3  4 26 15 29 13 40 23 33 16
 20  1 25 44 11 27 28  5  6  2 34 35 39 30 19 24  9  0 42 31 17]

round: 1
best_g_value: 287.0
open_list_size: 0
num_low_level_expanded: 579
search_success: 1
search_time: 24.127566238996224
n_tsp_call: 1
n_tsp_time: 24.01527068800351
n_roots: 1
num_conflicts: 0
target_assignment: {590: 0, 623: 0, 574: 0, 766: 0, 762: 0, 855: 0, 919: 0, 951: 0, 1016: 0, 1021: 0, 923: 0, 311: 4, 214: 4, 210: 4, 179: 4, 173: 4, 110: 4, 85: 4, 57: 4, 457: 2, 491: 2, 680: 2, 678: 2, 419: 2, 547: 2, 579: 2, 612: 2, 549: 2, 518: 2, 354: 2, 288: 2, 262: 2, 199: 2, 70: 2, 166: 2, 930: 3, 929: 3, 871: 3, 834: 3, 964: 3, 966: 3, 938: 3, 939: 3, 874: 3, 758: 3}
cluster_target_selection: {34: 590, 43: 623, 42: 574, 14: 766, 38: 762, 28: 855, 35: 919, 41: 951, 30: 1016, 25: 1021, 20: 923, 44: 311, 33: 214, 22: 210, 13: 179, 19: 173, 15: 110, 12: 85, 26: 57, 0: 457, 39: 491, 40: 680, 10: 678, 9: 419, 3: 547, 37: 579, 5: 612, 24: 549, 27: 518, 17: 354, 11: 288, 4: 262, 7: 199, 32: 70, 29: 166, 8: 930, 23: 929, 18: 871, 6: 834, 16: 964, 2: 966, 21: 938, 36: 939, 31: 874, 1: 758}
num_nodes_transformed_graph: 223
agent_paths:({0: [(14, 13), (14, 14), (15, 14), (16, 14), (17, 14), (17, 15), (18, 15), (18, 16), (18, 17), (17, 17), (17, 18), (16, 18), (15, 18), (14, 18), (15, 18), (15, 19), (15, 18), (16, 18), (17, 18), (17, 17), (18, 17), (19, 17), (20, 17), (21, 17), (22, 17), (23, 17), (23, 18), (24, 18), (25, 18), (26, 18), (27, 18), (28, 18), (29, 18), (29, 17), (30, 17), (30, 18), (30, 19), (31, 19), (31, 20), (31, 21), (30, 21), (30, 22), (30, 23), (29, 23), (28, 23), (27, 23), (26, 23), (27, 23), (27, 24), (27, 25), (26, 25), (25, 25), (24, 25), (23, 25), (23, 26), (23, 27), (23, 28), (23, 29), (23, 30), (23, 31), (24, 31), (25, 31), (26, 31), (27, 31), (28, 31), (29, 31), (28, 31), (27, 31), (27, 30), (27, 29), (27, 28), (27, 27), (27, 26), (27, 25), (27, 25)], 1: [(29, 2), (29, 3), (30, 3), (30, 4), (30, 5), (30, 6), (30, 7), (31, 7), (31, 8), (31, 9), (30, 9), (29, 9), (29, 10), (29, 11), (29, 11)], 2: [(12, 14), (11, 14), (10, 14), (9, 14), (10, 14), (11, 14), (11, 15), (11, 16), (11, 17), (10, 17), (9, 17), (9, 18), (9, 19), (9, 20), (9, 21), (8, 21), (7, 21), (6, 21), (5, 21), (5, 22), (4, 22), (3, 22), (3, 21), (2, 21), (2, 20), (2, 19), (2, 18), (2, 17), (2, 16), (2, 15), (2, 14), (2, 13), (3, 13), (3, 14), (3, 15), (2, 15), (2, 16), (2, 17), (3, 17), (3, 18), (3, 19), (4, 19), (5, 19), (5, 18), (5, 17), (6, 17), (6, 16), (6, 15), (5, 15), (5, 14), (5, 13), (5, 12), (5, 11), (5, 10), (4, 10), (3, 10), (2, 10), (2, 11), (1, 11), (1, 10), (1, 9), (0, 9), (1, 9), (2, 9), (3, 9), (3, 10), (4, 10), (5, 10), (5, 9), (6, 9), (6, 8), (6, 7), (6, 6), (7, 6), (6, 6), (6, 5), (6, 4), (6, 3), (6, 2), (6, 3), (6, 4), (6, 5), (5, 5), (4, 5), (3, 5), (3, 4), (3, 4)], 3: [(3, 29), (2, 29), (1, 29), (2, 29), (3, 29), (3, 28), (3, 27), (3, 26), (4, 26), (5, 26), (6, 26), (7, 26), (7, 27), (6, 27), (5, 27), (5, 26), (4, 26), (3, 26), (2, 26), (3, 26), (3, 27), (3, 28), (3, 29), (3, 30), (4, 30), (5, 30), (6, 30), (7, 30), (8, 30), (9, 30), (9, 29), (10, 29), (11, 29), (10, 29), (10, 28), (10, 27), (11, 27), (12, 27), (13, 27), (14, 27), (15, 27), (16, 27), (17, 27), (17, 26), (18, 26), (19, 26), (20, 26), (21, 26), (21, 25), (22, 25), (23, 25), (23, 24), (23, 23), (22, 23), (22, 22), (22, 21), (22, 20), (22, 19), (22, 18), (22, 17), (22, 16), (22, 15), (22, 14), (22, 13), (22, 12), (22, 11), (21, 11), (21, 10), (21, 10)], 4: [(21, 14), (21, 13), (22, 13), (22, 12), (22, 11), (22, 10), (22, 9), (23, 9), (23, 8), (23, 7), (22, 7), (22, 6), (21, 6), (21, 7), (20, 7), (19, 7), (18, 7), (18, 6), (18, 5), (19, 5), (18, 5), (17, 5), (16, 5), (15, 5), (14, 5), (13, 5), (14, 5), (14, 4), (14, 3), (14, 2), (15, 2), (16, 2), (17, 2), (18, 2), (19, 2), (19, 1), (20, 1), (21, 1), (21, 2), (22, 2), (23, 2), (23, 3), (24, 3), (25, 3), (25, 2), (25, 1), (26, 1), (27, 1), (27, 2), (27, 3), (27, 3)]}, 85)