

CBSS-C STATS
starts:[633, 304, 498, 764, 85]
targets:[994, 465, 965, 418, 365, 708, 929, 239, 833, 534, 353, 505, 499, 343, 886, 296, 991, 890, 119, 205, 611, 222, 464, 310, 45, 225, 699, 713, 971, 480, 861, 202, 207, 677, 443, 906, 506, 763, 237, 753, 199, 697, 766, 194, 667]
dests:[1016, 37, 442, 96, 834]
ac_dict:{994: {0, 1}, 465: {1, 2}, 965: {2, 3}, 418: {3, 4}, 1016: {0}, 37: {1}, 442: {2}, 96: {3}, 834: {4}}
clusters:[ 8 39 43 29  2 33 40 22 37 16 14 20 12 41 36  3 28 15  7 13 38  0 11 26
  4 32 23  1 44 42 18 10 24 19 27 35 17  6 34 21 25  5 31 30  9]

round: 1
best_g_value: 385.0
open_list_size: 0
num_low_level_expanded: 880
search_success: 1
search_time: 6.532012680996559
n_tsp_call: 1
n_tsp_time: 6.44883814700006
n_roots: 1
num_conflicts: 0
target_assignment: {534: 0, 713: 0, 677: 0, 708: 0, 929: 0, 994: 0, 971: 0, 886: 0, 766: 3, 861: 3, 991: 3, 890: 3, 763: 3, 699: 3, 697: 3, 667: 3, 222: 3, 310: 3, 343: 3, 296: 3, 353: 3, 225: 3, 194: 3, 499: 2, 465: 2, 464: 2, 965: 2, 906: 2, 753: 2, 505: 2, 506: 2, 443: 2, 237: 1, 205: 1, 202: 1, 199: 1, 119: 4, 45: 4, 207: 4, 239: 4, 365: 4, 611: 4, 418: 4, 480: 4, 833: 4}
cluster_target_selection: {16: 534, 1: 713, 19: 677, 33: 708, 40: 929, 8: 994, 44: 971, 36: 886, 31: 766, 18: 861, 28: 991, 15: 890, 6: 763, 23: 699, 5: 697, 9: 667, 0: 222, 26: 310, 41: 343, 3: 296, 14: 353, 32: 225, 30: 194, 12: 499, 39: 465, 11: 464, 43: 965, 35: 906, 21: 753, 20: 505, 17: 506, 27: 443, 34: 237, 13: 205, 10: 202, 25: 199, 7: 119, 4: 45, 24: 207, 22: 239, 2: 365, 38: 611, 29: 418, 42: 480, 37: 833}
num_nodes_transformed_graph: 110
agent_paths:({0: [(25, 19), (25, 18), (24, 18), (23, 18), (22, 18), (22, 17), (22, 16), (22, 17), (22, 18), (22, 19), (22, 20), (22, 21), (21, 21), (20, 21), (19, 21), (18, 21), (17, 21), (17, 22), (16, 22), (15, 22), (14, 22), (13, 22), (13, 23), (12, 23), (11, 23), (10, 23), (9, 23), (9, 22), (9, 21), (8, 21), (7, 21), (6, 21), (5, 21), (5, 22), (4, 22), (3, 22), (2, 22), (1, 22), (1, 23), (1, 24), (1, 25), (1, 26), (1, 27), (2, 27), (3, 27), (3, 28), (3, 29), (2, 29), (1, 29), (2, 29), (2, 30), (2, 31), (2, 30), (3, 30), (4, 30), (5, 30), (6, 30), (7, 30), (8, 30), (9, 30), (10, 30), (11, 30), (11, 29), (10, 29), (10, 28), (10, 27), (11, 27), (12, 27), (13, 27), (14, 27), (15, 27), (16, 27), (17, 27), (18, 27), (19, 27), (19, 26), (20, 26), (21, 26), (22, 26), (22, 27), (23, 27), (23, 28), (23, 29), (23, 30), (23, 31), (24, 31), (24, 31)], 1: [(16, 9), (15, 9), (14, 9), (14, 8), (14, 7), (13, 7), (13, 6), (13, 5), (12, 5), (11, 5), (10, 5), (10, 6), (9, 6), (8, 6), (7, 6), (6, 6), (6, 5), (6, 4), (6, 3), (5, 3), (5, 2), (5, 1), (5, 1)], 2: [(18, 15), (19, 15), (18, 15), (17, 15), (17, 14), (16, 14), (15, 14), (14, 14), (13, 14), (12, 14), (11, 14), (11, 15), (11, 16), (11, 17), (10, 17), (9, 17), (9, 18), (9, 19), (9, 20), (9, 21), (9, 22), (9, 23), (10, 23), (11, 23), (11, 24), (11, 25), (10, 25), (10, 26), (10, 27), (10, 28), (10, 29), (9, 29), (9, 30), (8, 30), (7, 30), (6, 30), (5, 30), (6, 30), (7, 30), (8, 30), (9, 30), (9, 29), (10, 29), (10, 28), (10, 27), (11, 27), (12, 27), (13, 27), (14, 27), (15, 27), (16, 27), (17, 27), (17, 26), (17, 25), (17, 24), (17, 23), (17, 22), (17, 21), (18, 21), (19, 21), (20, 21), (21, 21), (22, 21), (22, 20), (22, 19), (22, 18), (23, 18), (24, 18), (25, 18), (25, 17), (26, 17), (27, 17), (27, 16), (27, 15), (26, 15), (25, 15), (26, 15), (26, 14), (26, 13), (27, 13), (26, 13), (26, 13)], 3: [(28, 23), (29, 23), (30, 23), (30, 24), (30, 25), (29, 25), (29, 26), (30, 26), (31, 26), (31, 27), (31, 28), (31, 29), (31, 30), (30, 30), (29, 30), (29, 31), (28, 31), (27, 31), (27, 30), (27, 29), (27, 28), (27, 27), (26, 27), (26, 26), (26, 25), (27, 25), (27, 24), (27, 23), (27, 22), (27, 21), (26, 21), (25, 21), (26, 21), (27, 21), (27, 20), (27, 19), (27, 18), (27, 17), (27, 16), (27, 15), (27, 14), (27, 13), (27, 12), (27, 11), (27, 10), (28, 10), (29, 10), (29, 9), (30, 9), (31, 9), (31, 8), (31, 7), (30, 7), (30, 6), (29, 6), (28, 6), (27, 6), (26, 6), (25, 6), (25, 7), (25, 8), (25, 9), (24, 9), (23, 9), (22, 9), (23, 9), (23, 10), (22, 10), (21, 10), (21, 11), (20, 11), (19, 11), (18, 11), (17, 11), (17, 10), (17, 9), (16, 9), (15, 9), (14, 9), (13, 9), (13, 10), (13, 11), (12, 11), (11, 11), (10, 11), (9, 11), (9, 10), (9, 9), (8, 9), (7, 9), (6, 9), (5, 9), (5, 10), (4, 10), (3, 10), (2, 10), (1, 10), (1, 11), (1, 10), (2, 10), (3, 10), (4, 10), (5, 10), (5, 9), (6, 9), (6, 8), (6, 7), (5, 7), (5, 6), (5, 5), (4, 5), (3, 5), (2, 5), (1, 5), (1, 6), (1, 7), (1, 6), (2, 6), (2, 5), (3, 5), (3, 4), (3, 3), (2, 3), (1, 3), (0, 3), (0, 3)], 4: [(21, 2), (22, 2), (23, 2), (23, 3), (22, 3), (21, 3), (21, 2), (21, 1), (20, 1), (19, 1), (18, 1), (17, 1), (17, 2), (16, 2), (15, 2), (14, 2), (13, 2), (13, 1), (14, 1), (14, 2), (14, 3), (14, 4), (14, 5), (15, 5), (15, 6), (15, 7), (14, 7), (14, 8), (14, 9), (13, 9), (13, 10), (13, 11), (12, 11), (11, 11), (10, 11), (9, 11), (9, 12), (9, 13), (8, 13), (7, 13), (6, 13), (6, 14), (6, 15), (6, 16), (6, 17), (5, 17), (5, 18), (5, 19), (4, 19), (3, 19), (2, 19), (2, 18), (2, 17), (2, 16), (2, 15), (2, 14), (2, 13), (1, 13), (1, 14), (1, 15), (0, 15), (1, 15), (2, 15), (2, 16), (2, 17), (2, 18), (2, 19), (2, 20), (2, 21), (1, 21), (1, 22), (1, 23), (1, 24), (1, 25), (1, 26), (2, 26), (2, 26)]}, 124)