

CBSS-C STATS
starts:[547, 366, 1016, 465, 737, 25, 817, 3, 179, 378]
targets:[750, 199, 857, 726, 865, 619, 21, 509, 317, 989]
dests:[173, 481, 965, 52, 743, 1015, 98, 735, 347, 417]
ac_dict:{750: {0, 1}, 199: {1, 2}, 857: {2, 3}, 726: {3, 4}, 865: {4, 5}, 619: {5, 6}, 21: {6, 7}, 509: {8, 7}, 317: {8, 9}, 173: {0}, 481: {1}, 965: {2}, 52: {3}, 743: {4}, 1015: {5}, 98: {6}, 735: {7}, 347: {8}, 417: {9}}
clusters:[0 4 3 1 0 1 4 2 3 2]

round: 23
best_g_value: 334.0
open_list_size: 22
num_low_level_expanded: 10243
search_success: 1
search_time: 3.2665390712209046
n_tsp_call: 13
n_tsp_time: 2.3300409144721925
n_roots: 1
num_conflicts: 22
target_assignment: {21: 7, 509: 7, 865: 4, 619: 6, 317: 8}
cluster_target_selection: {4: 21, 2: 509, 0: 865, 1: 619, 3: 317}
num_nodes_transformed_graph: 48
agent_paths:({0: [(3, 17), (3, 18), (3, 19), (4, 19), (5, 19), (5, 18), (5, 17), (6, 17), (6, 16), (6, 15), (7, 15), (7, 14), (7, 13), (8, 13), (9, 13), (9, 12), (9, 11), (10, 11), (11, 11), (12, 11), (13, 11), (13, 10), (13, 9), (14, 9), (14, 8), (14, 7), (13, 7), (13, 6), (13, 5), (13, 5)], 1: [(14, 11), (13, 11), (12, 11), (11, 11), (10, 11), (9, 11), (9, 12), (9, 13), (8, 13), (7, 13), (6, 13), (6, 14), (6, 15), (6, 16), (6, 17), (5, 17), (5, 18), (5, 19), (4, 19), (3, 19), (2, 19), (2, 18), (2, 17), (2, 16), (2, 15), (1, 15), (1, 15)], 2: [(24, 31), (23, 31), (22, 31), (21, 31), (20, 31), (19, 31), (18, 31), (18, 30), (18, 29), (18, 28), (18, 27), (17, 27), (16, 27), (15, 27), (14, 27), (13, 27), (12, 27), (11, 27), (10, 27), (10, 28), (10, 29), (9, 29), (9, 30), (8, 30), (7, 30), (6, 30), (5, 30), (5, 30)], 3: [(17, 14), (17, 13), (18, 13), (18, 12), (18, 11), (18, 10), (18, 9), (18, 8), (18, 7), (18, 6), (18, 5), (17, 5), (16, 5), (15, 5), (14, 5), (14, 4), (14, 3), (14, 2), (15, 2), (16, 2), (17, 2), (17, 1), (18, 1), (18, 1), (18, 1), (18, 1), (18, 1), (18, 1), (19, 1), (20, 1), (20, 1)], 4: [(1, 23), (1, 24), (1, 25), (1, 26), (1, 27), (1, 26), (1, 25), (1, 24), (1, 23), (2, 23), (3, 23), (3, 22), (4, 22), (5, 22), (6, 22), (7, 22), (7, 23), (7, 23)], 5: [(25, 0), (25, 1), (25, 2), (25, 3), (26, 3), (27, 3), (27, 4), (27, 5), (26, 5), (25, 5), (25, 6), (25, 7), (25, 8), (25, 9), (24, 9), (23, 9), (23, 10), (23, 11), (22, 11), (22, 12), (22, 13), (22, 14), (22, 15), (22, 16), (22, 17), (22, 18), (22, 19), (22, 20), (22, 21), (23, 21), (23, 22), (23, 23), (23, 24), (23, 25), (23, 26), (23, 27), (23, 28), (23, 29), (23, 30), (23, 31), (23, 31)], 6: [(17, 25), (17, 24), (17, 23), (17, 22), (16, 22), (15, 22), (14, 22), (13, 22), (13, 23), (12, 23), (11, 23), (11, 22), (11, 21), (10, 21), (9, 21), (9, 20), (9, 19), (10, 19), (11, 19), (11, 18), (11, 17), (11, 16), (11, 15), (10, 15), (9, 15), (9, 14), (9, 13), (9, 12), (9, 11), (9, 10), (9, 9), (8, 9), (7, 9), (6, 9), (6, 8), (6, 7), (5, 7), (5, 6), (5, 5), (4, 5), (3, 5), (3, 4), (3, 3), (2, 3), (2, 3)], 7: [(3, 0), (3, 1), (3, 2), (3, 3), (3, 4), (3, 5), (4, 5), (5, 5), (6, 5), (7, 5), (7, 6), (8, 6), (9, 6), (9, 5), (10, 5), (11, 5), (11, 4), (11, 3), (12, 3), (13, 3), (13, 2), (14, 2), (15, 2), (16, 2), (17, 2), (18, 2), (19, 2), (19, 1), (20, 1), (21, 1), (21, 0), (21, 1), (22, 1), (23, 1), (23, 2), (23, 3), (24, 3), (25, 3), (26, 3), (27, 3), (27, 4), (27, 5), (27, 6), (28, 6), (29, 6), (29, 7), (30, 7), (31, 7), (31, 8), (31, 9), (31, 10), (31, 11), (31, 12), (31, 13), (30, 13), (29, 13), (29, 14), (29, 15), (30, 15), (31, 15), (31, 16), (31, 17), (31, 18), (31, 19), (31, 20), (31, 21), (31, 22), (31, 22)], 8: [(19, 5), (19, 6), (19, 7), (20, 7), (21, 7), (22, 7), (23, 7), (23, 8), (23, 9), (24, 9), (25, 9), (26, 9), (27, 9), (27, 10), (28, 10), (29, 10), (29, 9), (29, 10), (28, 10), (27, 10), (27, 10)], 9: [(26, 11), (25, 11), (25, 10), (25, 9), (24, 9), (23, 9), (22, 9), (21, 9), (21, 10), (21, 11), (20, 11), (19, 11), (18, 11), (18, 12), (18, 13), (17, 13), (17, 14), (16, 14), (15, 14), (14, 14), (13, 14), (12, 14), (11, 14), (11, 15), (11, 16), (11, 17), (10, 17), (9, 17), (9, 18), (8, 18), (7, 18), (6, 18), (5, 18), (5, 19), (4, 19), (3, 19), (2, 19), (2, 18), (2, 17), (2, 16), (2, 15), (2, 14), (1, 14), (1, 13), (1, 13)]}, 66)