

CBSS-C STATS
starts:[849, 850, 930, 567, 67, 489, 81, 679, 89, 734]
targets:[62, 217, 502, 297, 446, 586, 914, 402, 733, 49]
dests:[223, 783, 162, 117, 723, 953, 873, 764, 945, 451]
ac_dict:{62: {0, 1}, 217: {1, 2}, 502: {2, 3}, 297: {3, 4}, 446: {4, 5}, 586: {5, 6}, 914: {6, 7}, 402: {8, 7}, 733: {8, 9}, 223: {0}, 783: {1}, 162: {2}, 117: {3}, 723: {4}, 953: {5}, 873: {6}, 764: {7}, 945: {8}, 451: {9}}
clusters:[2 0 3 3 3 3 4 1 4 3]

round: 66
best_g_value: 408.0
open_list_size: 65
num_low_level_expanded: 32676
search_success: 1
search_time: 3.5105888401158154
n_tsp_call: 13
n_tsp_time: 1.3617912009358406
n_roots: 1
num_conflicts: 65
target_assignment: {62: 0, 402: 8, 502: 2, 217: 2, 733: 9}
cluster_target_selection: {2: 62, 1: 402, 3: 502, 0: 217, 4: 733}
num_nodes_transformed_graph: 32
agent_paths:({0: [(17, 26), (17, 25), (17, 24), (17, 23), (17, 22), (17, 21), (18, 21), (19, 21), (20, 21), (21, 21), (22, 21), (22, 20), (22, 19), (22, 18), (22, 17), (22, 16), (22, 15), (22, 14), (22, 13), (22, 12), (22, 11), (22, 10), (22, 9), (23, 9), (24, 9), (25, 9), (25, 8), (25, 7), (25, 6), (25, 5), (26, 5), (27, 5), (27, 4), (27, 3), (27, 2), (28, 2), (29, 2), (29, 1), (30, 1), (30, 2), (30, 3), (30, 4), (30, 5), (31, 5), (31, 6), (31, 6)], 1: [(18, 26), (17, 26), (17, 27), (16, 27), (15, 27), (15, 26), (15, 25), (15, 24), (15, 24)], 2: [(2, 29), (3, 29), (3, 30), (4, 30), (5, 30), (6, 30), (7, 30), (8, 30), (9, 30), (9, 29), (10, 29), (10, 28), (10, 27), (10, 26), (10, 25), (11, 25), (11, 24), (11, 23), (12, 23), (13, 23), (13, 22), (14, 22), (15, 22), (16, 22), (17, 22), (17, 21), (18, 21), (19, 21), (20, 21), (21, 21), (22, 21), (22, 20), (22, 19), (22, 18), (22, 17), (22, 16), (22, 15), (22, 14), (22, 13), (22, 12), (22, 11), (22, 10), (22, 9), (23, 9), (24, 9), (25, 9), (25, 8), (25, 7), (25, 6), (25, 7), (25, 8), (25, 9), (24, 9), (23, 9), (23, 8), (23, 7), (22, 7), (21, 7), (20, 7), (19, 7), (18, 7), (17, 7), (17, 6), (17, 5), (16, 5), (15, 5), (14, 5), (13, 5), (12, 5), (11, 5), (10, 5), (9, 5), (9, 6), (8, 6), (7, 6), (6, 6), (5, 6), (5, 5), (4, 5), (3, 5), (2, 5), (2, 5)], 3: [(23, 17), (22, 17), (22, 16), (22, 15), (22, 14), (22, 13), (22, 12), (22, 11), (22, 10), (23, 10), (23, 10), (23, 10), (23, 10), (23, 10), (23, 9), (24, 9), (25, 9), (25, 8), (25, 7), (25, 6), (25, 5), (26, 5), (27, 5), (27, 4), (27, 3), (26, 3), (25, 3), (24, 3), (23, 3), (22, 3), (21, 3), (21, 3)], 4: [(3, 2), (3, 3), (3, 4), (3, 5), (4, 5), (5, 5), (6, 5), (6, 6), (6, 7), (6, 8), (6, 9), (6, 10), (6, 11), (5, 11), (5, 12), (5, 13), (6, 13), (6, 14), (6, 15), (6, 16), (6, 17), (7, 17), (7, 18), (8, 18), (9, 18), (9, 19), (9, 20), (9, 21), (10, 21), (11, 21), (11, 22), (11, 23), (12, 23), (13, 23), (13, 22), (14, 22), (15, 22), (16, 22), (17, 22), (18, 22), (19, 22), (19, 22)], 5: [(9, 15), (10, 15), (11, 15), (11, 14), (12, 14), (13, 14), (14, 14), (15, 14), (16, 14), (17, 14), (18, 14), (18, 15), (18, 16), (18, 17), (19, 17), (20, 17), (21, 17), (22, 17), (22, 18), (22, 19), (22, 20), (22, 21), (23, 21), (23, 22), (23, 23), (23, 24), (23, 25), (24, 25), (25, 25), (25, 26), (25, 27), (26, 27), (27, 27), (27, 28), (27, 29), (26, 29), (25, 29), (25, 29)], 6: [(17, 2), (16, 2), (15, 2), (14, 2), (14, 3), (14, 4), (14, 5), (14, 6), (14, 7), (14, 8), (14, 9), (13, 9), (13, 10), (13, 11), (12, 11), (11, 11), (10, 11), (9, 11), (9, 12), (9, 13), (9, 14), (9, 15), (10, 15), (11, 15), (11, 16), (11, 17), (10, 17), (9, 17), (9, 18), (9, 19), (9, 20), (9, 21), (9, 22), (9, 23), (10, 23), (11, 23), (11, 24), (11, 25), (10, 25), (9, 25), (9, 26), (9, 27), (9, 27)], 7: [(7, 21), (8, 21), (9, 21), (10, 21), (11, 21), (11, 22), (11, 23), (12, 23), (13, 23), (14, 23), (15, 23), (15, 22), (16, 22), (17, 22), (18, 22), (19, 22), (19, 21), (20, 21), (21, 21), (22, 21), (23, 21), (23, 22), (23, 23), (23, 24), (23, 25), (24, 25), (25, 25), (26, 25), (27, 25), (27, 24), (27, 23), (28, 23), (28, 23)], 8: [(25, 2), (25, 3), (26, 3), (27, 3), (27, 4), (27, 5), (26, 5), (25, 5), (25, 6), (25, 7), (25, 8), (25, 9), (24, 9), (23, 9), (22, 9), (21, 9), (21, 10), (21, 11), (20, 11), (19, 11), (18, 11), (18, 12), (18, 13), (18, 14), (18, 15), (18, 16), (18, 17), (19, 17), (20, 17), (21, 17), (21, 18), (21, 19), (21, 19), (22, 19), (22, 20), (22, 21), (21, 21), (20, 21), (19, 21), (18, 21), (17, 21), (17, 22), (17, 23), (17, 24), (17, 25), (17, 26), (17, 27), (18, 27), (18, 28), (18, 29), (17, 29), (17, 29)], 9: [(30, 22), (29, 22), (29, 23), (28, 23), (27, 23), (27, 24), (27, 25), (26, 25), (25, 25), (24, 25), (23, 25), (22, 25), (21, 25), (21, 26), (20, 26), (19, 26), (18, 26), (17, 26), (17, 27), (16, 27), (15, 27), (14, 27), (13, 27), (12, 27), (11, 27), (11, 26), (11, 25), (11, 24), (11, 23), (10, 23), (10, 22), (10, 21), (9, 21), (9, 20), (9, 19), (9, 18), (8, 18), (7, 18), (6, 18), (5, 18), (5, 19), (4, 19), (3, 19), (3, 18), (3, 17), (2, 17), (2, 16), (2, 15), (2, 14), (3, 14), (3, 14)]}, 80)