

CBSS-C STATS
starts:[153, 43, 792, 37, 219, 69, 580, 460, 945, 213]
targets:[285, 840, 553, 940, 539, 74, 752, 735, 225, 157, 527, 59, 290, 946, 990, 405, 382, 317, 596, 901, 4, 658, 861, 797, 222, 947, 233, 413, 297, 243, 450, 77, 418, 683, 177, 571, 449, 607, 862, 197]
dests:[562, 473, 1012, 967, 329, 588, 278, 508, 67, 640]
ac_dict:{285: {0, 1}, 840: {1, 2}, 553: {2, 3}, 940: {3, 4}, 539: {4, 5}, 74: {5, 6}, 752: {6, 7}, 735: {8, 7}, 225: {8, 9}, 562: {0}, 473: {1}, 1012: {2}, 967: {3}, 329: {4}, 588: {5}, 278: {6}, 508: {7}, 67: {8}, 640: {9}}
clusters:[ 4 30 24 16  1 12 25  1 28 31  8 29  9 13  4  3 27 21  7 11 20 15 10 32
  6 17  0  3 33  2 18 34 26 23  0 19 14  5  2 22]

round: 1
best_g_value: 359.0
open_list_size: 0
num_low_level_expanded: 934
search_success: 1
search_time: 9.601550611994753
n_tsp_call: 1
n_tsp_time: 9.485570044002088
n_roots: 1
num_conflicts: 0
target_assignment: {59: 0, 157: 0, 222: 0, 285: 0, 317: 0, 382: 0, 571: 0, 243: 4, 233: 4, 297: 4, 74: 5, 225: 9, 290: 9, 418: 9, 449: 9, 450: 9, 596: 6, 946: 8, 658: 8, 4: 8, 840: 2, 901: 2, 947: 2, 77: 1, 405: 1, 197: 3, 553: 3, 683: 3, 940: 3, 527: 7, 752: 7, 861: 7, 797: 7, 735: 7, 607: 7}
cluster_target_selection: {29: 59, 31: 157, 6: 222, 4: 285, 21: 317, 27: 382, 19: 571, 2: 243, 0: 233, 33: 297, 12: 74, 28: 225, 9: 290, 26: 418, 14: 449, 18: 450, 7: 596, 13: 946, 15: 658, 20: 4, 30: 840, 11: 901, 17: 947, 34: 77, 3: 405, 22: 197, 24: 553, 23: 683, 16: 940, 8: 527, 25: 752, 10: 861, 32: 797, 1: 735, 5: 607}
num_nodes_transformed_graph: 178
agent_paths:({0: [(25, 4), (25, 3), (26, 3), (27, 3), (27, 2), (27, 1), (28, 1), (28, 2), (28, 3), (28, 4), (29, 4), (30, 4), (30, 5), (30, 6), (29, 6), (29, 7), (29, 8), (29, 9), (30, 9), (30, 10), (30, 11), (29, 11), (28, 11), (28, 12), (28, 13), (27, 13), (27, 14), (27, 15), (27, 16), (27, 17), (26, 17), (25, 17), (24, 17), (23, 17), (22, 17), (21, 17), (20, 17), (19, 17), (18, 17), (18, 17)], 1: [(11, 1), (12, 1), (13, 1), (13, 2), (14, 2), (14, 3), (14, 4), (14, 5), (15, 5), (16, 5), (17, 5), (18, 5), (19, 5), (19, 6), (20, 6), (21, 6), (21, 7), (21, 8), (21, 9), (21, 10), (21, 11), (21, 12), (22, 12), (23, 12), (24, 12), (25, 12), (25, 13), (25, 14), (25, 14)], 2: [(24, 24), (23, 24), (22, 24), (22, 25), (21, 25), (20, 25), (19, 25), (18, 25), (17, 25), (16, 25), (15, 25), (14, 25), (13, 25), (12, 25), (11, 25), (10, 25), (9, 25), (8, 25), (8, 26), (7, 26), (6, 26), (5, 26), (5, 27), (5, 28), (6, 28), (7, 28), (8, 28), (9, 28), (10, 28), (11, 28), (12, 28), (13, 28), (14, 28), (15, 28), (16, 28), (17, 28), (18, 28), (19, 28), (19, 29), (20, 29), (20, 30), (20, 31), (20, 31)], 3: [(5, 1), (5, 2), (5, 3), (5, 4), (5, 5), (5, 6), (5, 7), (5, 8), (5, 9), (6, 9), (6, 10), (6, 11), (6, 12), (6, 13), (6, 14), (6, 15), (7, 15), (7, 16), (8, 16), (9, 16), (9, 17), (10, 17), (11, 17), (11, 18), (11, 19), (11, 20), (11, 21), (12, 21), (12, 22), (12, 23), (12, 24), (12, 25), (12, 26), (12, 27), (12, 28), (12, 29), (11, 29), (10, 29), (10, 30), (9, 30), (8, 30), (7, 30), (7, 30)], 4: [(27, 6), (26, 6), (25, 6), (24, 6), (23, 6), (22, 6), (21, 6), (20, 6), (19, 6), (19, 7), (18, 7), (17, 7), (16, 7), (15, 7), (14, 7), (13, 7), (12, 7), (11, 7), (10, 7), (9, 7), (9, 8), (9, 9), (9, 10), (9, 10)], 5: [(5, 2), (6, 2), (6, 1), (7, 1), (8, 1), (9, 1), (10, 1), (10, 2), (11, 2), (11, 3), (11, 4), (11, 5), (11, 6), (11, 7), (11, 8), (11, 9), (11, 10), (12, 10), (12, 11), (12, 12), (12, 13), (12, 14), (12, 15), (12, 16), (12, 17), (12, 18), (12, 18)], 6: [(4, 18), (5, 18), (5, 17), (6, 17), (7, 17), (8, 17), (9, 17), (10, 17), (11, 17), (12, 17), (13, 17), (14, 17), (15, 17), (16, 17), (17, 17), (18, 17), (19, 17), (20, 17), (20, 18), (20, 17), (20, 16), (21, 16), (21, 15), (21, 14), (21, 13), (21, 12), (21, 11), (21, 10), (21, 9), (21, 8), (22, 8), (22, 8)], 7: [(12, 14), (13, 14), (14, 14), (14, 15), (14, 16), (15, 16), (16, 16), (16, 17), (16, 18), (16, 19), (16, 20), (16, 21), (16, 22), (16, 23), (17, 23), (18, 23), (19, 23), (19, 24), (20, 24), (20, 25), (21, 25), (22, 25), (23, 25), (24, 25), (25, 25), (26, 25), (27, 25), (28, 25), (29, 25), (29, 26), (29, 25), (29, 24), (29, 23), (29, 22), (30, 22), (31, 22), (30, 22), (29, 22), (29, 21), (29, 20), (29, 19), (29, 18), (30, 18), (31, 18), (30, 18), (29, 18), (29, 17), (29, 16), (28, 16), (28, 15), (28, 15)], 8: [(17, 29), (18, 29), (18, 28), (18, 27), (18, 26), (18, 25), (18, 24), (18, 23), (18, 22), (18, 21), (18, 20), (17, 20), (16, 20), (15, 20), (14, 20), (13, 20), (12, 20), (11, 20), (10, 20), (9, 20), (8, 20), (7, 20), (7, 19), (7, 18), (7, 17), (6, 17), (6, 16), (6, 15), (6, 14), (6, 13), (6, 12), (6, 11), (5, 11), (5, 10), (5, 9), (5, 8), (5, 7), (5, 6), (5, 5), (4, 5), (4, 4), (4, 3), (4, 2), (4, 1), (4, 0), (3, 0), (3, 1), (3, 2), (3, 2)], 9: [(21, 6), (20, 6), (19, 6), (18, 6), (17, 6), (16, 6), (15, 6), (14, 6), (13, 6), (12, 6), (11, 6), (10, 6), (9, 6), (8, 6), (7, 6), (7, 7), (6, 7), (5, 7), (4, 7), (3, 7), (2, 7), (1, 7), (1, 8), (1, 9), (2, 9), (2, 10), (2, 11), (2, 12), (2, 13), (1, 13), (1, 14), (2, 14), (2, 15), (2, 16), (2, 17), (2, 18), (2, 19), (1, 19), (0, 19), (0, 20), (0, 20)]}, 49)