

CBSS-C STATS
starts:[521, 86, 532, 194, 680, 127, 298, 67, 486, 961]
targets:[13, 630, 108, 32, 745, 767, 392, 951, 552, 608, 728, 93, 146, 0, 584, 267, 940, 447, 821, 490, 991, 687, 829, 805, 1019, 306, 741, 120, 166, 250, 666, 793, 255, 158, 174, 750, 115, 852, 631, 980]
dests:[34, 836, 783, 713, 431, 869, 21, 340, 697, 140]
ac_dict:{13: {0, 1}, 630: {1, 2}, 108: {2, 3}, 32: {3, 4}, 745: {4, 5}, 767: {5, 6}, 392: {6, 7}, 951: {8, 7}, 552: {8, 9}, 34: {0}, 836: {1}, 783: {2}, 713: {3}, 431: {4}, 869: {5}, 21: {6}, 340: {7}, 697: {8}, 140: {9}}
clusters:[ 5 26 30 31 23 28 14  4  0 32  3 11 19  6  8 27 12  9  1 22  7 29 15 18
 17  3 20 16 33 13 25  4 24 21  1  2  2 34 10  0]

round: 1
best_g_value: 370.0
open_list_size: 0
num_low_level_expanded: 955
search_success: 1
search_time: 26.5407229620032
n_tsp_call: 1
n_tsp_time: 26.355321463997825
n_roots: 1
num_conflicts: 0
target_assignment: {267: 0, 13: 0, 120: 1, 250: 1, 631: 1, 630: 1, 741: 1, 805: 1, 608: 9, 0: 3, 32: 3, 108: 3, 166: 7, 392: 7, 306: 7, 552: 8, 584: 8, 666: 8, 745: 4, 490: 4, 174: 6, 146: 6, 115: 6, 93: 5, 158: 5, 255: 5, 447: 5, 767: 5, 829: 5, 991: 5, 1019: 5, 793: 5, 852: 5, 940: 5, 687: 2}
cluster_target_selection: {27: 267, 5: 13, 16: 120, 13: 250, 10: 631, 26: 630, 20: 741, 18: 805, 32: 608, 6: 0, 31: 32, 30: 108, 33: 166, 14: 392, 3: 306, 0: 552, 8: 584, 25: 666, 23: 745, 22: 490, 1: 174, 19: 146, 2: 115, 11: 93, 21: 158, 24: 255, 9: 447, 28: 767, 15: 829, 7: 991, 17: 1019, 4: 793, 34: 852, 12: 940, 29: 687}
num_nodes_transformed_graph: 348
agent_paths:({0: [(9, 16), (9, 15), (9, 14), (10, 14), (10, 13), (10, 12), (10, 11), (10, 10), (10, 9), (10, 8), (11, 8), (11, 7), (11, 6), (11, 5), (11, 4), (11, 3), (11, 2), (11, 1), (11, 0), (12, 0), (13, 0), (12, 0), (11, 0), (10, 0), (9, 0), (8, 0), (8, 1), (7, 1), (6, 1), (5, 1), (4, 1), (3, 1), (2, 1), (2, 1)], 1: [(22, 2), (23, 2), (24, 2), (24, 3), (25, 3), (26, 3), (26, 4), (26, 5), (26, 6), (26, 7), (25, 7), (25, 8), (24, 8), (23, 8), (23, 9), (23, 10), (23, 11), (23, 12), (23, 13), (23, 14), (23, 15), (23, 16), (23, 17), (23, 18), (23, 19), (22, 19), (21, 19), (20, 19), (19, 19), (18, 19), (17, 19), (16, 19), (15, 19), (14, 19), (13, 19), (12, 19), (11, 19), (10, 19), (9, 19), (8, 19), (7, 19), (6, 19), (5, 19), (5, 20), (5, 21), (5, 22), (5, 23), (4, 23), (4, 24), (4, 25), (5, 25), (4, 25), (4, 26), (4, 26)], 2: [(20, 16), (19, 16), (19, 17), (18, 17), (17, 17), (16, 17), (16, 18), (16, 19), (15, 19), (15, 20), (15, 21), (15, 22), (15, 23), (15, 24), (15, 24)], 3: [(2, 6), (1, 6), (1, 5), (1, 4), (1, 3), (0, 3), (0, 2), (0, 1), (0, 0), (0, 1), (1, 1), (2, 1), (3, 1), (4, 1), (5, 1), (6, 1), (7, 1), (8, 1), (9, 1), (10, 1), (11, 1), (12, 1), (12, 2), (12, 3), (11, 3), (10, 3), (10, 4), (10, 5), (10, 6), (10, 7), (10, 8), (10, 9), (10, 10), (10, 11), (10, 12), (10, 13), (10, 14), (9, 14), (9, 15), (9, 16), (9, 17), (9, 18), (9, 19), (9, 20), (9, 21), (9, 22), (9, 22)], 4: [(8, 21), (9, 21), (9, 22), (9, 23), (9, 22), (9, 21), (9, 20), (9, 19), (9, 18), (9, 17), (9, 16), (9, 15), (10, 15), (10, 14), (11, 14), (12, 14), (12, 13), (13, 13), (14, 13), (15, 13), (15, 13)], 5: [(31, 3), (30, 3), (30, 2), (29, 2), (30, 2), (30, 3), (30, 4), (31, 4), (31, 5), (31, 6), (31, 7), (31, 8), (31, 9), (31, 10), (30, 10), (30, 11), (30, 12), (29, 12), (29, 13), (29, 14), (30, 14), (31, 14), (31, 13), (31, 14), (31, 15), (30, 15), (30, 16), (30, 17), (30, 18), (30, 19), (30, 20), (29, 20), (29, 21), (29, 22), (30, 22), (31, 22), (31, 23), (30, 23), (29, 23), (29, 24), (29, 25), (30, 25), (30, 26), (30, 27), (31, 27), (31, 28), (31, 29), (31, 30), (30, 30), (29, 30), (28, 30), (27, 30), (27, 31), (26, 31), (25, 31), (25, 30), (25, 29), (25, 28), (25, 27), (25, 26), (25, 25), (25, 24), (24, 24), (23, 24), (22, 24), (22, 25), (21, 25), (20, 25), (20, 26), (19, 26), (18, 26), (17, 26), (16, 26), (15, 26), (15, 27), (14, 27), (13, 27), (12, 27), (12, 28), (12, 29), (11, 29), (10, 29), (10, 28), (9, 28), (8, 28), (7, 28), (6, 28), (5, 28), (5, 27), (5, 27)], 6: [(10, 9), (10, 8), (10, 7), (10, 6), (10, 5), (11, 5), (12, 5), (13, 5), (14, 5), (15, 5), (16, 5), (16, 4), (17, 4), (18, 4), (18, 3), (19, 3), (20, 3), (20, 2), (20, 1), (20, 0), (21, 0), (21, 0)], 7: [(3, 2), (4, 2), (5, 2), (6, 2), (6, 3), (6, 4), (6, 5), (7, 5), (7, 6), (7, 7), (7, 8), (7, 9), (7, 10), (8, 10), (9, 10), (9, 11), (9, 12), (8, 12), (9, 12), (9, 11), (9, 10), (10, 10), (11, 10), (12, 10), (13, 10), (13, 9), (14, 9), (15, 9), (16, 9), (17, 9), (18, 9), (19, 9), (20, 9), (20, 10), (20, 10)], 8: [(6, 15), (7, 15), (7, 16), (8, 16), (8, 17), (8, 18), (9, 18), (10, 18), (11, 18), (12, 18), (13, 18), (14, 18), (14, 19), (15, 19), (16, 19), (17, 19), (18, 19), (19, 19), (20, 19), (21, 19), (22, 19), (23, 19), (24, 19), (25, 19), (25, 20), (26, 20), (25, 20), (25, 21), (25, 21)], 9: [(1, 30), (0, 30), (0, 29), (0, 28), (0, 27), (0, 26), (0, 25), (0, 24), (0, 23), (1, 23), (1, 22), (1, 21), (0, 21), (0, 20), (0, 19), (1, 19), (2, 19), (2, 18), (2, 17), (2, 16), (2, 15), (2, 14), (2, 13), (2, 12), (2, 11), (2, 10), (2, 9), (3, 9), (3, 8), (3, 7), (3, 6), (3, 5), (3, 4), (4, 4), (5, 4), (6, 4), (7, 4), (8, 4), (9, 4), (10, 4), (11, 4), (12, 4), (12, 4)]}, 88)