

CBSS-C STATS
starts:[707, 345, 12, 936, 717, 424, 137, 29, 426, 358]
targets:[138, 471, 916, 527, 278, 822, 334, 662, 1, 445, 960, 313, 635, 984, 605, 724, 655, 325, 6, 712, 894, 978, 907, 968, 612, 102, 666, 103, 306, 323, 494, 209, 957, 185, 628, 999, 69, 669, 259, 222]
dests:[629, 722, 332, 367, 596, 986, 987, 807, 409, 385]
ac_dict:{138: {0, 1}, 471: {1, 2}, 916: {2, 3}, 527: {3, 4}, 278: {4, 5}, 822: {5, 6}, 334: {6, 7}, 662: {8, 7}, 1: {8, 9}, 629: {0}, 722: {1}, 332: {2}, 367: {3}, 596: {4}, 986: {5}, 987: {6}, 807: {7}, 409: {8}, 385: {9}}
clusters:[28 33 12 10  0  2 27 20  1  3  6 19 31 11  4 18 15 30 21  7 34  5  2 26
 13  1  0 32 23 25 14 16  8 22 29  9 17  4  3 24]

round: 5
best_g_value: 330.0
open_list_size: 4
num_low_level_expanded: 1671
search_success: 1
search_time: 576.6533622650022
n_tsp_call: 45
n_tsp_time: 571.8342591089931
n_roots: 1
num_conflicts: 4
target_assignment: {259: 0, 69: 0, 6: 0, 102: 0, 103: 0, 138: 0, 209: 0, 306: 0, 612: 5, 960: 5, 968: 5, 999: 5, 978: 5, 984: 5, 334: 6, 635: 6, 669: 6, 894: 6, 957: 6, 907: 3, 916: 3, 527: 3, 494: 3, 222: 7, 185: 7, 313: 7, 666: 7, 662: 7, 712: 7, 471: 1, 628: 1, 724: 1, 655: 4, 325: 9, 323: 9}
cluster_target_selection: {3: 259, 17: 69, 21: 6, 1: 102, 32: 103, 28: 138, 16: 209, 23: 306, 13: 612, 6: 960, 26: 968, 9: 999, 5: 978, 11: 984, 27: 334, 31: 635, 4: 669, 34: 894, 8: 957, 2: 907, 12: 916, 10: 527, 14: 494, 24: 222, 22: 185, 19: 313, 0: 666, 20: 662, 7: 712, 33: 471, 29: 628, 18: 724, 15: 655, 30: 325, 25: 323}
num_nodes_transformed_graph: 348
agent_paths:({0: [(3, 22), (3, 21), (3, 20), (2, 20), (2, 19), (2, 18), (2, 17), (2, 16), (2, 15), (2, 14), (2, 13), (2, 12), (2, 11), (2, 10), (2, 9), (3, 9), (3, 8), (3, 7), (3, 6), (3, 5), (3, 4), (3, 3), (3, 2), (4, 2), (5, 2), (5, 1), (5, 0), (6, 0), (6, 1), (6, 2), (6, 3), (7, 3), (8, 3), (9, 3), (10, 3), (10, 4), (11, 4), (12, 4), (13, 4), (14, 4), (14, 5), (15, 5), (16, 5), (17, 5), (17, 6), (18, 6), (18, 7), (18, 8), (18, 9), (19, 9), (20, 9), (21, 9), (21, 10), (21, 11), (21, 12), (21, 13), (21, 14), (21, 15), (21, 16), (21, 17), (21, 18), (21, 19), (21, 19)], 1: [(25, 10), (24, 10), (23, 10), (23, 11), (23, 12), (23, 13), (23, 14), (22, 14), (21, 14), (21, 15), (21, 16), (21, 17), (21, 18), (21, 19), (20, 19), (20, 20), (20, 21), (20, 22), (19, 22), (18, 22), (18, 22)], 2: [(12, 0), (12, 1), (12, 2), (12, 3), (12, 4), (12, 5), (12, 6), (12, 7), (11, 7), (11, 8), (11, 9), (11, 10), (12, 10), (12, 10)], 3: [(8, 29), (8, 28), (9, 28), (10, 28), (11, 28), (12, 28), (13, 28), (14, 28), (15, 28), (16, 28), (17, 28), (18, 28), (19, 28), (20, 28), (19, 28), (18, 28), (17, 28), (16, 28), (16, 27), (16, 26), (16, 25), (16, 24), (16, 23), (16, 22), (16, 21), (16, 20), (16, 19), (16, 18), (16, 17), (15, 17), (15, 16), (14, 16), (14, 15), (14, 14), (14, 13), (14, 12), (14, 11), (15, 11), (15, 11)], 4: [(13, 22), (13, 21), (13, 20), (14, 20), (15, 20), (15, 19), (16, 19), (17, 19), (18, 19), (18, 18), (19, 18), (20, 18), (20, 18)], 5: [(8, 13), (7, 13), (6, 13), (5, 13), (5, 14), (5, 15), (4, 15), (4, 16), (4, 17), (4, 18), (4, 19), (4, 18), (3, 18), (2, 18), (2, 19), (1, 19), (1, 20), (1, 21), (1, 22), (1, 23), (0, 23), (0, 24), (0, 25), (0, 26), (0, 27), (0, 28), (0, 29), (0, 30), (1, 30), (2, 30), (3, 30), (3, 29), (4, 29), (5, 29), (6, 29), (7, 29), (8, 29), (8, 30), (7, 30), (7, 31), (8, 31), (9, 31), (10, 31), (11, 31), (12, 31), (13, 31), (14, 31), (15, 31), (16, 31), (16, 30), (17, 30), (18, 30), (19, 30), (20, 30), (21, 30), (22, 30), (23, 30), (24, 30), (25, 30), (26, 30), (26, 30)], 6: [(9, 4), (10, 4), (11, 4), (12, 4), (13, 4), (13, 5), (13, 6), (13, 7), (13, 8), (13, 9), (14, 9), (14, 10), (15, 10), (16, 10), (16, 11), (17, 11), (18, 11), (19, 11), (19, 12), (20, 12), (21, 12), (22, 12), (23, 12), (24, 12), (24, 13), (25, 13), (26, 13), (27, 13), (27, 14), (27, 15), (27, 16), (27, 17), (27, 18), (27, 19), (27, 20), (28, 20), (29, 20), (29, 21), (29, 22), (30, 22), (30, 23), (30, 24), (30, 25), (30, 26), (30, 27), (29, 27), (29, 28), (29, 29), (28, 29), (27, 29), (27, 30), (27, 30)], 7: [(29, 0), (30, 0), (30, 1), (30, 2), (30, 3), (30, 4), (30, 5), (30, 6), (29, 6), (28, 6), (27, 6), (26, 6), (25, 6), (25, 5), (25, 6), (25, 7), (25, 8), (25, 9), (25, 10), (26, 10), (26, 11), (26, 12), (26, 13), (26, 14), (26, 15), (26, 16), (26, 17), (26, 18), (25, 18), (25, 19), (25, 20), (26, 20), (25, 20), (24, 20), (23, 20), (22, 20), (21, 20), (20, 20), (19, 20), (18, 20), (17, 20), (16, 20), (15, 20), (14, 20), (13, 20), (12, 20), (11, 20), (10, 20), (9, 20), (8, 20), (8, 21), (8, 22), (7, 22), (7, 23), (7, 24), (7, 25), (7, 25)], 8: [(10, 13), (10, 14), (11, 14), (12, 14), (12, 13), (13, 13), (14, 13), (14, 12), (15, 12), (16, 12), (17, 12), (18, 12), (19, 12), (20, 12), (21, 12), (22, 12), (23, 12), (24, 12), (25, 12), (25, 12)], 9: [(6, 11), (5, 11), (5, 10), (4, 10), (3, 10), (2, 10), (1, 10), (1, 11), (1, 12), (1, 12)]}, 61)