

CBSS-C STATS
starts:[307, 115, 834, 5, 559, 620, 542, 526, 155, 178]
targets:[519, 297, 716, 869, 44, 74, 982, 824, 791, 146, 800, 348, 891, 992, 191]
dests:[695, 923, 474, 276, 547, 157, 508, 208, 399, 754]
ac_dict:{519: {0, 1}, 297: {1, 2}, 716: {2, 3}, 869: {3, 4}, 44: {4, 5}, 74: {5, 6}, 982: {6, 7}, 824: {8, 7}, 791: {8, 9}, 695: {0}, 923: {1}, 474: {2}, 276: {3}, 547: {4}, 157: {5}, 508: {6}, 208: {7}, 399: {8}, 754: {9}}
clusters:[5 4 3 7 0 0 0 6 9 7 0 1 6 8 2]

round: 2
best_g_value: 277.0
open_list_size: 1
num_low_level_expanded: 1184
search_success: 1
search_time: 0.33386772125959396
n_tsp_call: 1
n_tsp_time: 0.27066020108759403
n_roots: 1
num_conflicts: 1
target_assignment: {519: 0, 791: 9, 348: 5, 191: 5, 891: 1, 992: 2, 800: 2, 716: 2, 297: 2, 146: 3}
cluster_target_selection: {5: 519, 9: 791, 1: 348, 2: 191, 6: 891, 8: 992, 0: 800, 3: 716, 4: 297, 7: 146}
num_nodes_transformed_graph: 58
agent_paths:({0: [(19, 9), (18, 9), (17, 9), (16, 9), (15, 9), (14, 9), (13, 9), (13, 10), (12, 10), (11, 10), (10, 10), (10, 11), (10, 12), (10, 13), (10, 14), (9, 14), (9, 15), (9, 16), (8, 16), (7, 16), (8, 16), (9, 16), (10, 16), (11, 16), (12, 16), (13, 16), (14, 16), (15, 16), (16, 16), (17, 16), (17, 17), (18, 17), (19, 17), (20, 17), (21, 17), (22, 17), (23, 17), (23, 18), (23, 19), (23, 20), (23, 21), (23, 21)], 1: [(19, 3), (20, 3), (21, 3), (22, 3), (23, 3), (24, 3), (25, 3), (25, 4), (25, 5), (25, 6), (25, 7), (25, 8), (25, 9), (25, 10), (26, 10), (26, 11), (26, 12), (26, 13), (27, 13), (27, 14), (27, 15), (27, 16), (27, 17), (27, 18), (27, 19), (27, 20), (27, 21), (27, 22), (27, 23), (27, 24), (27, 25), (27, 26), (27, 27), (27, 28), (27, 28)], 2: [(2, 26), (2, 27), (1, 27), (0, 27), (0, 28), (0, 29), (0, 30), (0, 31), (0, 30), (0, 29), (0, 28), (0, 27), (0, 26), (0, 25), (0, 24), (0, 23), (1, 23), (1, 22), (2, 22), (3, 22), (4, 22), (5, 22), (6, 22), (7, 22), (8, 22), (9, 22), (10, 22), (11, 22), (12, 22), (11, 22), (10, 22), (10, 21), (10, 20), (10, 19), (10, 18), (10, 17), (10, 16), (10, 15), (10, 14), (10, 13), (10, 12), (9, 12), (9, 11), (9, 10), (9, 9), (10, 9), (11, 9), (11, 10), (12, 10), (13, 10), (14, 10), (15, 10), (16, 10), (16, 11), (17, 11), (18, 11), (19, 11), (19, 12), (20, 12), (21, 12), (22, 12), (23, 12), (24, 12), (25, 12), (26, 12), (26, 13), (26, 14), (26, 14)], 3: [(5, 0), (6, 0), (6, 1), (7, 1), (8, 1), (9, 1), (10, 1), (11, 1), (12, 1), (13, 1), (14, 1), (15, 1), (16, 1), (17, 1), (17, 2), (17, 3), (18, 3), (18, 4), (19, 4), (19, 5), (19, 6), (20, 6), (20, 7), (20, 8), (20, 8)], 4: [(15, 17), (14, 17), (13, 17), (12, 17), (11, 17), (10, 17), (9, 17), (8, 17), (7, 17), (6, 17), (5, 17), (4, 17), (3, 17), (3, 17)], 5: [(12, 19), (12, 18), (12, 17), (12, 16), (12, 15), (12, 14), (12, 13), (13, 13), (14, 13), (14, 12), (14, 11), (15, 11), (16, 11), (17, 11), (18, 11), (18, 10), (19, 10), (20, 10), (21, 10), (22, 10), (23, 10), (24, 10), (25, 10), (26, 10), (27, 10), (28, 10), (28, 9), (28, 8), (28, 7), (28, 6), (28, 5), (29, 5), (30, 5), (31, 5), (30, 5), (29, 5), (29, 4), (29, 4)], 6: [(30, 16), (29, 16), (28, 16), (28, 15), (28, 15)], 7: [(14, 16), (14, 15), (14, 14), (14, 13), (14, 12), (14, 11), (14, 10), (14, 9), (15, 9), (16, 9), (16, 8), (16, 7), (16, 6), (16, 6)], 8: [(27, 4), (26, 4), (25, 4), (25, 5), (24, 5), (23, 5), (23, 6), (22, 6), (21, 6), (20, 6), (19, 6), (18, 6), (17, 6), (17, 7), (16, 7), (16, 8), (16, 9), (15, 9), (15, 10), (15, 11), (15, 12), (15, 12)], 9: [(18, 5), (19, 5), (19, 6), (20, 6), (21, 6), (21, 7), (21, 8), (21, 9), (21, 10), (21, 11), (21, 12), (21, 13), (21, 14), (21, 15), (21, 16), (21, 17), (21, 18), (21, 19), (21, 20), (21, 21), (21, 22), (21, 23), (22, 23), (22, 24), (23, 24), (22, 24), (22, 23), (21, 23), (21, 22), (20, 22), (19, 22), (18, 22), (18, 23), (18, 23)]}, 66)