

CBSS-C STATS
starts:[252, 690, 716, 330, 257]
targets:[674, 73, 619, 887, 266, 21, 911, 81, 953, 439, 116, 679, 195, 940, 568, 343, 763, 269, 498, 743, 976, 202, 564, 578, 449, 278, 642, 1017, 928, 312, 519, 264, 1001, 831, 700, 670, 1000, 649, 235, 102, 563, 281, 1010, 506, 594, 929, 872, 542, 136, 999]
dests:[738, 728, 692, 533, 565]
ac_dict:{674: {0, 1}, 73: {1, 2}, 619: {2, 3}, 887: {3, 4}, 738: {0}, 728: {1}, 692: {2}, 533: {3}, 565: {4}}
clusters:[ 8 19 21  7 26 30 39 18 33 11 29  0  6  5  8  4 31 13  0  2  1 38 14  2
 20 12 16  6  9  7 35 37 10  3 32 34 24  4  3  5 15 27 23 25 17 36  9 22
  1 28]

round: 1
best_g_value: 252.0
open_list_size: 0
num_low_level_expanded: 569
search_success: 1
search_time: 3.951107540000521
n_tsp_call: 1
n_tsp_time: 3.883540226999685
n_roots: 1
num_conflicts: 0
target_assignment: {281: 0, 312: 0, 343: 0, 439: 0, 498: 0, 519: 0, 642: 0, 674: 0, 449: 4, 578: 4, 929: 4, 928: 4, 999: 4, 1000: 4, 1001: 4, 940: 4, 911: 4, 976: 4, 1010: 4, 1017: 4, 953: 4, 594: 1, 563: 1, 564: 1, 506: 1, 542: 1, 670: 1, 700: 1, 763: 1, 619: 2, 202: 2, 73: 2, 269: 2, 264: 3, 266: 3, 235: 3, 81: 3, 21: 3, 116: 3, 278: 3}
cluster_target_selection: {27: 281, 7: 312, 4: 343, 11: 439, 0: 498, 35: 519, 16: 642, 8: 674, 20: 449, 2: 578, 36: 929, 9: 928, 28: 999, 24: 1000, 10: 1001, 5: 940, 39: 911, 1: 976, 23: 1010, 6: 1017, 33: 953, 17: 594, 15: 563, 14: 564, 25: 506, 22: 542, 34: 670, 32: 700, 31: 763, 21: 619, 38: 202, 19: 73, 13: 269, 37: 264, 26: 266, 3: 235, 18: 81, 30: 21, 29: 116, 12: 278}
num_nodes_transformed_graph: 119
agent_paths:({0: [(28, 7), (27, 7), (26, 7), (25, 7), (25, 8), (24, 8), (24, 9), (23, 9), (23, 10), (23, 11), (23, 12), (23, 13), (22, 13), (21, 13), (20, 13), (19, 13), (18, 13), (18, 14), (18, 15), (17, 15), (16, 15), (16, 16), (15, 16), (14, 16), (13, 16), (12, 16), (11, 16), (10, 16), (9, 16), (8, 16), (7, 16), (6, 16), (5, 16), (4, 16), (3, 16), (2, 16), (2, 17), (2, 18), (2, 19), (2, 20), (2, 21), (2, 22), (2, 23), (2, 23)], 1: [(18, 21), (18, 20), (18, 19), (18, 18), (18, 17), (19, 17), (20, 17), (20, 16), (21, 16), (21, 15), (22, 15), (23, 15), (24, 15), (25, 15), (26, 15), (27, 15), (28, 15), (29, 15), (30, 15), (30, 16), (30, 17), (30, 18), (30, 19), (30, 20), (29, 20), (28, 20), (28, 21), (27, 21), (27, 22), (27, 23), (26, 23), (26, 22), (26, 21), (25, 21), (24, 21), (24, 22), (24, 22)], 2: [(12, 22), (11, 22), (11, 21), (11, 20), (11, 19), (10, 19), (10, 18), (10, 17), (10, 16), (10, 15), (10, 14), (10, 13), (10, 12), (10, 11), (10, 10), (10, 9), (10, 8), (10, 7), (10, 6), (10, 5), (10, 4), (9, 4), (9, 3), (9, 2), (10, 2), (11, 2), (12, 2), (13, 2), (13, 3), (13, 4), (13, 5), (13, 6), (13, 7), (13, 8), (13, 9), (14, 9), (15, 9), (16, 9), (17, 9), (18, 9), (19, 9), (19, 10), (19, 11), (19, 12), (19, 13), (19, 14), (19, 15), (19, 16), (20, 16), (20, 17), (20, 18), (20, 19), (20, 20), (20, 21), (20, 21)], 3: [(10, 10), (9, 10), (9, 9), (9, 8), (8, 8), (9, 8), (10, 8), (10, 7), (11, 7), (11, 6), (11, 5), (12, 5), (13, 5), (14, 5), (15, 5), (16, 5), (16, 4), (16, 3), (16, 2), (17, 2), (17, 1), (18, 1), (19, 1), (19, 0), (20, 0), (21, 0), (20, 0), (20, 1), (20, 2), (20, 3), (21, 3), (21, 4), (21, 5), (21, 6), (22, 6), (22, 7), (22, 8), (21, 8), (21, 9), (21, 10), (21, 11), (21, 12), (21, 13), (21, 14), (21, 15), (21, 16), (21, 16)], 4: [(1, 8), (1, 9), (1, 10), (1, 11), (1, 12), (1, 13), (1, 14), (2, 14), (2, 15), (2, 16), (2, 17), (2, 18), (2, 19), (2, 20), (2, 21), (2, 22), (2, 23), (2, 24), (2, 25), (2, 26), (2, 27), (1, 27), (1, 28), (1, 29), (0, 29), (1, 29), (2, 29), (3, 29), (4, 29), (5, 29), (6, 29), (7, 29), (7, 30), (7, 31), (8, 31), (9, 31), (9, 30), (10, 30), (10, 29), (11, 29), (12, 29), (12, 28), (13, 28), (14, 28), (15, 28), (16, 28), (16, 29), (16, 30), (17, 30), (18, 30), (18, 31), (19, 31), (20, 31), (21, 31), (22, 31), (22, 30), (23, 30), (24, 30), (25, 30), (25, 31), (25, 30), (25, 29), (24, 29), (23, 29), (23, 28), (23, 27), (22, 27), (22, 26), (22, 25), (22, 24), (22, 23), (21, 23), (21, 22), (21, 21), (21, 20), (21, 19), (21, 18), (21, 17), (21, 17)]}, 77)