

CBSS-C STATS
starts:[459, 666, 887, 241, 73, 52, 104, 537, 121, 807]
targets:[714, 850, 74, 327, 933, 1007, 723, 586, 523, 985, 490, 949, 695, 832, 352, 710, 398, 112, 472, 219, 498, 579, 147, 458, 777, 5, 643, 304, 406, 693, 118, 948, 487, 559, 670, 80, 468, 521, 869, 539]
dests:[98, 6, 760, 9, 287, 163, 806, 263, 868, 526]
ac_dict:{714: {0, 1}, 850: {1, 2}, 74: {2, 3}, 327: {3, 4}, 933: {4, 5}, 1007: {5, 6}, 723: {6, 7}, 586: {8, 7}, 523: {8, 9}, 98: {0}, 6: {1}, 760: {2}, 9: {3}, 287: {4}, 163: {5}, 806: {6}, 263: {7}, 868: {8}, 526: {9}}
clusters:[14  0 12 27 33  3 19  3 30 13 17  0 22  6 21 34 20  5  1 25  7 24 31 32
 18 15  1 28  4 29 23  2 26  9  2 11  8  4 10 16]

round: 2
best_g_value: 342.0
open_list_size: 1
num_low_level_expanded: 883
search_success: 1
search_time: 39.20939672000168
n_tsp_call: 1
n_tsp_time: 39.03452754099999
n_roots: 1
num_conflicts: 1
target_assignment: {327: 4, 352: 4, 579: 4, 832: 4, 869: 4, 933: 4, 948: 4, 949: 4, 985: 4, 539: 4, 219: 4, 118: 8, 147: 8, 304: 8, 559: 8, 586: 8, 710: 8, 80: 5, 112: 5, 74: 3, 777: 9, 521: 9, 523: 9, 695: 1, 693: 1, 714: 1, 490: 1, 458: 1, 5: 1, 487: 6, 472: 7, 468: 7, 723: 7, 498: 7, 398: 7}
cluster_target_selection: {27: 327, 21: 352, 24: 579, 6: 832, 10: 869, 33: 933, 2: 948, 0: 949, 13: 985, 16: 539, 25: 219, 23: 118, 31: 147, 28: 304, 9: 559, 3: 586, 34: 710, 11: 80, 5: 112, 12: 74, 18: 777, 4: 521, 30: 523, 22: 695, 29: 693, 14: 714, 17: 490, 32: 458, 15: 5, 26: 487, 1: 472, 8: 468, 19: 723, 7: 498, 20: 398}
num_nodes_transformed_graph: 348
agent_paths:({0: [(11, 14), (10, 14), (10, 13), (10, 12), (9, 12), (9, 11), (9, 10), (9, 9), (9, 8), (8, 8), (7, 8), (7, 7), (6, 7), (5, 7), (4, 7), (3, 7), (2, 7), (2, 6), (2, 5), (2, 4), (2, 3), (2, 3)], 1: [(26, 20), (25, 20), (24, 20), (23, 20), (23, 21), (22, 21), (21, 21), (20, 21), (19, 21), (18, 21), (17, 21), (16, 21), (15, 21), (14, 21), (13, 21), (12, 21), (11, 21), (10, 21), (10, 22), (10, 21), (10, 20), (10, 19), (10, 18), (10, 17), (10, 16), (10, 15), (10, 14), (10, 13), (10, 12), (9, 12), (9, 11), (9, 10), (8, 10), (7, 10), (6, 10), (5, 10), (5, 9), (5, 8), (5, 7), (5, 6), (5, 5), (5, 4), (5, 3), (5, 2), (5, 1), (5, 0), (6, 0), (6, 0)], 2: [(23, 27), (23, 26), (23, 25), (23, 24), (24, 24), (24, 23), (24, 23)], 3: [(17, 7), (16, 7), (15, 7), (14, 7), (13, 7), (12, 7), (11, 7), (10, 7), (10, 6), (10, 5), (10, 4), (10, 3), (10, 2), (9, 2), (9, 1), (9, 0), (9, 0)], 4: [(9, 2), (9, 3), (8, 3), (7, 3), (7, 4), (7, 5), (7, 6), (7, 7), (7, 8), (7, 9), (7, 10), (6, 10), (5, 10), (4, 10), (3, 10), (2, 10), (1, 10), (0, 10), (0, 11), (1, 11), (2, 11), (3, 11), (3, 12), (3, 13), (3, 14), (3, 15), (3, 16), (3, 17), (3, 18), (2, 18), (2, 19), (1, 19), (1, 20), (1, 21), (1, 22), (1, 23), (0, 23), (0, 24), (0, 25), (0, 26), (0, 27), (1, 27), (2, 27), (3, 27), (4, 27), (5, 27), (5, 28), (5, 29), (6, 29), (7, 29), (8, 29), (8, 28), (9, 28), (10, 28), (11, 28), (12, 28), (13, 28), (14, 28), (15, 28), (16, 28), (17, 28), (18, 28), (19, 28), (20, 28), (20, 29), (21, 29), (21, 30), (22, 30), (23, 30), (24, 30), (25, 30), (25, 29), (25, 28), (25, 27), (25, 26), (25, 25), (25, 24), (26, 24), (26, 23), (26, 22), (26, 21), (26, 20), (27, 20), (27, 19), (27, 18), (27, 17), (27, 16), (27, 15), (27, 14), (27, 13), (26, 13), (26, 12), (26, 11), (26, 10), (27, 10), (27, 9), (27, 8), (27, 7), (27, 6), (28, 6), (29, 6), (30, 6), (31, 6), (31, 7), (31, 8), (31, 8)], 5: [(20, 1), (19, 1), (18, 1), (17, 1), (16, 1), (16, 2), (16, 3), (16, 4), (16, 5), (15, 5), (14, 5), (13, 5), (12, 5), (11, 5), (10, 5), (10, 4), (9, 4), (8, 4), (7, 4), (6, 4), (5, 4), (4, 4), (3, 4), (3, 5), (3, 5)], 6: [(8, 3), (7, 3), (7, 4), (7, 5), (7, 6), (7, 7), (7, 8), (7, 9), (7, 10), (6, 10), (6, 11), (6, 12), (6, 13), (6, 14), (6, 15), (7, 15), (7, 16), (7, 17), (7, 18), (7, 19), (7, 20), (7, 21), (7, 22), (7, 23), (7, 24), (7, 25), (6, 25), (6, 25)], 7: [(25, 16), (24, 16), (24, 15), (24, 14), (23, 14), (22, 14), (21, 14), (20, 14), (19, 14), (19, 15), (19, 16), (19, 17), (19, 18), (19, 19), (19, 20), (19, 21), (19, 22), (19, 21), (19, 20), (19, 19), (19, 18), (19, 17), (19, 16), (19, 15), (18, 15), (17, 15), (16, 15), (16, 14), (15, 14), (14, 14), (14, 13), (14, 12), (14, 11), (14, 10), (13, 10), (12, 10), (11, 10), (10, 10), (9, 10), (8, 10), (7, 10), (7, 9), (7, 8), (7, 8)], 8: [(25, 3), (24, 3), (23, 3), (22, 3), (21, 3), (20, 3), (19, 3), (19, 4), (18, 4), (17, 4), (16, 4), (16, 5), (16, 6), (16, 7), (16, 8), (16, 9), (16, 10), (16, 11), (16, 12), (16, 13), (16, 14), (16, 15), (16, 16), (15, 16), (15, 17), (14, 17), (13, 17), (12, 17), (11, 17), (10, 17), (10, 18), (9, 18), (8, 18), (7, 18), (7, 19), (6, 19), (6, 20), (6, 21), (6, 22), (5, 22), (4, 22), (4, 23), (4, 24), (4, 25), (4, 26), (4, 27), (4, 27)], 9: [(7, 25), (7, 24), (8, 24), (9, 24), (9, 23), (9, 22), (9, 21), (9, 20), (9, 19), (9, 18), (9, 17), (9, 16), (10, 16), (11, 16), (12, 16), (13, 16), (14, 16), (14, 16)]}, 104)