

CBSS-C STATS
starts:[158, 478, 199, 623, 587, 41, 862, 794, 564, 430]
targets:[376, 462, 717, 528, 791, 292, 403, 212, 473, 244, 32, 874, 318, 171, 119, 465, 667, 993, 225, 62, 757, 897, 984, 370, 493, 151, 594, 864, 913, 317, 549, 1011, 815, 108, 85, 884, 890, 2, 93, 334]
dests:[349, 205, 856, 922, 492, 522, 779, 274, 309, 127]
ac_dict:{376: {0, 1}, 462: {1, 2}, 717: {2, 3}, 528: {3, 4}, 791: {4, 5}, 292: {5, 6}, 403: {6, 7}, 212: {8, 7}, 473: {8, 9}, 349: {0}, 205: {1}, 856: {2}, 922: {3}, 492: {4}, 522: {5}, 779: {6}, 274: {7}, 309: {8}, 127: {9}}
clusters:[ 2 11  0  4 27 34 31 22  1  3 19  8 29  9  4 14  5  7 18 15 17  3 26  6
  0 30  2 10 32 25 33 24 13 21 12  1 20 16 28 23]

round: 2
best_g_value: 306.0
open_list_size: 1
num_low_level_expanded: 975
search_success: 1
search_time: 7.306288961000973
n_tsp_call: 1
n_tsp_time: 7.204305908002425
n_roots: 1
num_conflicts: 1
target_assignment: {318: 0, 317: 0, 815: 3, 913: 3, 1011: 3, 984: 3, 171: 2, 108: 2, 462: 2, 465: 1, 334: 1, 370: 9, 85: 9, 119: 9, 151: 9, 93: 9, 62: 9, 757: 4, 791: 4, 594: 4, 493: 4, 890: 6, 884: 6, 874: 6, 993: 6, 897: 6, 864: 6, 2: 5, 32: 5, 225: 5, 292: 5, 549: 5, 667: 7, 403: 7, 212: 7}
cluster_target_selection: {29: 318, 25: 317, 13: 815, 32: 913, 24: 1011, 26: 984, 9: 171, 21: 108, 11: 462, 14: 465, 23: 334, 6: 370, 12: 85, 4: 119, 30: 151, 28: 93, 15: 62, 17: 757, 27: 791, 2: 594, 0: 493, 20: 890, 1: 884, 8: 874, 7: 993, 3: 897, 10: 864, 16: 2, 19: 32, 18: 225, 34: 292, 33: 549, 5: 667, 31: 403, 22: 212}
num_nodes_transformed_graph: 180
agent_paths:({0: [(30, 4), (30, 5), (30, 6), (30, 7), (30, 8), (30, 9), (29, 9), (29, 10), (29, 10)], 1: [(30, 14), (29, 14), (28, 14), (27, 14), (26, 14), (25, 14), (24, 14), (23, 14), (22, 14), (21, 14), (20, 14), (19, 14), (18, 14), (17, 14), (16, 14), (15, 14), (15, 13), (15, 12), (15, 11), (14, 11), (14, 10), (13, 10), (13, 9), (13, 8), (13, 7), (13, 6), (13, 6)], 2: [(7, 6), (8, 6), (9, 6), (10, 6), (10, 5), (11, 5), (11, 4), (11, 3), (12, 3), (13, 3), (13, 4), (13, 5), (13, 6), (13, 7), (13, 8), (13, 9), (14, 9), (14, 10), (14, 11), (14, 12), (14, 13), (14, 14), (15, 14), (16, 14), (17, 14), (18, 14), (19, 14), (20, 14), (21, 14), (22, 14), (23, 14), (24, 14), (24, 15), (24, 16), (24, 17), (24, 18), (24, 19), (24, 20), (24, 21), (24, 22), (24, 23), (24, 24), (24, 25), (24, 26), (24, 26)], 3: [(15, 19), (15, 20), (15, 21), (15, 22), (15, 23), (15, 24), (15, 25), (16, 25), (17, 25), (17, 26), (17, 27), (17, 28), (18, 28), (19, 28), (19, 29), (19, 30), (19, 31), (19, 30), (20, 30), (21, 30), (22, 30), (23, 30), (24, 30), (24, 29), (24, 28), (25, 28), (26, 28), (26, 28)], 4: [(11, 18), (12, 18), (13, 18), (14, 18), (14, 19), (15, 19), (16, 19), (17, 19), (18, 19), (19, 19), (20, 19), (21, 19), (21, 20), (21, 21), (21, 22), (21, 23), (22, 23), (22, 24), (23, 24), (22, 24), (22, 23), (21, 23), (21, 22), (20, 22), (19, 22), (18, 22), (18, 21), (18, 20), (18, 19), (18, 18), (18, 17), (17, 17), (16, 17), (15, 17), (14, 17), (13, 17), (13, 16), (13, 15), (12, 15), (12, 15)], 5: [(9, 1), (8, 1), (7, 1), (6, 1), (5, 1), (4, 1), (3, 1), (2, 1), (2, 0), (1, 0), (0, 0), (0, 1), (1, 1), (1, 2), (1, 3), (1, 4), (1, 5), (1, 6), (1, 7), (2, 7), (3, 7), (4, 7), (4, 8), (4, 9), (4, 10), (4, 11), (4, 12), (4, 13), (5, 13), (5, 14), (5, 15), (5, 16), (5, 17), (5, 16), (6, 16), (7, 16), (8, 16), (9, 16), (10, 16), (10, 16)], 6: [(30, 26), (29, 26), (29, 27), (28, 27), (27, 27), (26, 27), (25, 27), (24, 27), (23, 27), (22, 27), (21, 27), (20, 27), (19, 27), (18, 27), (17, 27), (16, 27), (15, 27), (14, 27), (13, 27), (12, 27), (11, 27), (10, 27), (9, 27), (8, 27), (8, 28), (7, 28), (6, 28), (5, 28), (4, 28), (4, 29), (3, 29), (2, 29), (1, 29), (1, 30), (1, 31), (1, 30), (1, 29), (1, 28), (0, 28), (0, 27), (0, 26), (0, 25), (1, 25), (2, 25), (3, 25), (4, 25), (5, 25), (6, 25), (7, 25), (7, 24), (8, 24), (9, 24), (10, 24), (11, 24), (11, 24)], 7: [(26, 24), (26, 23), (26, 22), (26, 21), (26, 20), (27, 20), (26, 20), (25, 20), (24, 20), (23, 20), (22, 20), (21, 20), (20, 20), (19, 20), (19, 19), (19, 18), (19, 17), (19, 16), (19, 15), (19, 14), (19, 13), (19, 12), (19, 11), (19, 10), (19, 9), (20, 9), (20, 8), (20, 7), (20, 6), (19, 6), (18, 6), (18, 7), (18, 8), (18, 8)], 8: [(20, 17), (20, 16), (21, 16), (21, 15), (21, 14), (21, 13), (21, 12), (21, 11), (21, 10), (21, 9), (21, 9)], 9: [(14, 13), (14, 12), (14, 11), (15, 11), (16, 11), (17, 11), (18, 11), (18, 10), (18, 9), (18, 8), (18, 7), (18, 6), (18, 5), (18, 4), (18, 3), (19, 3), (20, 3), (20, 2), (21, 2), (22, 2), (23, 2), (23, 3), (23, 4), (23, 3), (24, 3), (25, 3), (26, 3), (27, 3), (27, 2), (28, 2), (29, 2), (29, 1), (30, 1), (30, 2), (31, 2), (31, 3), (31, 3)]}, 53)