

CBSS-C STATS
starts:[971, 35, 793, 549, 783, 984, 320, 561, 506, 715]
targets:[279, 623, 326, 545, 895, 786, 401, 254, 517, 873, 68, 106, 1006, 251, 216, 554, 999, 727, 0, 440, 749, 769, 127, 884, 747, 211, 538, 826, 854, 281, 717, 421, 906, 555, 730, 420, 376, 181, 437, 443]
dests:[355, 284, 735, 41, 867, 743, 379, 278, 426, 311]
ac_dict:{279: {0, 1}, 623: {1, 2}, 326: {2, 3}, 545: {3, 4}, 895: {4, 5}, 786: {5, 6}, 401: {6, 7}, 254: {8, 7}, 517: {8, 9}, 355: {0}, 284: {1}, 735: {2}, 41: {3}, 867: {4}, 743: {5}, 379: {6}, 278: {7}, 426: {8}, 311: {9}}
clusters:[17 20  0  1 19 15 30  2  2 21  4 24 23 14 33 27  3 18 31  0 29  9 16 28
  8 25 10 32 22  1  4 11  6 13  5  7  3 12 26 34]

round: 1
best_g_value: 313.0
open_list_size: 0
num_low_level_expanded: 738
search_success: 1
search_time: 46.12057107399596
n_tsp_call: 1
n_tsp_time: 45.94826672000636
n_roots: 1
num_conflicts: 0
target_assignment: {1006: 0, 906: 0, 873: 0, 420: 0, 401: 6, 376: 6, 895: 5, 826: 5, 854: 5, 884: 5, 786: 5, 749: 5, 747: 5, 769: 4, 421: 3, 326: 3, 727: 2, 623: 2, 730: 2, 538: 7, 443: 7, 254: 7, 127: 7, 216: 7, 0: 1, 68: 1, 106: 1, 211: 1, 181: 1, 279: 1, 281: 1, 251: 1, 554: 9, 555: 9, 437: 9}
cluster_target_selection: {23: 1006, 6: 906, 21: 873, 7: 420, 30: 401, 3: 376, 19: 895, 32: 826, 22: 854, 28: 884, 15: 786, 29: 749, 8: 747, 9: 769, 11: 421, 0: 326, 18: 727, 20: 623, 5: 730, 10: 538, 34: 443, 2: 254, 16: 127, 33: 216, 31: 0, 4: 68, 24: 106, 25: 211, 12: 181, 17: 279, 1: 281, 14: 251, 27: 554, 13: 555, 26: 437}
num_nodes_transformed_graph: 348
agent_paths:({0: [(11, 30), (12, 30), (13, 30), (14, 30), (14, 31), (13, 31), (12, 31), (11, 31), (10, 31), (10, 30), (10, 29), (10, 28), (9, 28), (9, 27), (8, 27), (8, 26), (7, 26), (7, 25), (7, 24), (7, 23), (6, 23), (5, 23), (5, 22), (5, 21), (5, 20), (5, 19), (5, 18), (5, 17), (5, 16), (5, 15), (5, 14), (5, 13), (4, 13), (3, 13), (3, 12), (3, 11), (3, 11)], 1: [(3, 1), (2, 1), (1, 1), (0, 1), (0, 0), (1, 0), (2, 0), (3, 0), (4, 0), (4, 1), (4, 2), (5, 2), (6, 2), (6, 3), (7, 3), (8, 3), (9, 3), (10, 3), (11, 3), (12, 3), (13, 3), (14, 3), (14, 4), (14, 5), (15, 5), (16, 5), (17, 5), (18, 5), (19, 5), (19, 6), (20, 6), (21, 6), (21, 5), (21, 6), (22, 6), (22, 7), (22, 8), (23, 8), (24, 8), (25, 8), (25, 7), (26, 7), (27, 7), (28, 7), (28, 8), (28, 8)], 2: [(25, 24), (24, 24), (24, 23), (24, 22), (23, 22), (23, 21), (22, 21), (21, 21), (20, 21), (19, 21), (18, 21), (17, 21), (16, 21), (15, 21), (15, 20), (15, 19), (16, 19), (17, 19), (18, 19), (19, 19), (20, 19), (21, 19), (22, 19), (23, 19), (24, 19), (25, 19), (25, 20), (26, 20), (26, 21), (26, 22), (27, 22), (28, 22), (29, 22), (30, 22), (31, 22), (31, 22)], 3: [(5, 17), (5, 16), (5, 15), (5, 14), (5, 13), (6, 13), (6, 12), (6, 11), (6, 10), (6, 9), (7, 9), (7, 8), (7, 7), (7, 6), (7, 5), (7, 4), (7, 3), (8, 3), (9, 3), (9, 2), (9, 1), (9, 1)], 4: [(15, 24), (14, 24), (13, 24), (12, 24), (11, 24), (10, 24), (9, 24), (8, 24), (7, 24), (7, 23), (6, 23), (5, 23), (4, 23), (3, 23), (2, 23), (1, 23), (1, 24), (2, 24), (3, 24), (3, 25), (3, 26), (3, 27), (3, 27)], 5: [(24, 30), (24, 29), (24, 28), (24, 27), (25, 27), (26, 27), (27, 27), (28, 27), (29, 27), (30, 27), (31, 27), (30, 27), (29, 27), (28, 27), (27, 27), (26, 27), (26, 26), (26, 25), (25, 25), (24, 25), (23, 25), (22, 25), (22, 26), (22, 27), (21, 27), (20, 27), (19, 27), (18, 27), (18, 26), (18, 25), (18, 24), (17, 24), (16, 24), (15, 24), (14, 24), (13, 24), (13, 23), (12, 23), (11, 23), (10, 23), (9, 23), (8, 23), (7, 23), (7, 23)], 6: [(0, 10), (1, 10), (2, 10), (3, 10), (4, 10), (5, 10), (6, 10), (7, 10), (8, 10), (9, 10), (10, 10), (11, 10), (12, 10), (13, 10), (14, 10), (15, 10), (16, 10), (16, 11), (17, 11), (17, 12), (18, 12), (19, 12), (20, 12), (21, 12), (21, 11), (22, 11), (23, 11), (24, 11), (25, 11), (26, 11), (27, 11), (27, 11)], 7: [(17, 17), (18, 17), (19, 17), (19, 16), (20, 16), (21, 16), (22, 16), (23, 16), (24, 16), (25, 16), (26, 16), (26, 15), (26, 14), (26, 13), (27, 13), (28, 13), (28, 12), (28, 11), (28, 10), (28, 9), (28, 8), (28, 7), (29, 7), (30, 7), (30, 6), (30, 5), (30, 4), (30, 3), (31, 3), (30, 3), (30, 4), (29, 4), (28, 4), (27, 4), (26, 4), (25, 4), (25, 5), (24, 5), (24, 6), (23, 6), (22, 6), (22, 7), (22, 8), (22, 8)], 8: [(26, 15), (25, 15), (24, 15), (23, 15), (22, 15), (21, 15), (21, 14), (20, 14), (19, 14), (18, 14), (17, 14), (16, 14), (15, 14), (14, 14), (13, 14), (12, 14), (11, 14), (10, 14), (10, 13), (10, 13)], 9: [(11, 22), (10, 22), (10, 21), (10, 20), (10, 19), (10, 18), (10, 17), (11, 17), (11, 16), (11, 15), (11, 14), (12, 14), (12, 13), (13, 13), (14, 13), (15, 13), (16, 13), (17, 13), (18, 13), (19, 13), (20, 13), (21, 13), (21, 12), (21, 11), (21, 10), (21, 9), (22, 9), (23, 9), (23, 9)]}, 44)