

CBSS-C STATS
starts:[862, 227, 642, 630, 525, 447, 469, 814, 545, 893]
targets:[661, 387, 434, 457, 101, 736, 459, 830, 36, 861, 740, 405, 708, 606, 685, 396, 1, 677, 220, 547, 769, 730, 214, 518, 233, 763, 1020, 513, 25, 394, 617, 554, 274, 864, 10, 313, 30, 802, 253, 533]
dests:[37, 900, 523, 629, 273, 868, 70, 261, 444, 737]
ac_dict:{661: {0, 1}, 387: {1, 2}, 434: {2, 3}, 457: {3, 4}, 101: {4, 5}, 736: {5, 6}, 459: {6, 7}, 830: {8, 7}, 36: {8, 9}, 37: {0}, 900: {1}, 523: {2}, 629: {3}, 273: {4}, 868: {5}, 70: {6}, 261: {7}, 444: {8}, 737: {9}}
clusters:[21 22 24  3  1  4  2 18 15 12  7  6 13 25  5  8  0 17 31 10 29  2 28 30
 19 11 20 26  4 33  1  0  3  9 32 23 27 14 16 34]

round: 3
best_g_value: 363.0
open_list_size: 2
num_low_level_expanded: 1236
search_success: 1
search_time: 31.103159343998414
n_tsp_call: 1
n_tsp_time: 30.907694689998607
n_roots: 1
num_conflicts: 2
target_assignment: {861: 0, 763: 0, 730: 0, 661: 0, 533: 0, 313: 0, 214: 0, 10: 0, 518: 2, 405: 6, 274: 6, 233: 6, 1020: 9, 864: 9, 769: 9, 434: 3, 685: 7, 554: 7, 394: 7, 606: 5, 617: 5, 677: 5, 708: 5, 740: 5, 513: 8, 36: 8, 25: 8, 30: 8, 220: 8, 253: 8, 830: 8, 396: 4, 387: 1, 547: 1, 802: 1}
cluster_target_selection: {12: 861, 11: 763, 2: 730, 21: 661, 34: 533, 23: 313, 28: 214, 32: 10, 30: 518, 6: 405, 3: 274, 19: 233, 20: 1020, 9: 864, 29: 769, 24: 434, 5: 685, 0: 554, 33: 394, 25: 606, 1: 617, 17: 677, 13: 708, 7: 740, 26: 513, 15: 36, 4: 25, 27: 30, 31: 220, 16: 253, 18: 830, 8: 396, 22: 387, 10: 547, 14: 802}
num_nodes_transformed_graph: 348
agent_paths:({0: [(30, 26), (29, 26), (29, 25), (28, 25), (27, 25), (27, 24), (27, 23), (26, 23), (26, 22), (26, 21), (25, 21), (24, 21), (23, 21), (22, 21), (21, 21), (21, 20), (21, 19), (21, 18), (21, 17), (21, 16), (21, 15), (21, 14), (21, 13), (21, 12), (21, 11), (21, 10), (21, 9), (22, 9), (23, 9), (24, 9), (25, 9), (24, 9), (23, 9), (22, 9), (22, 8), (22, 7), (22, 6), (21, 6), (20, 6), (19, 6), (18, 6), (17, 6), (16, 6), (15, 6), (14, 6), (13, 6), (12, 6), (11, 6), (10, 6), (10, 5), (10, 4), (10, 3), (10, 2), (10, 1), (10, 0), (9, 0), (8, 0), (8, 1), (7, 1), (6, 1), (5, 1), (5, 1)], 1: [(3, 7), (3, 8), (3, 9), (3, 10), (3, 11), (3, 12), (3, 13), (3, 14), (3, 15), (3, 16), (3, 17), (2, 17), (2, 18), (2, 19), (2, 20), (2, 21), (2, 22), (2, 23), (2, 24), (2, 25), (3, 25), (4, 25), (4, 26), (4, 27), (4, 28), (4, 28)], 2: [(2, 20), (2, 19), (2, 18), (2, 17), (2, 16), (3, 16), (4, 16), (5, 16), (6, 16), (7, 16), (8, 16), (9, 16), (10, 16), (11, 16), (11, 16)], 3: [(22, 19), (21, 19), (20, 19), (19, 19), (19, 18), (19, 17), (19, 16), (19, 15), (18, 15), (18, 14), (18, 13), (19, 13), (19, 14), (19, 15), (19, 16), (20, 16), (20, 17), (20, 18), (21, 18), (21, 19), (21, 19)], 4: [(13, 16), (12, 16), (12, 15), (12, 14), (12, 13), (12, 12), (12, 11), (12, 10), (13, 10), (13, 9), (14, 9), (15, 9), (16, 9), (16, 8), (17, 8), (17, 8)], 5: [(31, 13), (31, 14), (30, 14), (30, 15), (30, 16), (30, 17), (30, 18), (29, 18), (28, 18), (27, 18), (26, 18), (25, 18), (24, 18), (23, 18), (22, 18), (21, 18), (20, 18), (19, 18), (18, 18), (18, 19), (17, 19), (16, 19), (15, 19), (14, 19), (13, 19), (12, 19), (11, 19), (10, 19), (9, 19), (8, 19), (7, 19), (6, 19), (5, 19), (5, 20), (5, 21), (5, 22), (4, 22), (4, 23), (4, 24), (4, 25), (4, 26), (4, 27), (4, 27)], 6: [(21, 14), (21, 13), (21, 12), (20, 12), (19, 12), (18, 12), (18, 11), (18, 10), (18, 9), (18, 8), (17, 8), (16, 8), (16, 7), (15, 7), (14, 7), (13, 7), (12, 7), (11, 7), (10, 7), (9, 7), (9, 6), (8, 6), (7, 6), (7, 5), (6, 5), (6, 4), (6, 3), (6, 2), (6, 2)], 7: [(14, 25), (13, 25), (13, 24), (13, 23), (13, 22), (13, 21), (12, 21), (11, 21), (10, 21), (10, 20), (10, 19), (10, 18), (10, 17), (10, 16), (10, 15), (10, 14), (10, 13), (10, 12), (9, 12), (9, 11), (9, 10), (8, 10), (7, 10), (6, 10), (5, 10), (5, 9), (5, 8), (5, 8)], 8: [(1, 17), (1, 16), (1, 15), (1, 14), (1, 13), (1, 12), (1, 11), (1, 10), (1, 9), (1, 8), (1, 7), (1, 6), (1, 5), (1, 4), (1, 3), (1, 2), (1, 1), (2, 1), (3, 1), (4, 1), (5, 1), (6, 1), (7, 1), (8, 1), (9, 1), (10, 1), (11, 1), (12, 1), (13, 1), (14, 1), (15, 1), (16, 1), (17, 1), (18, 1), (19, 1), (19, 0), (20, 0), (21, 0), (22, 0), (23, 0), (24, 0), (25, 0), (24, 0), (24, 1), (24, 2), (25, 2), (25, 3), (26, 3), (27, 3), (27, 2), (27, 1), (27, 0), (28, 0), (29, 0), (30, 0), (29, 0), (28, 0), (28, 1), (28, 2), (28, 3), (28, 4), (28, 5), (28, 6), (29, 6), (29, 7), (29, 8), (29, 9), (29, 10), (29, 11), (29, 12), (29, 13), (29, 14), (29, 15), (29, 16), (29, 17), (29, 18), (29, 19), (29, 20), (29, 21), (29, 22), (30, 22), (30, 23), (30, 24), (30, 25), (29, 25), (29, 24), (29, 23), (29, 22), (29, 21), (29, 20), (29, 19), (29, 18), (29, 17), (29, 16), (28, 16), (28, 15), (28, 14), (28, 13), (28, 13)], 9: [(29, 27), (28, 27), (28, 28), (28, 29), (28, 30), (28, 31), (27, 31), (26, 31), (25, 31), (24, 31), (24, 30), (23, 30), (22, 30), (21, 30), (20, 30), (19, 30), (18, 30), (17, 30), (16, 30), (16, 29), (15, 29), (14, 29), (13, 29), (12, 29), (11, 29), (10, 29), (10, 28), (9, 28), (8, 28), (7, 28), (6, 28), (5, 28), (5, 27), (4, 27), (3, 27), (2, 27), (1, 27), (0, 27), (0, 26), (0, 25), (0, 24), (1, 24), (1, 23), (1, 23)]}, 97)