

CBSS-C STATS
starts:[509, 930, 575, 561, 347]
targets:[969, 893, 963, 191, 814, 276, 482, 479, 765, 104, 471, 879, 193, 889, 324, 295, 683, 598, 5, 769, 581, 447, 799, 626, 404, 843, 559, 993, 532, 131, 584, 898, 181, 494, 503, 244, 752, 803, 672, 719, 778, 219, 110, 953, 811, 266, 332, 991, 954, 573]
dests:[974, 123, 473, 441, 354]
ac_dict:{969: {0, 1}, 893: {1, 2}, 963: {2, 3}, 191: {3, 4}, 974: {0}, 123: {1}, 473: {2}, 441: {3}, 354: {4}}
clusters:[ 2  3 31 13  8 26 24 38 36 16 19  5  9  3 11  4 29 30 10 32 34 33  0 23
  7 39  1 15  5 25 28 14  6  2 27 18  0 17  6 12  8  1 22 35  4  9 37 21
 20  7]

round: 1
best_g_value: 248.0
open_list_size: 0
num_low_level_expanded: 501
search_success: 1
search_time: 25.856390663999264
n_tsp_call: 1
n_tsp_time: 25.73359139999957
n_roots: 1
num_conflicts: 0
target_assignment: {573: 0, 765: 0, 799: 0, 991: 0, 954: 0, 953: 0, 889: 0, 879: 0, 898: 1, 769: 1, 672: 1, 482: 1, 193: 1, 131: 1, 5: 1, 104: 1, 110: 1, 191: 4, 244: 4, 276: 4, 332: 4, 324: 4, 559: 3, 494: 3, 584: 3, 581: 3, 803: 3, 993: 3, 963: 3, 843: 3, 811: 3, 778: 3, 683: 3, 719: 3, 626: 3, 598: 3, 503: 3, 471: 3, 479: 2, 447: 2}
cluster_target_selection: {7: 573, 36: 765, 0: 799, 21: 991, 20: 954, 35: 953, 3: 889, 5: 879, 14: 898, 32: 769, 6: 672, 24: 482, 9: 193, 25: 131, 10: 5, 16: 104, 22: 110, 13: 191, 18: 244, 26: 276, 37: 332, 11: 324, 1: 559, 2: 494, 28: 584, 34: 581, 17: 803, 15: 993, 31: 963, 39: 843, 4: 811, 8: 778, 29: 683, 12: 719, 23: 626, 30: 598, 27: 503, 19: 471, 38: 479, 33: 447}
num_nodes_transformed_graph: 248
agent_paths:({0: [(29, 15), (29, 16), (29, 17), (29, 18), (29, 19), (29, 20), (29, 21), (29, 22), (29, 23), (30, 23), (31, 23), (31, 24), (31, 25), (30, 25), (30, 26), (30, 27), (31, 27), (31, 28), (31, 29), (31, 30), (30, 30), (29, 30), (28, 30), (27, 30), (26, 30), (26, 29), (25, 29), (25, 28), (25, 27), (24, 27), (23, 27), (22, 27), (21, 27), (20, 27), (19, 27), (18, 27), (17, 27), (16, 27), (15, 27), (14, 27), (14, 28), (14, 29), (14, 30), (14, 30)], 1: [(2, 29), (2, 28), (2, 27), (2, 26), (2, 25), (1, 25), (1, 24), (1, 23), (1, 22), (1, 21), (0, 21), (0, 20), (0, 19), (1, 19), (2, 19), (2, 18), (2, 17), (2, 16), (2, 15), (1, 15), (1, 14), (1, 13), (1, 12), (1, 11), (1, 10), (1, 9), (1, 8), (1, 7), (1, 6), (1, 5), (1, 4), (2, 4), (3, 4), (3, 3), (3, 2), (3, 1), (3, 0), (4, 0), (5, 0), (6, 0), (6, 1), (6, 2), (6, 3), (7, 3), (8, 3), (9, 3), (10, 3), (11, 3), (12, 3), (13, 3), (14, 3), (14, 2), (14, 1), (15, 1), (16, 1), (17, 1), (18, 1), (19, 1), (20, 1), (20, 2), (21, 2), (22, 2), (23, 2), (24, 2), (25, 2), (25, 3), (26, 3), (27, 3), (27, 3)], 2: [(31, 17), (30, 17), (30, 16), (30, 15), (30, 14), (31, 14), (31, 13), (31, 14), (30, 14), (29, 14), (28, 14), (27, 14), (26, 14), (25, 14), (25, 14)], 3: [(17, 17), (16, 17), (15, 17), (14, 17), (14, 16), (14, 15), (13, 15), (12, 15), (11, 15), (10, 15), (9, 15), (9, 16), (8, 16), (8, 17), (8, 18), (7, 18), (7, 17), (6, 17), (5, 17), (5, 18), (5, 19), (5, 20), (5, 21), (5, 22), (4, 22), (3, 22), (3, 23), (3, 24), (3, 25), (2, 25), (2, 26), (2, 27), (1, 27), (1, 28), (1, 29), (1, 30), (1, 31), (1, 30), (2, 30), (3, 30), (3, 29), (4, 29), (4, 28), (4, 27), (4, 26), (5, 26), (6, 26), (7, 26), (8, 26), (9, 26), (10, 26), (11, 26), (11, 25), (10, 25), (10, 24), (10, 23), (10, 22), (10, 21), (11, 21), (12, 21), (13, 21), (14, 21), (15, 21), (15, 22), (15, 21), (15, 20), (15, 19), (16, 19), (17, 19), (18, 19), (18, 18), (19, 18), (20, 18), (21, 18), (22, 18), (22, 17), (22, 16), (22, 15), (23, 15), (23, 14), (23, 13), (24, 13), (25, 13), (25, 13)], 4: [(27, 10), (27, 9), (27, 8), (27, 7), (27, 6), (27, 5), (28, 5), (29, 5), (30, 5), (31, 5), (30, 5), (29, 5), (28, 5), (27, 5), (26, 5), (25, 5), (24, 5), (23, 5), (23, 6), (22, 6), (21, 6), (20, 6), (20, 7), (20, 8), (20, 9), (19, 9), (18, 9), (17, 9), (16, 9), (15, 9), (14, 9), (13, 9), (13, 10), (12, 10), (11, 10), (10, 10), (9, 10), (8, 10), (7, 10), (6, 10), (5, 10), (4, 10), (3, 10), (2, 10), (2, 11), (2, 11)]}, 82)