

CBSS-C STATS
starts:[208, 723, 993, 138, 743, 59, 922, 877, 800, 768]
targets:[516, 581, 48, 431, 737, 836, 599, 361, 58, 478, 544, 699, 668, 382, 16]
dests:[267, 630, 363, 609, 23, 868, 421, 938, 342, 51]
ac_dict:{516: {0, 1}, 581: {1, 2}, 48: {2, 3}, 431: {3, 4}, 737: {4, 5}, 836: {5, 6}, 599: {6, 7}, 361: {8, 7}, 58: {8, 9}, 267: {0}, 630: {1}, 363: {2}, 609: {3}, 23: {4}, 868: {5}, 421: {6}, 938: {7}, 342: {8}, 51: {9}}
clusters:[7 8 0 3 4 7 7 6 2 3 1 4 3 9 5]

round: 40
best_g_value: 329.0
open_list_size: 37
num_low_level_expanded: 20832
search_success: 1
search_time: 1.6674178061075509
n_tsp_call: 1
n_tsp_time: 0.7273727869614959
n_roots: 1
num_conflicts: 39
target_assignment: {836: 5, 48: 3, 16: 3, 431: 3, 581: 2, 544: 8, 361: 8, 699: 9, 382: 9, 58: 9}
cluster_target_selection: {7: 836, 0: 48, 5: 16, 3: 431, 8: 581, 1: 544, 6: 361, 4: 699, 9: 382, 2: 58}
num_nodes_transformed_graph: 58
agent_paths:({0: [(16, 6), (15, 6), (14, 6), (13, 6), (12, 6), (11, 6), (11, 7), (11, 8), (11, 8)], 1: [(19, 22), (19, 21), (19, 20), (19, 19), (20, 19), (21, 19), (22, 19), (22, 19)], 2: [(1, 31), (1, 30), (1, 29), (1, 28), (1, 27), (2, 27), (2, 26), (2, 25), (2, 24), (2, 23), (2, 22), (2, 21), (2, 20), (2, 19), (2, 18), (3, 18), (4, 18), (5, 18), (5, 17), (5, 16), (5, 15), (5, 14), (5, 13), (6, 13), (7, 13), (8, 13), (8, 12), (9, 12), (9, 11), (10, 11), (11, 11), (11, 11)], 3: [(10, 4), (10, 3), (10, 2), (10, 1), (11, 1), (12, 1), (13, 1), (14, 1), (15, 1), (16, 1), (16, 0), (16, 1), (16, 2), (16, 3), (16, 4), (16, 5), (16, 6), (16, 7), (16, 8), (16, 9), (15, 9), (15, 10), (15, 11), (15, 12), (15, 13), (14, 13), (13, 13), (12, 13), (12, 14), (11, 14), (10, 14), (9, 14), (9, 15), (9, 16), (8, 16), (7, 16), (6, 16), (5, 16), (4, 16), (3, 16), (2, 16), (2, 17), (2, 18), (2, 19), (1, 19), (1, 19)], 4: [(7, 23), (7, 22), (7, 21), (7, 20), (7, 19), (7, 18), (7, 17), (7, 16), (8, 16), (9, 16), (9, 15), (9, 14), (10, 14), (10, 13), (10, 12), (10, 11), (10, 10), (10, 9), (10, 8), (10, 7), (10, 6), (10, 5), (10, 4), (10, 3), (10, 2), (10, 1), (11, 1), (12, 1), (13, 1), (14, 1), (15, 1), (16, 1), (17, 1), (18, 1), (19, 1), (19, 0), (20, 0), (21, 0), (22, 0), (23, 0), (23, 0)], 5: [(27, 1), (27, 2), (27, 3), (26, 3), (25, 3), (24, 3), (23, 3), (22, 3), (21, 3), (20, 3), (19, 3), (18, 3), (18, 4), (18, 5), (18, 6), (18, 7), (18, 8), (18, 9), (18, 10), (18, 11), (17, 11), (16, 11), (16, 12), (16, 13), (16, 14), (15, 14), (14, 14), (13, 14), (13, 15), (12, 15), (11, 15), (10, 15), (10, 16), (10, 17), (9, 17), (8, 17), (7, 17), (6, 17), (5, 17), (5, 18), (5, 19), (5, 20), (5, 21), (5, 22), (4, 22), (4, 23), (4, 24), (4, 25), (4, 26), (4, 27), (4, 27)], 6: [(26, 28), (25, 28), (24, 28), (23, 28), (23, 27), (22, 27), (21, 27), (20, 27), (19, 27), (18, 27), (17, 27), (16, 27), (15, 27), (14, 27), (13, 27), (12, 27), (11, 27), (10, 27), (9, 27), (8, 27), (8, 26), (7, 26), (7, 25), (7, 24), (7, 23), (6, 23), (5, 23), (5, 22), (5, 21), (5, 20), (5, 19), (5, 18), (5, 17), (5, 16), (5, 15), (5, 14), (5, 13), (5, 13)], 7: [(13, 27), (12, 27), (11, 27), (10, 27), (10, 28), (10, 29), (10, 29)], 8: [(0, 25), (0, 24), (0, 23), (1, 23), (1, 22), (1, 21), (1, 20), (1, 19), (2, 19), (2, 18), (2, 17), (1, 17), (0, 17), (1, 17), (1, 16), (1, 15), (1, 14), (1, 13), (2, 13), (3, 13), (4, 13), (5, 13), (6, 13), (7, 13), (8, 13), (8, 12), (9, 12), (9, 11), (9, 10), (10, 10), (11, 10), (12, 10), (13, 10), (14, 10), (15, 10), (16, 10), (16, 9), (17, 9), (18, 9), (19, 9), (20, 9), (21, 9), (22, 9), (22, 10), (22, 10)], 9: [(0, 24), (0, 23), (1, 23), (1, 22), (2, 22), (3, 22), (4, 22), (5, 22), (5, 21), (6, 21), (7, 21), (8, 21), (9, 21), (10, 21), (11, 21), (12, 21), (13, 21), (14, 21), (15, 21), (16, 21), (17, 21), (18, 21), (19, 21), (20, 21), (21, 21), (22, 21), (23, 21), (24, 21), (25, 21), (26, 21), (27, 21), (27, 20), (27, 19), (27, 18), (27, 17), (27, 16), (27, 15), (27, 14), (27, 13), (28, 13), (28, 12), (28, 11), (29, 11), (30, 11), (29, 11), (28, 11), (27, 11), (27, 10), (27, 9), (27, 8), (27, 7), (27, 6), (27, 5), (27, 4), (27, 3), (27, 2), (27, 1), (26, 1), (27, 1), (27, 2), (27, 3), (26, 3), (25, 3), (24, 3), (23, 3), (22, 3), (21, 3), (20, 3), (20, 2), (20, 1), (19, 1), (19, 1)]}, 70)