

CBSS-C STATS
starts:[441, 835, 566, 351, 900, 586, 174, 709, 848, 8]
targets:[224, 655, 400, 615, 971, 949, 652, 659, 929, 948, 888, 558, 854, 956, 492, 651, 457, 223, 643, 458, 844, 716, 157, 109, 316, 932, 225, 775, 87, 259, 304, 465, 556, 713, 682, 781, 976, 60, 667, 154]
dests:[453, 357, 997, 399, 188, 801, 343, 45, 202, 375]
ac_dict:{224: {0, 1}, 655: {1, 2}, 400: {2, 3}, 615: {3, 4}, 971: {4, 5}, 949: {5, 6}, 652: {6, 7}, 659: {8, 7}, 929: {8, 9}, 453: {0}, 357: {1}, 997: {2}, 399: {3}, 188: {4}, 801: {5}, 343: {6}, 45: {7}, 202: {8}, 375: {9}}
clusters:[ 3  3 11 21  4  4 18 19 33 32  8 22  1 15 13 26  0 14  6 24 30  5 34 20
 25  9  0  2  1 16 29 28 31  2  7 27 17 12 10 23]

round: 3
best_g_value: 339.0
open_list_size: 2
num_low_level_expanded: 1126
search_success: 1
search_time: 33.84664500500003
n_tsp_call: 1
n_tsp_time: 33.64109869399908
n_roots: 1
num_conflicts: 2
target_assignment: {465: 0, 458: 0, 457: 0, 655: 2, 781: 2, 844: 2, 615: 4, 651: 4, 971: 4, 976: 4, 948: 4, 854: 4, 888: 4, 956: 4, 667: 4, 316: 4, 223: 4, 157: 4, 154: 4, 60: 4, 109: 9, 643: 1, 400: 3, 682: 5, 775: 5, 716: 7, 652: 7, 659: 7, 558: 7, 556: 7, 492: 7, 932: 8, 929: 8, 259: 8, 304: 6}
cluster_target_selection: {28: 465, 24: 458, 0: 457, 3: 655, 27: 781, 30: 844, 21: 615, 26: 651, 4: 971, 17: 976, 32: 948, 1: 854, 8: 888, 15: 956, 10: 667, 25: 316, 14: 223, 34: 157, 23: 154, 12: 60, 20: 109, 6: 643, 11: 400, 7: 682, 2: 775, 5: 716, 18: 652, 19: 659, 22: 558, 31: 556, 13: 492, 9: 932, 33: 929, 16: 259, 29: 304}
num_nodes_transformed_graph: 348
agent_paths:({0: [(25, 13), (24, 13), (23, 13), (22, 13), (21, 13), (20, 13), (19, 13), (18, 13), (17, 13), (17, 14), (16, 14), (15, 14), (14, 14), (13, 14), (12, 14), (11, 14), (10, 14), (9, 14), (9, 15), (9, 16), (8, 16), (7, 16), (6, 16), (5, 16), (5, 15), (5, 14), (5, 14)], 1: [(3, 26), (3, 25), (3, 24), (3, 23), (3, 22), (3, 21), (3, 20), (2, 20), (2, 19), (2, 18), (2, 17), (2, 16), (2, 15), (2, 14), (2, 13), (2, 12), (2, 11), (3, 11), (4, 11), (5, 11), (5, 11)], 2: [(22, 17), (21, 17), (20, 17), (19, 17), (18, 17), (17, 17), (16, 17), (16, 18), (16, 19), (15, 19), (15, 20), (15, 21), (14, 21), (13, 21), (13, 22), (13, 23), (13, 24), (12, 24), (12, 25), (12, 26), (11, 26), (10, 26), (9, 26), (8, 26), (7, 26), (6, 26), (5, 26), (5, 27), (5, 28), (5, 29), (5, 30), (5, 31), (5, 31)], 3: [(31, 10), (30, 10), (29, 10), (28, 10), (27, 10), (26, 10), (25, 10), (24, 10), (23, 10), (22, 10), (21, 10), (20, 10), (19, 10), (18, 10), (18, 11), (17, 11), (16, 11), (16, 12), (15, 12), (15, 12)], 4: [(4, 28), (4, 27), (4, 26), (4, 25), (4, 24), (4, 23), (4, 22), (5, 22), (5, 21), (5, 20), (5, 19), (6, 19), (7, 19), (8, 19), (9, 19), (10, 19), (11, 19), (11, 20), (11, 21), (11, 22), (11, 23), (11, 24), (11, 25), (11, 26), (11, 27), (11, 28), (11, 29), (11, 30), (12, 30), (13, 30), (14, 30), (14, 29), (15, 29), (16, 29), (16, 30), (16, 29), (17, 29), (18, 29), (19, 29), (20, 29), (20, 28), (20, 27), (21, 27), (22, 27), (22, 26), (23, 26), (24, 26), (24, 27), (25, 27), (26, 27), (27, 27), (28, 27), (28, 28), (28, 29), (27, 29), (27, 28), (27, 27), (27, 26), (27, 25), (27, 24), (27, 23), (27, 22), (27, 21), (27, 20), (27, 19), (27, 18), (27, 17), (27, 16), (27, 15), (27, 14), (27, 13), (28, 13), (28, 12), (28, 11), (28, 10), (28, 9), (28, 8), (28, 7), (28, 6), (29, 6), (30, 6), (31, 6), (30, 6), (29, 6), (29, 5), (29, 4), (28, 4), (27, 4), (26, 4), (26, 3), (27, 3), (27, 2), (27, 1), (28, 1), (28, 2), (28, 3), (28, 4), (28, 5), (28, 5)], 5: [(10, 18), (10, 19), (10, 20), (10, 21), (9, 21), (8, 21), (7, 21), (7, 22), (7, 23), (7, 24), (7, 25), (6, 25), (5, 25), (4, 25), (3, 25), (2, 25), (1, 25), (1, 25)], 6: [(14, 5), (15, 5), (16, 5), (16, 6), (16, 7), (16, 8), (16, 9), (17, 9), (18, 9), (19, 9), (20, 9), (21, 9), (22, 9), (23, 9), (23, 10), (23, 10)], 7: [(5, 22), (6, 22), (7, 22), (8, 22), (9, 22), (10, 22), (11, 22), (12, 22), (12, 21), (12, 20), (13, 20), (14, 20), (15, 20), (16, 20), (17, 20), (18, 20), (19, 20), (18, 20), (17, 20), (16, 20), (15, 20), (14, 20), (14, 19), (14, 18), (14, 17), (13, 17), (12, 17), (12, 16), (12, 15), (12, 14), (12, 13), (12, 12), (12, 11), (12, 10), (13, 10), (13, 9), (13, 8), (13, 7), (13, 6), (13, 5), (13, 4), (13, 3), (13, 2), (13, 1), (13, 1)], 8: [(16, 26), (15, 26), (15, 27), (14, 27), (13, 27), (12, 27), (11, 27), (10, 27), (9, 27), (8, 27), (8, 28), (7, 28), (6, 28), (5, 28), (4, 28), (4, 29), (3, 29), (2, 29), (1, 29), (1, 28), (1, 27), (2, 27), (2, 26), (2, 25), (2, 24), (2, 23), (2, 22), (2, 21), (2, 20), (2, 19), (2, 18), (2, 17), (2, 16), (2, 15), (2, 14), (2, 13), (2, 12), (2, 11), (2, 10), (2, 9), (3, 9), (3, 8), (3, 7), (4, 7), (5, 7), (6, 7), (7, 7), (7, 6), (8, 6), (9, 6), (10, 6), (10, 6)], 9: [(8, 0), (9, 0), (10, 0), (11, 0), (12, 0), (13, 0), (13, 1), (13, 2), (13, 3), (14, 3), (14, 4), (14, 5), (15, 5), (16, 5), (17, 5), (18, 5), (19, 5), (19, 6), (20, 6), (21, 6), (22, 6), (22, 7), (22, 8), (22, 9), (22, 10), (22, 11), (23, 11), (23, 11)]}, 97)