

CBSS-C STATS
starts:[469, 429, 52, 243, 1014]
targets:[862, 80, 864, 210, 355, 932, 21, 973, 626, 514, 905, 675, 924, 974, 962, 49, 981, 610, 341, 0, 30, 387, 261, 684, 583, 20, 855, 73, 642, 979, 942, 772, 325, 343, 203, 320, 602, 805, 1008, 174, 563, 762, 129, 1, 177, 844, 629, 856, 251, 403]
dests:[116, 771, 220, 858, 333]
ac_dict:{862: {0, 1}, 80: {1, 2}, 864: {2, 3}, 210: {3, 4}, 116: {0}, 771: {1}, 220: {2}, 858: {3}, 333: {4}}
clusters:[13  4 20 19  6  2 12 34 17 39 10  3  2 37 22  8 38 35 23 14  9  3 24 21
 33 18  0 32 15 28 11  1 25  7 16  7  0 26  5  5 36 31  8 30  9 27  6 29
  1  4]

round: 1
best_g_value: 262.0
open_list_size: 0
num_low_level_expanded: 611
search_success: 1
search_time: 8.142109959999289
n_tsp_call: 1
n_tsp_time: 8.074488713000392
n_roots: 1
num_conflicts: 0
target_assignment: {341: 0, 981: 4, 979: 4, 626: 4, 563: 4, 403: 4, 20: 2, 21: 2, 210: 3, 177: 3, 174: 3, 203: 3, 73: 3, 514: 3, 610: 3, 642: 3, 864: 3, 962: 3, 932: 3, 905: 3, 973: 3, 974: 3, 942: 3, 855: 3, 856: 3, 325: 1, 261: 1, 129: 1, 0: 1, 1: 1, 320: 1, 355: 1, 387: 1, 583: 1, 684: 1, 762: 1, 862: 1, 844: 1, 805: 1, 772: 1}
cluster_target_selection: {23: 341, 38: 981, 28: 979, 17: 626, 36: 563, 4: 403, 18: 20, 12: 21, 19: 210, 9: 177, 5: 174, 16: 203, 32: 73, 39: 514, 35: 610, 15: 642, 20: 864, 22: 962, 2: 932, 10: 905, 34: 973, 37: 974, 11: 942, 0: 855, 29: 856, 25: 325, 24: 261, 8: 129, 14: 0, 30: 1, 7: 320, 6: 355, 3: 387, 33: 583, 21: 684, 31: 762, 13: 862, 27: 844, 26: 805, 1: 772}
num_nodes_transformed_graph: 124
agent_paths:({0: [(21, 14), (21, 13), (21, 12), (21, 11), (21, 10), (21, 9), (21, 8), (21, 7), (21, 6), (21, 5), (21, 4), (20, 4), (20, 3), (20, 3)], 1: [(13, 13), (12, 13), (12, 12), (12, 11), (11, 11), (10, 11), (9, 11), (9, 10), (8, 10), (7, 10), (6, 10), (5, 10), (5, 9), (5, 8), (4, 8), (3, 8), (3, 7), (2, 7), (1, 7), (1, 6), (1, 5), (1, 4), (1, 3), (0, 3), (0, 2), (0, 1), (0, 0), (1, 0), (1, 1), (1, 2), (1, 3), (1, 4), (1, 5), (1, 6), (1, 7), (0, 7), (0, 8), (0, 9), (0, 10), (1, 10), (2, 10), (3, 10), (3, 11), (3, 12), (4, 12), (4, 13), (5, 13), (6, 13), (6, 14), (6, 15), (7, 15), (7, 16), (7, 17), (7, 18), (8, 18), (9, 18), (10, 18), (11, 18), (12, 18), (12, 19), (12, 20), (12, 21), (13, 21), (14, 21), (15, 21), (16, 21), (17, 21), (18, 21), (19, 21), (20, 21), (21, 21), (22, 21), (23, 21), (24, 21), (25, 21), (26, 21), (26, 22), (26, 23), (27, 23), (27, 24), (28, 24), (29, 24), (30, 24), (30, 25), (30, 26), (29, 26), (29, 25), (28, 25), (27, 25), (26, 25), (25, 25), (24, 25), (23, 25), (22, 25), (21, 25), (20, 25), (19, 25), (18, 25), (17, 25), (16, 25), (15, 25), (14, 25), (13, 25), (12, 25), (12, 26), (11, 26), (10, 26), (9, 26), (8, 26), (7, 26), (6, 26), (5, 26), (5, 25), (4, 25), (4, 24), (3, 24), (3, 24)], 2: [(20, 1), (20, 0), (21, 0), (22, 0), (23, 0), (24, 0), (24, 1), (24, 2), (25, 2), (25, 3), (26, 3), (27, 3), (28, 3), (28, 4), (28, 5), (28, 6), (28, 6)], 3: [(19, 7), (18, 7), (18, 6), (17, 6), (17, 5), (16, 5), (15, 5), (14, 5), (13, 5), (12, 5), (11, 5), (11, 6), (10, 6), (10, 5), (10, 4), (9, 4), (9, 3), (9, 2), (9, 3), (8, 3), (7, 3), (6, 3), (5, 3), (4, 3), (3, 3), (3, 4), (3, 5), (3, 6), (3, 7), (3, 8), (3, 9), (2, 9), (2, 10), (2, 11), (2, 12), (2, 13), (2, 14), (2, 15), (2, 16), (2, 17), (2, 18), (2, 19), (2, 20), (1, 20), (1, 21), (1, 22), (1, 23), (0, 23), (0, 24), (0, 25), (0, 26), (0, 27), (1, 27), (2, 27), (2, 28), (2, 29), (2, 30), (2, 29), (3, 29), (4, 29), (4, 28), (5, 28), (6, 28), (7, 28), (8, 28), (9, 28), (10, 28), (11, 28), (12, 28), (13, 28), (13, 29), (13, 30), (14, 30), (14, 29), (14, 28), (14, 27), (15, 27), (16, 27), (17, 27), (18, 27), (19, 27), (20, 27), (21, 27), (22, 27), (22, 26), (23, 26), (24, 26), (25, 26), (26, 26), (26, 26)], 4: [(22, 31), (21, 31), (21, 30), (20, 30), (19, 30), (18, 30), (18, 29), (18, 28), (18, 27), (18, 26), (18, 25), (18, 24), (18, 23), (18, 22), (18, 21), (18, 20), (18, 19), (18, 18), (18, 17), (19, 17), (19, 16), (19, 15), (19, 14), (19, 13), (19, 12), (18, 12), (17, 12), (16, 12), (15, 12), (14, 12), (14, 11), (14, 10), (13, 10), (13, 10)]}, 115)