

CBSS-C STATS
starts:[328, 802, 265, 544, 321, 1011, 435, 936, 735, 385]
targets:[973, 475, 317, 22, 290, 532, 11, 516, 552, 631, 965, 388, 344, 991, 660]
dests:[496, 55, 765, 14, 988, 459, 498, 612, 254, 640]
ac_dict:{973: {0, 1}, 475: {1, 2}, 317: {2, 3}, 22: {3, 4}, 290: {4, 5}, 532: {5, 6}, 11: {6, 7}, 516: {8, 7}, 552: {8, 9}, 496: {0}, 55: {1}, 765: {2}, 14: {3}, 988: {4}, 459: {5}, 498: {6}, 612: {7}, 254: {8}, 640: {9}}
clusters:[8 7 6 6 1 0 3 5 6 2 4 4 9 1 4]

round: 5
best_g_value: 308.0
open_list_size: 4
num_low_level_expanded: 2141
search_success: 1
search_time: 0.4934497191570699
n_tsp_call: 1
n_tsp_time: 0.3906555459834635
n_roots: 1
num_conflicts: 4
target_assignment: {11: 7, 516: 7, 532: 5, 290: 4, 631: 4, 965: 1, 973: 1, 344: 2, 317: 2, 475: 2}
cluster_target_selection: {3: 11, 5: 516, 0: 532, 1: 290, 2: 631, 4: 965, 8: 973, 9: 344, 6: 317, 7: 475}
num_nodes_transformed_graph: 57
agent_paths:({0: [(8, 10), (9, 10), (10, 10), (11, 10), (12, 10), (13, 10), (14, 10), (15, 10), (16, 10), (16, 11), (16, 12), (16, 13), (16, 14), (16, 15), (16, 15)], 1: [(2, 25), (3, 25), (4, 25), (5, 25), (5, 26), (5, 27), (5, 28), (5, 29), (5, 30), (6, 30), (7, 30), (8, 30), (9, 30), (10, 30), (11, 30), (12, 30), (13, 30), (13, 29), (13, 28), (13, 27), (13, 26), (13, 25), (13, 24), (13, 23), (13, 22), (13, 21), (13, 20), (13, 19), (13, 18), (13, 17), (13, 16), (13, 15), (13, 14), (13, 13), (14, 13), (14, 12), (14, 11), (14, 10), (14, 9), (15, 9), (16, 9), (16, 8), (16, 7), (16, 6), (16, 5), (16, 4), (16, 3), (17, 3), (18, 3), (19, 3), (20, 3), (20, 2), (21, 2), (22, 2), (22, 1), (23, 1), (23, 1)], 2: [(9, 8), (10, 8), (11, 8), (11, 9), (11, 10), (12, 10), (13, 10), (14, 10), (15, 10), (16, 10), (16, 9), (17, 9), (18, 9), (19, 9), (20, 9), (21, 9), (22, 9), (23, 9), (24, 9), (24, 10), (25, 10), (26, 10), (27, 10), (27, 9), (28, 9), (29, 9), (28, 9), (28, 10), (28, 11), (28, 12), (28, 13), (27, 13), (27, 14), (28, 14), (29, 14), (29, 15), (29, 16), (29, 17), (29, 18), (29, 19), (29, 20), (29, 21), (29, 22), (29, 23), (29, 23)], 3: [(0, 17), (1, 17), (1, 16), (2, 16), (2, 15), (2, 14), (2, 13), (2, 12), (2, 11), (2, 10), (2, 9), (3, 9), (3, 8), (3, 7), (3, 6), (3, 5), (3, 4), (3, 3), (3, 2), (3, 1), (4, 1), (5, 1), (6, 1), (7, 1), (8, 1), (8, 0), (9, 0), (10, 0), (11, 0), (12, 0), (13, 0), (14, 0), (14, 0)], 4: [(1, 10), (1, 9), (2, 9), (3, 9), (4, 9), (5, 9), (6, 9), (7, 9), (7, 10), (8, 10), (9, 10), (10, 10), (11, 10), (12, 10), (13, 10), (14, 10), (15, 10), (16, 10), (16, 11), (17, 11), (18, 11), (19, 11), (19, 12), (20, 12), (21, 12), (22, 12), (23, 12), (23, 13), (23, 14), (23, 15), (23, 16), (23, 17), (23, 18), (23, 19), (24, 19), (25, 19), (25, 20), (26, 20), (27, 20), (27, 21), (27, 22), (27, 23), (27, 24), (27, 25), (27, 26), (27, 27), (28, 27), (28, 28), (28, 29), (28, 30), (28, 30)], 5: [(19, 31), (19, 30), (19, 29), (19, 28), (19, 27), (19, 26), (19, 25), (19, 24), (19, 23), (19, 22), (19, 21), (19, 20), (19, 19), (19, 18), (19, 17), (19, 16), (20, 16), (19, 16), (19, 15), (19, 14), (18, 14), (17, 14), (16, 14), (15, 14), (14, 14), (13, 14), (12, 14), (11, 14), (11, 14)], 6: [(19, 13), (18, 13), (18, 14), (18, 15), (18, 15)], 7: [(8, 29), (8, 28), (8, 27), (8, 26), (8, 25), (8, 24), (8, 23), (8, 22), (8, 21), (8, 20), (8, 19), (8, 18), (8, 17), (8, 16), (9, 16), (9, 15), (9, 14), (10, 14), (10, 13), (10, 12), (10, 11), (10, 10), (10, 9), (10, 8), (10, 7), (10, 6), (10, 5), (10, 4), (10, 3), (10, 2), (10, 1), (10, 0), (11, 0), (10, 0), (9, 0), (9, 1), (9, 2), (9, 3), (8, 3), (7, 3), (7, 4), (7, 5), (7, 6), (7, 7), (7, 8), (7, 9), (6, 9), (6, 10), (6, 11), (6, 12), (6, 13), (5, 13), (5, 14), (5, 15), (4, 15), (4, 16), (4, 17), (4, 18), (4, 19), (4, 19)], 8: [(31, 22), (30, 22), (29, 22), (29, 21), (29, 20), (29, 19), (29, 18), (29, 17), (29, 16), (29, 15), (29, 14), (29, 13), (29, 12), (29, 11), (29, 10), (29, 9), (29, 8), (29, 7), (30, 7), (30, 7)], 9: [(1, 12), (1, 13), (1, 14), (1, 15), (1, 16), (1, 17), (2, 17), (2, 18), (2, 19), (1, 19), (0, 19), (0, 20), (0, 20)]}, 58)