

CBSS-C STATS
starts:[280, 463, 839, 978, 362, 698, 81, 30, 949, 869]
targets:[575, 687, 555, 466, 480, 245, 61, 751, 318, 23, 381, 559, 602, 913, 12, 115, 962, 1010, 542, 624, 670, 525, 872, 642, 684, 167, 87, 892, 893, 222, 990, 21, 119, 514, 70, 890, 864, 324, 386, 776]
dests:[780, 432, 743, 584, 441, 263, 328, 148, 3, 15]
ac_dict:{575: {0, 1}, 687: {1, 2}, 555: {2, 3}, 466: {3, 4}, 480: {4, 5}, 245: {5, 6}, 61: {6, 7}, 751: {8, 7}, 318: {8, 9}, 780: {0}, 432: {1}, 743: {2}, 584: {3}, 441: {4}, 263: {5}, 328: {6}, 148: {7}, 3: {8}, 15: {9}}
clusters:[24 15 12 22  2 20 30  8  9 32 25 29 11 16 26  3  6 23 17 28 19  4  5 14
  0  2  4 13 18  7 21  1 31 10 33  1  0  3 27 34]

round: 6
best_g_value: 328.0
open_list_size: 5
num_low_level_expanded: 1888
search_success: 1
search_time: 199.90149856599965
n_tsp_call: 42
n_tsp_time: 193.91843771998538
n_roots: 1
num_conflicts: 5
target_assignment: {542: 0, 575: 0, 670: 0, 990: 0, 893: 0, 892: 0, 61: 7, 119: 7, 466: 4, 913: 8, 751: 8, 624: 8, 602: 8, 381: 8, 318: 8, 222: 8, 87: 8, 23: 8, 21: 8, 70: 8, 559: 5, 872: 2, 776: 2, 962: 9, 642: 9, 514: 9, 386: 9, 167: 9, 12: 9, 1010: 3, 684: 3, 555: 3, 115: 6, 245: 6, 687: 1}
cluster_target_selection: {17: 542, 24: 575, 19: 670, 21: 990, 18: 893, 13: 892, 30: 61, 31: 119, 22: 466, 16: 913, 8: 751, 28: 624, 11: 602, 25: 381, 9: 318, 7: 222, 4: 87, 32: 23, 1: 21, 33: 70, 29: 559, 5: 872, 34: 776, 6: 962, 14: 642, 10: 514, 27: 386, 2: 167, 26: 12, 23: 1010, 0: 684, 12: 555, 3: 115, 20: 245, 15: 687}
num_nodes_transformed_graph: 182
agent_paths:({0: [(24, 8), (25, 8), (25, 9), (25, 10), (26, 10), (27, 10), (28, 10), (29, 10), (29, 11), (29, 12), (29, 13), (29, 14), (30, 14), (30, 15), (30, 16), (30, 17), (31, 17), (30, 17), (30, 18), (30, 19), (30, 20), (29, 20), (29, 21), (29, 22), (30, 22), (30, 23), (30, 24), (30, 25), (30, 26), (30, 27), (30, 28), (30, 29), (30, 30), (29, 30), (29, 29), (29, 28), (29, 27), (28, 27), (27, 27), (26, 27), (25, 27), (24, 27), (23, 27), (22, 27), (21, 27), (20, 27), (19, 27), (18, 27), (17, 27), (16, 27), (15, 27), (14, 27), (13, 27), (12, 27), (12, 26), (12, 25), (12, 24), (12, 24)], 1: [(15, 14), (14, 14), (14, 15), (14, 16), (14, 17), (14, 18), (14, 19), (15, 19), (15, 20), (15, 21), (15, 20), (15, 19), (15, 19), (16, 19), (16, 18), (16, 17), (16, 16), (16, 15), (16, 14), (16, 13), (16, 13)], 2: [(7, 26), (8, 26), (8, 27), (8, 26), (8, 25), (8, 24), (7, 24), (7, 23), (7, 23)], 3: [(18, 30), (18, 31), (17, 31), (16, 31), (15, 31), (14, 31), (13, 31), (12, 31), (12, 30), (12, 29), (12, 28), (12, 27), (12, 26), (12, 25), (12, 24), (12, 23), (12, 22), (12, 21), (11, 21), (11, 20), (11, 19), (11, 18), (11, 17), (10, 17), (9, 17), (8, 17), (8, 18), (8, 18)], 4: [(10, 11), (11, 11), (12, 11), (12, 12), (12, 13), (13, 13), (14, 13), (15, 13), (16, 13), (17, 13), (18, 13), (18, 14), (18, 13), (19, 13), (20, 13), (21, 13), (22, 13), (23, 13), (24, 13), (25, 13), (25, 13)], 5: [(26, 21), (25, 21), (24, 21), (23, 21), (22, 21), (21, 21), (20, 21), (19, 21), (18, 21), (17, 21), (16, 21), (16, 20), (16, 19), (16, 18), (16, 17), (15, 17), (14, 17), (13, 17), (12, 17), (11, 17), (10, 17), (10, 16), (10, 15), (10, 14), (10, 13), (10, 12), (9, 12), (9, 11), (9, 10), (9, 9), (9, 8), (8, 8), (7, 8), (7, 8)], 6: [(17, 2), (17, 3), (18, 3), (19, 3), (20, 3), (21, 3), (21, 4), (21, 5), (21, 6), (21, 7), (20, 7), (19, 7), (18, 7), (17, 7), (16, 7), (15, 7), (14, 7), (13, 7), (12, 7), (11, 7), (10, 7), (9, 7), (9, 8), (9, 9), (9, 10), (8, 10), (8, 10)], 7: [(30, 0), (29, 0), (29, 1), (28, 1), (27, 1), (27, 2), (27, 3), (26, 3), (25, 3), (24, 3), (23, 3), (22, 3), (21, 3), (20, 3), (20, 4), (20, 4)], 8: [(21, 29), (20, 29), (19, 29), (18, 29), (17, 29), (17, 28), (16, 28), (15, 28), (15, 27), (15, 26), (15, 25), (15, 24), (15, 23), (15, 22), (15, 21), (15, 20), (15, 19), (16, 19), (17, 19), (18, 19), (18, 18), (19, 18), (20, 18), (21, 18), (22, 18), (23, 18), (24, 18), (25, 18), (26, 18), (26, 17), (26, 16), (26, 15), (26, 14), (26, 13), (26, 12), (26, 11), (27, 11), (28, 11), (29, 11), (29, 10), (29, 9), (30, 9), (30, 8), (30, 7), (30, 6), (29, 6), (28, 6), (27, 6), (26, 6), (25, 6), (24, 6), (23, 6), (23, 5), (23, 4), (23, 3), (23, 2), (23, 1), (23, 0), (22, 0), (21, 0), (20, 0), (19, 0), (19, 1), (18, 1), (17, 1), (16, 1), (15, 1), (14, 1), (13, 1), (12, 1), (11, 1), (10, 1), (9, 1), (8, 1), (7, 1), (6, 1), (6, 2), (5, 2), (4, 2), (3, 2), (3, 1), (3, 0), (3, 0)], 9: [(5, 27), (4, 27), (3, 27), (2, 27), (2, 28), (2, 29), (2, 30), (2, 29), (2, 28), (2, 27), (2, 26), (2, 25), (2, 24), (2, 23), (2, 22), (2, 21), (2, 20), (2, 19), (2, 18), (2, 17), (2, 16), (2, 15), (2, 14), (2, 13), (2, 12), (2, 11), (2, 10), (2, 9), (3, 9), (3, 8), (3, 7), (3, 6), (3, 5), (4, 5), (5, 5), (6, 5), (7, 5), (7, 4), (7, 3), (8, 3), (9, 3), (9, 2), (9, 1), (9, 0), (10, 0), (11, 0), (12, 0), (13, 0), (14, 0), (15, 0), (15, 0)]}, 81)