

CBSS-C STATS
starts:[787, 390, 891, 809, 697, 193, 734, 895, 942, 798]
targets:[110, 811, 311, 946, 449, 959, 728, 138, 518, 768, 273, 659, 760, 284, 1016, 1021, 315, 62, 780, 41, 553, 957, 933, 836, 898, 924, 683, 130, 224, 155, 36, 392, 581, 818, 503, 901, 938, 679, 316, 993]
dests:[164, 238, 240, 660, 823, 859, 401, 353, 148, 1008]
ac_dict:{110: {0, 1}, 811: {1, 2}, 311: {2, 3}, 946: {3, 4}, 449: {4, 5}, 959: {5, 6}, 728: {6, 7}, 138: {8, 7}, 518: {8, 9}, 164: {0}, 238: {1}, 240: {2}, 660: {3}, 823: {4}, 859: {5}, 401: {6}, 353: {7}, 148: {8}, 1008: {9}}
clusters:[24  5 34  2 20 14 27  1  0  1  8  9 18 12 33 28  0 17 25  3 29 30 21 11
  7 22  4 31 32  6 10 23 13 26 19  4 16  3  2 15]

round: 2
best_g_value: 369.0
open_list_size: 1
num_low_level_expanded: 1242
search_success: 1
search_time: 70.24926858199979
n_tsp_call: 1
n_tsp_time: 70.05668782800058
n_roots: 1
num_conflicts: 1
target_assignment: {659: 0, 110: 0, 41: 0, 36: 0, 130: 0, 392: 1, 728: 7, 683: 7, 553: 7, 581: 7, 818: 2, 811: 2, 503: 2, 311: 2, 273: 2, 62: 6, 155: 6, 284: 6, 316: 6, 315: 6, 760: 4, 224: 5, 449: 5, 768: 5, 836: 5, 898: 5, 993: 5, 933: 5, 938: 5, 959: 5, 924: 5, 957: 9, 1021: 9, 1016: 9, 780: 3}
cluster_target_selection: {9: 659, 24: 110, 3: 41, 10: 36, 31: 130, 23: 392, 27: 728, 4: 683, 29: 553, 13: 581, 26: 818, 5: 811, 19: 503, 34: 311, 8: 273, 17: 62, 6: 155, 12: 284, 2: 316, 0: 315, 18: 760, 32: 224, 20: 449, 1: 768, 11: 836, 7: 898, 15: 993, 21: 933, 16: 938, 14: 959, 22: 924, 30: 957, 28: 1021, 33: 1016, 25: 780}
num_nodes_transformed_graph: 348
agent_paths:({0: [(19, 24), (19, 23), (19, 22), (19, 21), (19, 20), (18, 20), (17, 20), (16, 20), (16, 19), (16, 18), (16, 17), (16, 16), (16, 15), (16, 14), (16, 13), (16, 12), (16, 11), (16, 10), (16, 9), (16, 8), (16, 7), (15, 7), (15, 6), (14, 6), (14, 5), (14, 4), (14, 3), (13, 3), (12, 3), (11, 3), (10, 3), (9, 3), (9, 2), (9, 1), (8, 1), (7, 1), (6, 1), (5, 1), (4, 1), (3, 1), (2, 1), (2, 2), (2, 3), (2, 4), (3, 4), (4, 4), (4, 5), (4, 5)], 1: [(6, 12), (6, 13), (7, 13), (8, 13), (8, 12), (9, 12), (9, 11), (9, 10), (9, 9), (9, 8), (9, 7), (10, 7), (11, 7), (12, 7), (13, 7), (14, 7), (14, 7)], 2: [(27, 27), (26, 27), (25, 27), (24, 27), (23, 27), (22, 27), (21, 27), (20, 27), (19, 27), (18, 27), (18, 26), (18, 25), (17, 25), (16, 25), (15, 25), (14, 25), (13, 25), (12, 25), (11, 25), (11, 24), (11, 23), (11, 22), (11, 21), (11, 20), (11, 19), (11, 18), (11, 17), (12, 17), (13, 17), (14, 17), (15, 17), (16, 17), (17, 17), (18, 17), (19, 17), (19, 16), (20, 16), (21, 16), (21, 15), (22, 15), (23, 15), (23, 14), (23, 13), (23, 12), (23, 11), (23, 10), (23, 9), (22, 9), (21, 9), (20, 9), (19, 9), (18, 9), (17, 9), (17, 8), (16, 8), (16, 7), (16, 7)], 3: [(9, 25), (9, 24), (10, 24), (11, 24), (12, 24), (12, 23), (12, 22), (12, 21), (12, 20), (13, 20), (14, 20), (15, 20), (16, 20), (17, 20), (18, 20), (19, 20), (20, 20), (20, 20)], 4: [(25, 21), (24, 21), (24, 22), (24, 23), (24, 24), (23, 24), (23, 25), (23, 25)], 5: [(1, 6), (1, 7), (0, 7), (1, 7), (1, 8), (1, 9), (1, 10), (1, 11), (1, 12), (1, 13), (1, 14), (1, 15), (1, 16), (1, 17), (2, 17), (2, 18), (2, 19), (1, 19), (1, 20), (1, 21), (1, 22), (1, 23), (0, 23), (0, 24), (1, 24), (2, 24), (3, 24), (4, 24), (4, 25), (4, 26), (3, 26), (2, 26), (2, 27), (2, 28), (1, 28), (1, 29), (1, 30), (1, 31), (1, 30), (1, 29), (2, 29), (3, 29), (4, 29), (5, 29), (6, 29), (7, 29), (8, 29), (8, 28), (9, 28), (10, 28), (10, 29), (11, 29), (12, 29), (13, 29), (14, 29), (15, 29), (16, 29), (17, 29), (18, 29), (19, 29), (20, 29), (21, 29), (21, 30), (22, 30), (23, 30), (23, 29), (24, 29), (25, 29), (26, 29), (27, 29), (28, 29), (29, 29), (30, 29), (31, 29), (30, 29), (29, 29), (28, 29), (28, 28), (27, 28), (27, 27), (27, 26), (27, 26)], 6: [(30, 22), (29, 22), (29, 21), (29, 20), (29, 19), (29, 18), (29, 17), (29, 16), (29, 15), (29, 14), (29, 13), (29, 12), (29, 11), (29, 10), (29, 9), (29, 8), (29, 7), (29, 6), (29, 5), (29, 4), (30, 4), (30, 3), (30, 2), (30, 1), (29, 1), (28, 1), (27, 1), (27, 2), (27, 3), (27, 4), (28, 4), (28, 5), (28, 6), (28, 7), (28, 8), (28, 9), (27, 9), (27, 10), (26, 10), (25, 10), (24, 10), (23, 10), (22, 10), (21, 10), (20, 10), (19, 10), (18, 10), (18, 11), (17, 11), (17, 12), (17, 12)], 7: [(31, 27), (30, 27), (29, 27), (28, 27), (27, 27), (26, 27), (25, 27), (24, 27), (24, 26), (24, 25), (24, 24), (24, 23), (24, 22), (23, 22), (23, 21), (22, 21), (21, 21), (20, 21), (19, 21), (18, 21), (17, 21), (16, 21), (15, 21), (14, 21), (13, 21), (12, 21), (11, 21), (10, 21), (9, 21), (9, 20), (9, 19), (9, 18), (9, 17), (8, 17), (7, 17), (6, 17), (5, 17), (5, 18), (4, 18), (3, 18), (2, 18), (2, 17), (1, 17), (1, 16), (1, 15), (1, 14), (1, 13), (1, 12), (1, 11), (1, 11)], 8: [(14, 29), (14, 28), (14, 27), (15, 27), (15, 26), (15, 25), (15, 24), (15, 23), (15, 22), (15, 21), (15, 20), (15, 19), (16, 19), (16, 18), (16, 17), (16, 16), (16, 15), (16, 14), (16, 13), (16, 12), (16, 11), (16, 10), (16, 9), (16, 8), (16, 7), (16, 6), (16, 5), (16, 4), (17, 4), (18, 4), (19, 4), (20, 4), (20, 4)], 9: [(30, 24), (29, 24), (29, 25), (29, 26), (29, 27), (29, 28), (29, 29), (29, 30), (29, 31), (28, 31), (27, 31), (26, 31), (25, 31), (24, 31), (24, 30), (23, 30), (22, 30), (21, 30), (20, 30), (19, 30), (18, 30), (17, 30), (16, 30), (16, 31), (16, 31)]}, 80)