

CBSS-C STATS
starts:[931, 426, 850, 904, 567, 555, 911, 184, 4, 620]
targets:[623, 705, 197, 893, 886, 297, 858, 638, 725, 189, 597, 1002, 276, 102, 137, 506, 361, 664, 494, 404, 227, 199, 837, 1010, 792, 735, 932, 836, 746, 794, 414, 253, 874, 220, 580, 528, 947, 431, 499, 812]
dests:[233, 896, 878, 655, 711, 165, 224, 716, 1004, 727]
ac_dict:{623: {0, 1}, 705: {1, 2}, 197: {2, 3}, 893: {3, 4}, 886: {4, 5}, 297: {5, 6}, 858: {6, 7}, 638: {8, 7}, 725: {8, 9}, 233: {0}, 896: {1}, 878: {2}, 655: {3}, 711: {4}, 165: {5}, 224: {6}, 716: {7}, 1004: {8}, 727: {9}}
clusters:[13  1 25 18  4  2 34  7  3 24  2  8 21  5  9 20  0  1 28 16 32 15 22 33
 12 27  0 23 11  6  3 14 31 10 30  4 17 19 26 29]

round: 1
best_g_value: 354.0
open_list_size: 0
num_low_level_expanded: 850
search_success: 1
search_time: 54.91906546699829
n_tsp_call: 1
n_tsp_time: 54.73068406799939
n_roots: 1
num_conflicts: 0
target_assignment: {837: 0, 623: 0, 499: 0, 404: 0, 276: 0, 297: 5, 199: 5, 874: 6, 746: 6, 580: 6, 227: 6, 220: 7, 189: 7, 253: 7, 506: 7, 638: 7, 735: 7, 858: 7, 836: 1, 102: 8, 137: 8, 1002: 8, 664: 4, 792: 4, 794: 4, 893: 4, 886: 4, 947: 4, 1010: 4, 812: 4, 725: 9, 197: 3, 361: 3, 431: 3, 494: 3}
cluster_target_selection: {22: 837, 13: 623, 26: 499, 16: 404, 21: 276, 2: 297, 15: 199, 31: 874, 11: 746, 30: 580, 32: 227, 10: 220, 24: 189, 14: 253, 20: 506, 7: 638, 27: 735, 34: 858, 23: 836, 5: 102, 9: 137, 8: 1002, 1: 664, 12: 792, 6: 794, 18: 893, 4: 886, 17: 947, 33: 1010, 29: 812, 3: 725, 25: 197, 0: 361, 19: 431, 28: 494}
num_nodes_transformed_graph: 348
agent_paths:({0: [(3, 29), (4, 29), (4, 28), (4, 27), (4, 26), (5, 26), (5, 25), (6, 25), (7, 25), (7, 24), (7, 23), (7, 22), (7, 21), (7, 20), (7, 19), (8, 19), (9, 19), (10, 19), (11, 19), (12, 19), (13, 19), (14, 19), (15, 19), (16, 19), (16, 18), (16, 17), (16, 16), (16, 15), (17, 15), (18, 15), (19, 15), (19, 14), (19, 13), (19, 12), (20, 12), (19, 12), (19, 11), (19, 10), (19, 9), (20, 9), (20, 8), (20, 7), (19, 7), (18, 7), (17, 7), (16, 7), (15, 7), (14, 7), (13, 7), (12, 7), (11, 7), (10, 7), (9, 7), (9, 7)], 1: [(10, 13), (10, 14), (9, 14), (9, 15), (9, 16), (8, 16), (7, 16), (6, 16), (5, 16), (5, 17), (5, 18), (5, 19), (5, 20), (5, 21), (5, 22), (4, 22), (4, 23), (4, 24), (4, 25), (4, 26), (3, 26), (2, 26), (2, 27), (1, 27), (0, 27), (0, 28), (0, 28)], 2: [(18, 26), (17, 26), (16, 26), (15, 26), (15, 27), (14, 27), (14, 27)], 3: [(8, 28), (8, 27), (8, 26), (7, 26), (7, 25), (7, 24), (7, 23), (7, 22), (7, 21), (7, 20), (7, 19), (7, 18), (7, 17), (6, 17), (6, 16), (6, 15), (6, 14), (6, 13), (6, 12), (6, 11), (5, 11), (5, 10), (5, 9), (5, 8), (5, 7), (5, 6), (5, 7), (6, 7), (7, 7), (7, 8), (8, 8), (9, 8), (9, 9), (9, 10), (9, 11), (10, 11), (11, 11), (12, 11), (12, 12), (12, 13), (13, 13), (14, 13), (15, 13), (14, 13), (14, 14), (14, 15), (14, 16), (14, 17), (14, 18), (14, 19), (15, 19), (15, 20), (15, 20)], 4: [(23, 17), (24, 17), (24, 18), (24, 19), (24, 20), (24, 21), (24, 22), (24, 23), (24, 24), (25, 24), (26, 24), (27, 24), (28, 24), (29, 24), (29, 25), (29, 26), (29, 27), (28, 27), (27, 27), (26, 27), (25, 27), (24, 27), (23, 27), (22, 27), (21, 27), (20, 27), (19, 27), (19, 28), (19, 29), (18, 29), (18, 30), (18, 31), (17, 31), (16, 31), (15, 31), (14, 31), (13, 31), (12, 31), (12, 30), (12, 29), (12, 28), (12, 27), (12, 26), (12, 25), (11, 25), (10, 25), (9, 25), (8, 25), (7, 25), (7, 24), (7, 23), (7, 22), (7, 22)], 5: [(11, 17), (10, 17), (10, 16), (10, 15), (10, 14), (10, 13), (10, 12), (9, 12), (9, 11), (9, 10), (9, 9), (9, 8), (8, 8), (7, 8), (7, 7), (7, 6), (7, 5), (6, 5), (5, 5), (5, 5)], 6: [(15, 28), (14, 28), (13, 28), (12, 28), (11, 28), (10, 28), (10, 27), (10, 26), (10, 25), (10, 24), (10, 23), (9, 23), (8, 23), (7, 23), (6, 23), (5, 23), (5, 22), (5, 21), (5, 20), (5, 19), (4, 19), (4, 18), (3, 18), (3, 17), (3, 16), (3, 15), (3, 14), (3, 13), (3, 12), (3, 11), (3, 10), (3, 9), (3, 8), (3, 7), (2, 7), (1, 7), (0, 7), (0, 7)], 7: [(24, 5), (25, 5), (26, 5), (27, 5), (28, 5), (28, 6), (28, 5), (29, 5), (29, 6), (29, 7), (28, 7), (27, 7), (27, 8), (27, 9), (27, 10), (26, 10), (26, 11), (26, 12), (26, 13), (26, 14), (26, 15), (27, 15), (28, 15), (29, 15), (30, 15), (30, 16), (30, 17), (30, 18), (30, 19), (30, 20), (29, 20), (29, 21), (29, 22), (30, 22), (31, 22), (30, 22), (29, 22), (28, 22), (27, 22), (26, 22), (26, 23), (26, 24), (26, 25), (26, 26), (25, 26), (24, 26), (23, 26), (22, 26), (22, 25), (21, 25), (20, 25), (19, 25), (18, 25), (17, 25), (16, 25), (15, 25), (14, 25), (13, 25), (12, 25), (12, 24), (12, 23), (12, 22), (12, 22)], 8: [(4, 0), (5, 0), (6, 0), (6, 1), (6, 2), (6, 3), (7, 3), (8, 3), (9, 3), (9, 4), (10, 4), (10, 5), (10, 6), (10, 7), (10, 8), (10, 9), (10, 10), (10, 11), (10, 12), (10, 13), (10, 14), (10, 15), (10, 16), (10, 17), (10, 18), (10, 19), (10, 20), (10, 21), (10, 22), (10, 23), (10, 24), (10, 25), (10, 26), (10, 27), (10, 28), (10, 29), (10, 30), (10, 31), (11, 31), (12, 31), (12, 31)], 9: [(12, 19), (13, 19), (14, 19), (15, 19), (16, 19), (17, 19), (18, 19), (19, 19), (20, 19), (21, 19), (21, 20), (21, 21), (21, 22), (21, 21), (22, 21), (23, 21), (23, 22), (23, 22)]}, 61)