

CBSS-C STATS
starts:[1009, 353, 934, 203, 513, 459, 708, 56, 919, 432]
targets:[351, 183, 754, 902, 935, 787, 188, 893, 922, 707, 264, 303, 829, 447, 652, 561, 772, 785, 904, 497, 960, 587, 816, 864, 566, 554, 923, 701, 738, 407, 1006, 338, 826, 894, 392, 283, 622, 620, 974, 437]
dests:[888, 963, 717, 229, 59, 750, 134, 205, 380, 955]
ac_dict:{351: {0, 1}, 183: {1, 2}, 754: {2, 3}, 902: {3, 4}, 935: {4, 5}, 787: {5, 6}, 188: {6, 7}, 893: {8, 7}, 922: {8, 9}, 888: {0}, 963: {1}, 717: {2}, 229: {3}, 59: {4}, 750: {5}, 134: {6}, 205: {7}, 380: {8}, 955: {9}}
clusters:[28 30  2  4 29 11 22  1  1  8 10 20 34  5 26 19 15  2 13  0 14 33 12 32
  4 21  0  3 23 27 17 16 31  6 25  9  3 18  7 24]

round: 1
best_g_value: 365.0
open_list_size: 0
num_low_level_expanded: 1099
search_success: 1
search_time: 9.996029719004582
n_tsp_call: 1
n_tsp_time: 9.874905119002506
n_roots: 1
num_conflicts: 0
target_assignment: {437: 0, 407: 0, 351: 0, 188: 7, 554: 5, 587: 5, 620: 5, 652: 5, 904: 5, 935: 5, 816: 5, 787: 5, 785: 5, 738: 1, 707: 1, 772: 1, 864: 1, 960: 1, 561: 9, 566: 9, 826: 9, 923: 9, 894: 8, 893: 8, 829: 8, 701: 8, 447: 8, 974: 2, 1006: 2, 183: 2, 264: 6, 392: 4, 303: 4, 338: 4, 283: 4}
cluster_target_selection: {24: 437, 27: 407, 28: 351, 22: 188, 21: 554, 33: 587, 18: 620, 26: 652, 13: 904, 29: 935, 12: 816, 11: 787, 2: 785, 23: 738, 8: 707, 15: 772, 32: 864, 14: 960, 19: 561, 4: 566, 31: 826, 0: 923, 6: 894, 1: 893, 34: 829, 3: 701, 5: 447, 7: 974, 17: 1006, 30: 183, 10: 264, 25: 392, 20: 303, 16: 338, 9: 283}
num_nodes_transformed_graph: 176
agent_paths:({0: [(17, 31), (17, 30), (17, 29), (17, 28), (17, 27), (17, 26), (17, 25), (17, 24), (17, 23), (17, 22), (17, 21), (17, 20), (17, 19), (18, 19), (18, 18), (18, 17), (19, 17), (19, 16), (19, 15), (19, 14), (19, 13), (20, 13), (21, 13), (21, 12), (22, 12), (23, 12), (23, 11), (23, 10), (24, 10), (25, 10), (26, 10), (27, 10), (28, 10), (29, 10), (30, 10), (31, 10), (30, 10), (29, 10), (28, 10), (27, 10), (26, 10), (25, 10), (24, 10), (24, 11), (24, 12), (24, 13), (24, 14), (24, 15), (24, 16), (24, 17), (24, 18), (24, 19), (24, 20), (24, 21), (24, 22), (24, 23), (24, 24), (24, 25), (24, 26), (24, 27), (24, 27)], 1: [(1, 11), (2, 11), (2, 12), (2, 13), (2, 14), (2, 15), (2, 16), (2, 17), (2, 18), (2, 19), (2, 20), (2, 21), (2, 22), (2, 23), (2, 22), (3, 22), (4, 22), (4, 23), (4, 24), (3, 24), (2, 24), (1, 24), (0, 24), (0, 25), (0, 26), (0, 27), (0, 28), (0, 29), (0, 30), (1, 30), (2, 30), (3, 30), (3, 30)], 2: [(6, 29), (7, 29), (8, 29), (8, 30), (9, 30), (10, 30), (11, 30), (12, 30), (13, 30), (14, 30), (14, 31), (14, 30), (14, 29), (14, 28), (14, 27), (15, 27), (15, 26), (15, 25), (15, 24), (15, 23), (15, 22), (15, 21), (15, 20), (15, 19), (16, 19), (16, 18), (16, 17), (16, 16), (16, 15), (16, 14), (16, 13), (16, 12), (16, 11), (16, 10), (16, 9), (16, 8), (16, 7), (16, 6), (17, 6), (18, 6), (19, 6), (20, 6), (21, 6), (22, 6), (23, 6), (23, 5), (23, 6), (22, 6), (21, 6), (20, 6), (19, 6), (18, 6), (17, 6), (16, 6), (16, 7), (16, 8), (16, 9), (15, 9), (14, 9), (14, 10), (14, 11), (14, 12), (14, 13), (13, 13), (13, 14), (13, 15), (13, 16), (13, 17), (13, 18), (13, 19), (13, 20), (13, 21), (13, 22), (13, 22)], 3: [(11, 6), (10, 6), (9, 6), (8, 6), (7, 6), (7, 7), (6, 7), (5, 7), (5, 7)], 4: [(1, 16), (1, 15), (1, 14), (1, 13), (2, 13), (3, 13), (4, 13), (5, 13), (6, 13), (7, 13), (8, 13), (8, 12), (9, 12), (9, 11), (9, 10), (10, 10), (11, 10), (12, 10), (13, 10), (13, 9), (14, 9), (15, 9), (16, 9), (17, 9), (18, 9), (18, 10), (19, 10), (20, 10), (21, 10), (22, 10), (23, 10), (24, 10), (25, 10), (26, 10), (27, 10), (27, 9), (27, 8), (27, 7), (27, 6), (27, 5), (27, 4), (27, 3), (27, 2), (27, 1), (27, 1)], 5: [(11, 14), (10, 14), (10, 15), (10, 16), (10, 17), (11, 17), (11, 18), (12, 18), (12, 19), (12, 20), (11, 20), (10, 20), (9, 20), (8, 20), (8, 21), (8, 22), (8, 23), (8, 24), (8, 25), (8, 26), (8, 27), (8, 28), (7, 28), (7, 29), (7, 28), (8, 28), (8, 27), (8, 26), (8, 25), (9, 25), (10, 25), (11, 25), (12, 25), (13, 25), (14, 25), (15, 25), (16, 25), (16, 24), (17, 24), (18, 24), (19, 24), (18, 24), (17, 24), (16, 24), (15, 24), (14, 24), (14, 23), (14, 23)], 6: [(4, 22), (5, 22), (5, 21), (5, 20), (5, 19), (5, 18), (5, 17), (5, 16), (5, 15), (5, 14), (5, 13), (6, 13), (6, 12), (6, 11), (6, 10), (6, 9), (7, 9), (7, 8), (8, 8), (7, 8), (7, 7), (7, 6), (7, 5), (6, 5), (6, 4), (6, 4)], 7: [(24, 1), (24, 2), (25, 2), (25, 3), (26, 3), (27, 3), (28, 3), (28, 4), (28, 5), (27, 5), (26, 5), (25, 5), (24, 5), (23, 5), (23, 6), (22, 6), (21, 6), (20, 6), (19, 6), (18, 6), (17, 6), (16, 6), (15, 6), (14, 6), (13, 6), (13, 6)], 8: [(23, 28), (23, 27), (24, 27), (25, 27), (26, 27), (27, 27), (28, 27), (29, 27), (30, 27), (29, 27), (29, 26), (29, 25), (29, 24), (29, 23), (29, 22), (29, 21), (29, 20), (29, 19), (29, 18), (29, 17), (29, 16), (29, 15), (29, 14), (30, 14), (31, 14), (31, 13), (31, 14), (30, 14), (29, 14), (28, 14), (28, 13), (28, 12), (28, 11), (28, 11)], 9: [(16, 13), (17, 13), (17, 14), (17, 15), (17, 16), (17, 17), (18, 17), (19, 17), (20, 17), (21, 17), (22, 17), (23, 17), (24, 17), (25, 17), (25, 18), (25, 19), (25, 20), (26, 20), (26, 21), (26, 22), (26, 23), (26, 24), (26, 25), (27, 25), (27, 26), (27, 27), (27, 28), (27, 29), (27, 29)]}, 72)