

CBSS-C STATS
starts:[38, 251, 414, 15, 993, 740, 971, 1003, 1008, 792]
targets:[202, 869, 381, 386, 1011, 475, 184, 369, 170, 428, 393, 440, 240, 954, 230]
dests:[893, 159, 521, 709, 890, 317, 355, 58, 757, 396]
ac_dict:{202: {0, 1}, 869: {1, 2}, 381: {2, 3}, 386: {3, 4}, 1011: {4, 5}, 475: {5, 6}, 184: {6, 7}, 369: {8, 7}, 170: {8, 9}, 893: {0}, 159: {1}, 521: {2}, 709: {3}, 890: {4}, 317: {5}, 355: {6}, 58: {7}, 757: {8}, 396: {9}}
clusters:[2 2 9 7 8 3 6 6 4 1 5 4 4 0 9]

round: 134
best_g_value: 309.0
open_list_size: 120
num_low_level_expanded: 39008
search_success: 1
search_time: 7.199479642789811
n_tsp_call: 17
n_tsp_time: 4.2200752114877105
n_roots: 1
num_conflicts: 133
target_assignment: {202: 0, 428: 0, 393: 3, 386: 3, 381: 2, 240: 7, 184: 7, 475: 5, 1011: 4, 954: 4}
cluster_target_selection: {2: 202, 1: 428, 5: 393, 7: 386, 9: 381, 4: 240, 6: 184, 3: 475, 8: 1011, 0: 954}
num_nodes_transformed_graph: 55
agent_paths:({0: [(6, 1), (7, 1), (8, 1), (9, 1), (10, 1), (10, 2), (10, 3), (10, 4), (10, 5), (10, 6), (11, 6), (11, 7), (11, 8), (11, 9), (11, 10), (12, 10), (12, 11), (12, 12), (12, 13), (13, 13), (14, 13), (15, 13), (16, 13), (17, 13), (18, 13), (19, 13), (20, 13), (21, 13), (22, 13), (23, 13), (24, 13), (25, 13), (26, 13), (26, 14), (27, 14), (28, 14), (29, 14), (29, 15), (29, 16), (29, 17), (29, 18), (29, 19), (29, 20), (29, 21), (29, 22), (29, 23), (29, 24), (29, 25), (29, 26), (29, 27), (29, 27)], 1: [(27, 7), (27, 6), (27, 5), (27, 4), (28, 4), (29, 4), (30, 4), (31, 4), (31, 4)], 2: [(30, 12), (29, 12), (29, 11), (28, 11), (27, 11), (26, 11), (25, 11), (24, 11), (23, 11), (22, 11), (21, 11), (21, 12), (20, 12), (19, 12), (18, 12), (17, 12), (16, 12), (16, 13), (16, 14), (16, 15), (16, 16), (15, 16), (14, 16), (13, 16), (12, 16), (11, 16), (10, 16), (9, 16), (9, 16)], 3: [(15, 0), (14, 0), (13, 0), (12, 0), (11, 0), (10, 0), (10, 1), (10, 2), (10, 3), (10, 4), (10, 5), (10, 6), (9, 6), (9, 7), (9, 8), (9, 9), (9, 10), (9, 11), (9, 12), (8, 12), (8, 13), (7, 13), (6, 13), (5, 13), (4, 13), (4, 12), (4, 12), (3, 12), (2, 12), (3, 12), (4, 12), (4, 13), (5, 13), (5, 14), (5, 15), (5, 16), (5, 17), (5, 18), (5, 19), (5, 20), (5, 21), (5, 22), (5, 22)], 4: [(1, 31), (2, 31), (2, 30), (3, 30), (3, 29), (4, 29), (5, 29), (6, 29), (7, 29), (8, 29), (8, 30), (9, 30), (10, 30), (11, 30), (12, 30), (13, 30), (14, 30), (14, 31), (15, 31), (16, 31), (17, 31), (18, 31), (19, 31), (19, 30), (20, 30), (21, 30), (22, 30), (23, 30), (23, 29), (24, 29), (25, 29), (26, 29), (26, 28), (26, 27), (26, 27)], 5: [(4, 23), (4, 22), (5, 22), (5, 21), (5, 20), (5, 19), (5, 18), (5, 17), (5, 16), (6, 16), (7, 16), (8, 16), (9, 16), (9, 15), (9, 14), (10, 14), (11, 14), (12, 14), (13, 14), (14, 14), (15, 14), (16, 14), (17, 14), (18, 14), (19, 14), (20, 14), (21, 14), (22, 14), (23, 14), (24, 14), (25, 14), (26, 14), (27, 14), (27, 13), (28, 13), (28, 12), (28, 11), (28, 10), (28, 9), (29, 9), (29, 9)], 6: [(11, 30), (10, 30), (9, 30), (8, 30), (8, 29), (8, 28), (8, 27), (8, 26), (7, 26), (7, 25), (7, 24), (7, 23), (6, 23), (5, 23), (5, 22), (5, 21), (5, 20), (5, 19), (4, 19), (4, 18), (3, 18), (3, 17), (3, 16), (3, 15), (3, 14), (3, 13), (3, 12), (3, 11), (3, 11)], 7: [(11, 31), (11, 30), (11, 29), (11, 28), (11, 27), (11, 26), (11, 25), (11, 24), (11, 23), (11, 22), (11, 21), (11, 20), (11, 19), (11, 18), (11, 17), (11, 16), (11, 15), (11, 14), (12, 14), (12, 13), (12, 12), (12, 11), (12, 10), (13, 10), (13, 9), (13, 8), (13, 7), (14, 7), (15, 7), (16, 7), (16, 6), (17, 6), (18, 6), (19, 6), (20, 6), (21, 6), (22, 6), (23, 6), (23, 5), (24, 5), (25, 5), (25, 4), (25, 3), (26, 3), (27, 3), (27, 2), (27, 1), (26, 1), (26, 1)], 8: [(16, 31), (16, 30), (16, 29), (16, 28), (16, 27), (16, 26), (16, 25), (16, 24), (16, 23), (17, 23), (18, 23), (19, 23), (19, 22), (20, 22), (21, 22), (21, 23), (21, 23)], 9: [(24, 24), (23, 24), (22, 24), (22, 23), (21, 23), (21, 22), (20, 22), (19, 22), (18, 22), (17, 22), (16, 22), (15, 22), (15, 21), (14, 21), (13, 21), (12, 21), (12, 20), (12, 19), (12, 18), (12, 17), (12, 16), (12, 15), (12, 14), (12, 13), (12, 12), (12, 12)]}, 49)