

CBSS-C STATS
starts:[798, 126, 479, 845, 386, 515, 505, 769, 880, 705]
targets:[797, 647, 315, 343, 941, 569, 659, 787, 25, 549, 770, 945, 181, 957, 194, 19, 657, 45, 516, 836, 736, 347, 295, 873, 658, 829, 592, 889, 553, 877, 227, 629, 715, 730, 453, 951, 537, 263, 1017, 976]
dests:[1008, 952, 231, 239, 627, 808, 260, 632, 173, 939]
ac_dict:{797: {0, 1}, 647: {1, 2}, 315: {2, 3}, 343: {3, 4}, 941: {4, 5}, 569: {5, 6}, 659: {6, 7}, 787: {8, 7}, 25: {8, 9}, 1008: {0}, 952: {1}, 231: {2}, 239: {3}, 627: {4}, 808: {5}, 260: {6}, 632: {7}, 173: {8}, 939: {9}}
clusters:[ 6 28 19 26  8  1 29  2 31  4 14 15 25 16  3 13 30 11 12 24  7 18 23 33
  3 22  1  0 21  9 34  0 17 32 20 27  4 10  5  2]

round: 2
best_g_value: 339.0
open_list_size: 1
num_low_level_expanded: 1083
search_success: 1
search_time: 36.8958077319985
n_tsp_call: 1
n_tsp_time: 36.68693369899847
n_roots: 1
num_conflicts: 1
target_assignment: {797: 0, 829: 0, 957: 0, 951: 0, 945: 0, 976: 0, 516: 5, 553: 5, 941: 5, 877: 5, 873: 5, 730: 1, 889: 1, 1017: 1, 347: 2, 315: 2, 657: 2, 647: 2, 295: 2, 263: 6, 227: 6, 181: 8, 25: 8, 19: 8, 45: 8, 715: 7, 658: 7, 659: 7, 592: 3, 343: 3, 453: 4, 549: 4, 736: 9, 770: 9, 836: 9}
cluster_target_selection: {6: 797, 22: 829, 16: 957, 27: 951, 15: 945, 2: 976, 12: 516, 21: 553, 8: 941, 9: 877, 33: 873, 32: 730, 0: 889, 5: 1017, 18: 347, 19: 315, 30: 657, 28: 647, 23: 295, 10: 263, 34: 227, 25: 181, 31: 25, 13: 19, 11: 45, 17: 715, 3: 658, 29: 659, 1: 592, 26: 343, 20: 453, 4: 549, 7: 736, 14: 770, 24: 836}
num_nodes_transformed_graph: 348
agent_paths:({0: [(30, 24), (29, 24), (29, 25), (29, 26), (29, 27), (29, 28), (29, 29), (28, 29), (27, 29), (26, 29), (25, 29), (24, 29), (23, 29), (23, 30), (22, 30), (21, 30), (20, 30), (19, 30), (18, 30), (17, 30), (17, 29), (16, 29), (16, 30), (16, 31), (16, 31)], 1: [(30, 3), (30, 4), (29, 4), (28, 4), (28, 5), (28, 6), (28, 7), (28, 8), (28, 9), (28, 10), (28, 11), (28, 12), (28, 13), (27, 13), (27, 14), (27, 15), (27, 16), (27, 17), (27, 18), (27, 19), (27, 20), (26, 20), (26, 21), (26, 22), (26, 23), (26, 24), (25, 24), (25, 25), (25, 26), (25, 27), (25, 28), (25, 29), (25, 30), (25, 31), (24, 31), (24, 30), (24, 29), (24, 29)], 2: [(31, 14), (30, 14), (29, 14), (28, 14), (28, 13), (28, 12), (28, 11), (27, 11), (27, 10), (27, 9), (27, 10), (26, 10), (25, 10), (24, 10), (23, 10), (22, 10), (21, 10), (20, 10), (19, 10), (19, 11), (19, 12), (19, 13), (19, 14), (19, 15), (19, 16), (19, 17), (18, 17), (18, 18), (18, 19), (17, 19), (17, 20), (16, 20), (15, 20), (14, 20), (13, 20), (12, 20), (11, 20), (10, 20), (9, 20), (8, 20), (7, 20), (7, 19), (7, 18), (7, 17), (7, 16), (7, 15), (6, 15), (6, 14), (6, 13), (6, 12), (6, 11), (6, 10), (6, 9), (7, 9), (7, 8), (7, 7), (7, 7)], 3: [(13, 26), (13, 25), (13, 24), (13, 23), (13, 22), (13, 21), (13, 20), (13, 19), (14, 19), (15, 19), (16, 19), (16, 18), (16, 17), (16, 16), (16, 15), (16, 14), (16, 13), (16, 12), (16, 11), (17, 11), (18, 11), (18, 10), (19, 10), (20, 10), (21, 10), (22, 10), (23, 10), (22, 10), (21, 10), (20, 10), (19, 10), (18, 10), (18, 9), (17, 9), (16, 9), (16, 8), (16, 7), (15, 7), (15, 7)], 4: [(2, 12), (3, 12), (4, 12), (4, 13), (5, 13), (5, 14), (5, 15), (5, 16), (5, 17), (6, 17), (7, 17), (8, 17), (9, 17), (10, 17), (11, 17), (12, 17), (13, 17), (14, 17), (15, 17), (16, 17), (17, 17), (18, 17), (19, 17), (19, 18), (19, 19), (19, 19)], 5: [(3, 16), (4, 16), (5, 16), (6, 16), (7, 16), (8, 16), (9, 16), (9, 17), (10, 17), (11, 17), (12, 17), (13, 17), (13, 18), (13, 19), (13, 20), (13, 21), (13, 22), (13, 23), (13, 24), (13, 25), (13, 26), (13, 27), (13, 28), (13, 29), (13, 28), (13, 27), (12, 27), (11, 27), (10, 27), (9, 27), (8, 27), (8, 26), (8, 25), (8, 25)], 6: [(25, 15), (24, 15), (23, 15), (22, 15), (21, 15), (21, 14), (20, 14), (19, 14), (18, 14), (17, 14), (16, 14), (15, 14), (14, 14), (13, 14), (12, 14), (11, 14), (10, 14), (10, 13), (10, 12), (9, 12), (9, 11), (9, 10), (8, 10), (7, 10), (7, 9), (7, 8), (7, 7), (6, 7), (5, 7), (4, 7), (3, 7), (4, 7), (4, 8), (4, 8)], 7: [(1, 24), (2, 24), (2, 23), (2, 22), (3, 22), (4, 22), (5, 22), (6, 22), (7, 22), (8, 22), (9, 22), (10, 22), (11, 22), (11, 21), (11, 20), (12, 20), (13, 20), (14, 20), (15, 20), (16, 20), (17, 20), (18, 20), (19, 20), (19, 19), (20, 19), (21, 19), (22, 19), (23, 19), (24, 19), (24, 19)], 8: [(16, 27), (16, 26), (16, 25), (16, 24), (16, 23), (16, 22), (16, 21), (16, 20), (16, 19), (16, 18), (16, 17), (16, 16), (16, 15), (16, 14), (16, 13), (16, 12), (16, 11), (16, 10), (16, 9), (16, 8), (16, 7), (16, 6), (17, 6), (18, 6), (19, 6), (20, 6), (21, 6), (21, 5), (21, 4), (21, 3), (21, 2), (22, 2), (22, 1), (22, 0), (23, 0), (24, 0), (25, 0), (24, 0), (23, 0), (22, 0), (21, 0), (20, 0), (19, 0), (19, 1), (18, 1), (17, 1), (16, 1), (15, 1), (14, 1), (13, 1), (13, 2), (13, 3), (13, 4), (13, 5), (13, 5)], 9: [(1, 22), (1, 23), (0, 23), (1, 23), (2, 23), (2, 24), (3, 24), (4, 24), (4, 25), (4, 26), (5, 26), (6, 26), (7, 26), (8, 26), (9, 26), (10, 26), (11, 26), (11, 27), (11, 28), (11, 29), (11, 29)]}, 55)