

CBSS-C STATS
starts:[938, 601, 302, 989, 472, 913, 903, 481, 420, 896]
targets:[580, 583, 664, 1019, 66, 491, 682, 39, 115, 2, 671, 156, 596, 567, 928]
dests:[245, 660, 313, 448, 793, 573, 80, 23, 574, 450]
ac_dict:{580: {0, 1}, 583: {1, 2}, 664: {2, 3}, 1019: {3, 4}, 66: {4, 5}, 491: {5, 6}, 682: {6, 7}, 39: {8, 7}, 115: {8, 9}, 245: {0}, 660: {1}, 313: {2}, 448: {3}, 793: {4}, 573: {5}, 80: {6}, 23: {7}, 574: {8}, 450: {9}}
clusters:[8 0 5 9 3 1 6 4 2 6 2 0 6 7 9]

round: 1
best_g_value: 342.0
open_list_size: 0
num_low_level_expanded: 1586
search_success: 1
search_time: 0.5635254909284413
n_tsp_call: 1
n_tsp_time: 0.5002309470437467
n_roots: 1
num_conflicts: 0
target_assignment: {580: 0, 39: 7, 928: 9, 115: 8, 156: 8, 664: 3, 567: 3, 66: 5, 682: 6, 491: 6}
cluster_target_selection: {8: 580, 4: 39, 9: 928, 2: 115, 0: 156, 5: 664, 7: 567, 3: 66, 6: 682, 1: 491}
num_nodes_transformed_graph: 59
agent_paths:({0: [(10, 29), (10, 28), (9, 28), (8, 28), (8, 27), (8, 26), (7, 26), (7, 25), (7, 24), (7, 23), (6, 23), (5, 23), (5, 22), (5, 21), (5, 20), (5, 19), (4, 19), (4, 18), (4, 17), (4, 16), (4, 15), (5, 15), (5, 14), (5, 13), (6, 13), (6, 12), (6, 11), (6, 10), (6, 9), (7, 9), (7, 8), (8, 8), (9, 8), (9, 7), (10, 7), (11, 7), (12, 7), (13, 7), (14, 7), (15, 7), (16, 7), (17, 7), (18, 7), (19, 7), (20, 7), (21, 7), (21, 7)], 1: [(25, 18), (24, 18), (23, 18), (22, 18), (21, 18), (20, 18), (20, 19), (20, 20), (20, 20)], 2: [(14, 9), (15, 9), (16, 9), (17, 9), (18, 9), (19, 9), (20, 9), (21, 9), (22, 9), (23, 9), (24, 9), (25, 9), (25, 9)], 3: [(29, 30), (28, 30), (27, 30), (26, 30), (25, 30), (24, 30), (24, 29), (24, 28), (24, 27), (24, 26), (24, 25), (24, 24), (24, 23), (24, 22), (24, 21), (24, 20), (23, 20), (23, 19), (23, 18), (23, 17), (22, 17), (21, 17), (20, 17), (19, 17), (18, 17), (17, 17), (16, 17), (15, 17), (14, 17), (13, 17), (12, 17), (11, 17), (10, 17), (9, 17), (8, 17), (7, 17), (6, 17), (5, 17), (4, 17), (3, 17), (2, 17), (1, 17), (1, 16), (1, 15), (0, 15), (0, 14), (0, 14)], 4: [(24, 14), (24, 15), (24, 16), (24, 17), (24, 18), (24, 19), (24, 20), (24, 21), (24, 22), (24, 23), (24, 24), (25, 24), (25, 24)], 5: [(17, 28), (16, 28), (15, 28), (14, 28), (13, 28), (12, 28), (11, 28), (10, 28), (9, 28), (8, 28), (8, 27), (8, 26), (7, 26), (7, 25), (7, 24), (7, 23), (6, 23), (5, 23), (5, 22), (5, 21), (5, 20), (5, 19), (4, 19), (4, 18), (3, 18), (3, 17), (3, 16), (3, 15), (3, 14), (3, 13), (3, 12), (3, 11), (3, 10), (3, 9), (3, 8), (3, 7), (2, 7), (2, 6), (2, 5), (2, 4), (2, 3), (2, 2), (3, 2), (4, 2), (5, 2), (6, 2), (6, 3), (7, 3), (8, 3), (9, 3), (10, 3), (11, 3), (12, 3), (13, 3), (14, 3), (14, 4), (14, 5), (15, 5), (16, 5), (17, 5), (18, 5), (19, 5), (19, 6), (20, 6), (21, 6), (22, 6), (23, 6), (24, 6), (25, 6), (26, 6), (27, 6), (28, 6), (29, 6), (29, 7), (29, 8), (29, 9), (29, 10), (29, 11), (29, 12), (29, 13), (29, 14), (29, 15), (29, 16), (29, 17), (29, 17)], 6: [(7, 28), (8, 28), (8, 27), (8, 26), (8, 25), (8, 24), (8, 23), (8, 22), (8, 21), (9, 21), (10, 21), (10, 20), (10, 19), (10, 18), (10, 17), (10, 16), (10, 15), (11, 15), (11, 14), (12, 14), (12, 13), (12, 12), (12, 11), (12, 10), (13, 10), (13, 9), (13, 8), (13, 7), (13, 6), (13, 5), (14, 5), (15, 5), (16, 5), (16, 4), (16, 3), (16, 2), (16, 2)], 7: [(1, 15), (1, 14), (1, 13), (1, 12), (1, 11), (1, 10), (1, 9), (1, 8), (1, 7), (1, 6), (1, 5), (1, 4), (1, 3), (1, 2), (1, 1), (2, 1), (3, 1), (4, 1), (5, 1), (6, 1), (7, 1), (8, 1), (9, 1), (10, 1), (11, 1), (12, 1), (13, 1), (14, 1), (15, 1), (16, 1), (17, 1), (18, 1), (19, 1), (19, 0), (20, 0), (21, 0), (22, 0), (23, 0), (23, 0)], 8: [(4, 13), (4, 12), (4, 11), (4, 10), (4, 9), (4, 8), (4, 7), (5, 7), (6, 7), (7, 7), (7, 6), (8, 6), (9, 6), (10, 6), (10, 5), (11, 5), (12, 5), (13, 5), (14, 5), (15, 5), (16, 5), (16, 4), (16, 3), (17, 3), (18, 3), (19, 3), (20, 3), (21, 3), (22, 3), (23, 3), (24, 3), (25, 3), (26, 3), (27, 3), (28, 3), (28, 4), (29, 4), (29, 5), (29, 6), (29, 7), (29, 8), (29, 9), (29, 10), (29, 11), (29, 12), (29, 13), (29, 14), (30, 14), (30, 15), (30, 16), (30, 17), (30, 17)], 9: [(0, 28), (0, 29), (0, 28), (0, 27), (0, 26), (0, 25), (0, 24), (0, 23), (1, 23), (1, 22), (1, 21), (1, 20), (1, 19), (2, 19), (2, 18), (2, 17), (2, 16), (2, 15), (2, 14), (2, 14)]}, 83)