

CBSS-C STATS
starts:[958, 357, 221, 841, 199, 758, 369, 420, 214, 698]
targets:[954, 65, 537, 440, 64, 696, 235, 447, 766, 396, 380, 497, 297, 73, 579, 570, 915, 685, 238, 457, 840, 792, 422, 650, 699, 30, 617, 379, 665, 324, 683, 673, 120, 973, 330, 329, 679, 475, 121, 45]
dests:[349, 688, 246, 560, 550, 781, 433, 133, 596, 737]
ac_dict:{954: {0, 1}, 65: {1, 2}, 537: {2, 3}, 440: {3, 4}, 64: {4, 5}, 696: {5, 6}, 235: {6, 7}, 447: {8, 7}, 766: {8, 9}, 349: {0}, 688: {1}, 246: {2}, 560: {3}, 550: {4}, 781: {5}, 433: {6}, 133: {7}, 596: {8}, 737: {9}}
clusters:[10 14 34  8 27  0 29  0  2  7 21 23 30 26  6  3  3 19 11 16  4 13 32  2
 17  5 20  1 28 25  9 24 33 15 12 31 22  4 18  1]

round: 2
best_g_value: 282.0
open_list_size: 1
num_low_level_expanded: 1437
search_success: 1
search_time: 14.40058416699685
n_tsp_call: 1
n_tsp_time: 14.282045006999397
n_roots: 1
num_conflicts: 1
target_assignment: {954: 0, 699: 0, 475: 0, 380: 0, 422: 7, 329: 7, 330: 7, 297: 7, 235: 7, 30: 2, 121: 2, 120: 2, 973: 3, 915: 3, 665: 3, 537: 3, 440: 3, 497: 3, 679: 9, 673: 9, 792: 5, 696: 5, 685: 5, 324: 1, 65: 1, 73: 1, 45: 1, 238: 1, 396: 1, 457: 1, 617: 1, 650: 1, 683: 1, 64: 4, 579: 4}
cluster_target_selection: {10: 954, 17: 699, 4: 475, 21: 380, 32: 422, 31: 329, 12: 330, 30: 297, 29: 235, 5: 30, 18: 121, 33: 120, 15: 973, 3: 915, 28: 665, 34: 537, 8: 440, 23: 497, 22: 679, 24: 673, 13: 792, 0: 696, 19: 685, 25: 324, 14: 65, 26: 73, 1: 45, 11: 238, 7: 396, 16: 457, 20: 617, 2: 650, 9: 683, 27: 64, 6: 579}
num_nodes_transformed_graph: 180
agent_paths:({0: [(30, 29), (29, 29), (28, 29), (27, 29), (26, 29), (26, 28), (26, 27), (26, 26), (26, 25), (26, 24), (26, 23), (26, 22), (26, 21), (27, 21), (27, 20), (27, 19), (27, 18), (27, 17), (27, 16), (27, 15), (27, 14), (27, 13), (28, 13), (28, 12), (28, 11), (28, 10), (29, 10), (29, 10)], 1: [(5, 11), (4, 11), (4, 10), (3, 10), (2, 10), (1, 10), (1, 9), (1, 8), (1, 7), (1, 6), (1, 5), (1, 4), (1, 3), (1, 2), (2, 2), (3, 2), (4, 2), (5, 2), (6, 2), (6, 1), (7, 1), (8, 1), (9, 1), (9, 2), (9, 1), (10, 1), (11, 1), (12, 1), (13, 1), (14, 1), (14, 2), (14, 3), (14, 4), (14, 5), (14, 6), (14, 7), (13, 7), (13, 8), (13, 9), (13, 10), (12, 10), (12, 11), (12, 12), (12, 13), (12, 14), (11, 14), (10, 14), (9, 14), (9, 15), (9, 16), (9, 17), (9, 18), (9, 19), (10, 19), (10, 20), (11, 20), (11, 21), (12, 21), (13, 21), (14, 21), (15, 21), (16, 21), (16, 21)], 2: [(29, 6), (29, 5), (29, 4), (30, 4), (30, 3), (30, 2), (30, 1), (30, 0), (29, 0), (28, 0), (27, 0), (27, 1), (27, 2), (27, 3), (26, 3), (25, 3), (24, 3), (23, 3), (23, 4), (23, 5), (23, 6), (22, 6), (22, 7), (22, 7)], 3: [(9, 26), (10, 26), (11, 26), (12, 26), (13, 26), (13, 27), (13, 28), (13, 29), (13, 30), (13, 29), (13, 28), (14, 28), (15, 28), (16, 28), (17, 28), (18, 28), (19, 28), (19, 27), (19, 26), (19, 25), (19, 24), (19, 23), (19, 22), (19, 21), (19, 20), (20, 20), (21, 20), (22, 20), (23, 20), (24, 20), (25, 20), (25, 19), (25, 18), (25, 17), (25, 16), (24, 16), (24, 15), (24, 14), (24, 13), (23, 13), (22, 13), (21, 13), (20, 13), (19, 13), (18, 13), (18, 14), (17, 14), (17, 15), (16, 15), (16, 16), (16, 17), (16, 17)], 4: [(7, 6), (7, 5), (6, 5), (5, 5), (4, 5), (3, 5), (2, 5), (1, 5), (1, 4), (1, 3), (0, 3), (0, 2), (1, 2), (2, 2), (3, 2), (3, 3), (3, 4), (3, 5), (3, 6), (3, 7), (3, 8), (3, 9), (3, 10), (3, 11), (3, 12), (3, 13), (3, 14), (3, 15), (3, 16), (3, 17), (3, 18), (3, 17), (4, 17), (5, 17), (6, 17), (6, 17)], 5: [(22, 23), (22, 24), (23, 24), (24, 24), (24, 23), (24, 22), (24, 21), (23, 21), (22, 21), (21, 21), (20, 21), (19, 21), (18, 21), (17, 21), (16, 21), (15, 21), (14, 21), (13, 21), (13, 22), (13, 23), (13, 24), (13, 24)], 6: [(17, 11), (17, 12), (17, 13), (17, 13)], 7: [(4, 13), (5, 13), (6, 13), (6, 12), (6, 11), (6, 10), (7, 10), (8, 10), (9, 10), (10, 10), (9, 10), (9, 9), (9, 8), (9, 7), (10, 7), (11, 7), (10, 7), (9, 7), (9, 6), (8, 6), (7, 6), (7, 5), (6, 5), (5, 5), (5, 4), (5, 4)], 8: [(22, 6), (21, 6), (21, 7), (21, 8), (21, 9), (21, 10), (21, 11), (21, 12), (21, 13), (21, 14), (21, 15), (21, 16), (20, 16), (20, 17), (20, 18), (20, 18)], 9: [(26, 21), (25, 21), (24, 21), (23, 21), (22, 21), (21, 21), (20, 21), (19, 21), (18, 21), (17, 21), (16, 21), (15, 21), (14, 21), (13, 21), (12, 21), (11, 21), (10, 21), (9, 21), (8, 21), (7, 21), (6, 21), (5, 21), (5, 22), (4, 22), (3, 22), (2, 22), (1, 22), (1, 21), (1, 22), (1, 23), (1, 23)]}, 61)