

CBSS-C STATS
starts:[596, 242, 390, 408, 19, 209, 620, 234, 286, 441]
targets:[6, 407, 346, 939, 60, 935, 619, 11, 191, 818, 494, 781, 868, 308, 358, 371, 254, 31, 197, 240, 780, 782, 227, 206, 695, 738, 255, 228, 856, 386, 827, 957, 463, 991, 350, 27, 546, 880, 335, 120]
dests:[61, 167, 579, 693, 839, 608, 562, 878, 336, 566]
ac_dict:{6: {0, 1}, 407: {1, 2}, 346: {2, 3}, 939: {3, 4}, 60: {4, 5}, 935: {5, 6}, 619: {6, 7}, 11: {8, 7}, 191: {8, 9}, 61: {0}, 167: {1}, 579: {2}, 693: {3}, 839: {4}, 608: {5}, 562: {6}, 878: {7}, 336: {8}, 566: {9}}
clusters:[ 1 24 32  1 12 23 31 27 17 21 22  7  3 30  0  2 18  4  2  9  8 29 34  6
 13 16 20 11 25  4 15  5 26 28 19 10  3 14 33  0]

round: 3
best_g_value: 319.0
open_list_size: 1
num_low_level_expanded: 1656
search_success: 1
search_time: 72.75743132799835
n_tsp_call: 1
n_tsp_time: 72.55323635100285
n_roots: 1
num_conflicts: 2
target_assignment: {27: 0, 254: 8, 255: 8, 191: 8, 240: 8, 120: 4, 60: 4, 350: 4, 957: 4, 991: 4, 827: 4, 856: 4, 818: 4, 880: 4, 939: 4, 228: 2, 227: 2, 386: 2, 546: 2, 619: 6, 11: 7, 780: 7, 782: 7, 781: 7, 335: 5, 463: 5, 494: 5, 935: 5, 738: 5, 346: 3, 695: 3, 308: 1, 407: 1, 371: 1, 206: 1}
cluster_target_selection: {10: 27, 18: 254, 20: 255, 17: 191, 9: 240, 0: 120, 12: 60, 19: 350, 5: 957, 28: 991, 15: 827, 25: 856, 21: 818, 14: 880, 1: 939, 11: 228, 34: 227, 4: 386, 3: 546, 31: 619, 27: 11, 8: 780, 29: 782, 7: 781, 33: 335, 26: 463, 22: 494, 23: 935, 16: 738, 32: 346, 13: 695, 30: 308, 24: 407, 2: 371, 6: 206}
num_nodes_transformed_graph: 348
agent_paths:({0: [(20, 18), (20, 17), (20, 16), (21, 16), (21, 15), (21, 14), (21, 13), (21, 12), (21, 11), (21, 10), (21, 9), (21, 8), (21, 7), (21, 6), (21, 5), (21, 4), (21, 3), (22, 3), (23, 3), (24, 3), (25, 3), (26, 3), (27, 3), (27, 2), (27, 1), (27, 0), (28, 0), (29, 0), (29, 1), (29, 1)], 1: [(18, 7), (19, 7), (20, 7), (20, 8), (20, 9), (21, 9), (22, 9), (23, 9), (23, 10), (23, 11), (23, 12), (22, 12), (21, 12), (20, 12), (19, 12), (19, 11), (18, 11), (18, 10), (18, 9), (17, 9), (17, 8), (17, 7), (16, 7), (15, 7), (14, 7), (14, 6), (13, 6), (12, 6), (11, 6), (10, 6), (9, 6), (8, 6), (7, 6), (7, 5), (7, 5)], 2: [(6, 12), (6, 11), (5, 11), (4, 11), (4, 10), (4, 9), (4, 8), (4, 7), (3, 7), (3, 8), (3, 9), (2, 9), (2, 10), (2, 11), (2, 12), (2, 13), (2, 14), (2, 15), (2, 16), (2, 17), (3, 17), (3, 18), (3, 18)], 3: [(24, 12), (24, 11), (24, 10), (25, 10), (26, 10), (25, 10), (24, 10), (23, 10), (23, 11), (23, 12), (23, 13), (23, 14), (23, 15), (23, 16), (23, 17), (23, 18), (23, 19), (23, 20), (23, 21), (22, 21), (21, 21), (21, 21)], 4: [(19, 0), (20, 0), (21, 0), (22, 0), (23, 0), (24, 0), (24, 1), (24, 2), (24, 3), (25, 3), (26, 3), (27, 3), (27, 2), (27, 1), (28, 1), (29, 1), (30, 1), (30, 2), (30, 3), (30, 4), (30, 5), (30, 6), (30, 7), (30, 8), (30, 9), (30, 10), (29, 10), (29, 11), (29, 12), (29, 13), (29, 14), (29, 15), (29, 16), (29, 17), (29, 18), (29, 19), (29, 20), (29, 21), (29, 22), (29, 23), (29, 24), (29, 25), (29, 26), (29, 27), (29, 28), (29, 29), (30, 29), (31, 29), (31, 30), (30, 30), (29, 30), (28, 30), (27, 30), (27, 29), (27, 28), (27, 27), (27, 26), (27, 25), (26, 25), (25, 25), (24, 25), (24, 26), (23, 26), (22, 26), (22, 25), (21, 25), (20, 25), (19, 25), (18, 25), (17, 25), (16, 25), (16, 26), (16, 27), (15, 27), (15, 28), (14, 28), (13, 28), (12, 28), (11, 28), (11, 29), (10, 29), (10, 28), (9, 28), (8, 28), (8, 27), (8, 26), (7, 26), (7, 26)], 5: [(17, 6), (16, 6), (16, 7), (16, 8), (16, 9), (15, 9), (15, 10), (15, 11), (15, 12), (15, 13), (15, 14), (14, 14), (14, 15), (13, 15), (12, 15), (11, 15), (10, 15), (9, 15), (9, 16), (8, 16), (8, 17), (8, 18), (8, 19), (8, 20), (8, 21), (8, 22), (8, 23), (8, 24), (8, 25), (8, 26), (8, 27), (8, 28), (7, 28), (7, 29), (6, 29), (5, 29), (4, 29), (3, 29), (2, 29), (2, 28), (2, 27), (2, 26), (2, 25), (2, 24), (2, 23), (1, 23), (1, 22), (1, 21), (0, 21), (0, 20), (0, 19), (0, 19)], 6: [(12, 19), (11, 19), (11, 18), (11, 17), (12, 17), (13, 17), (14, 17), (15, 17), (16, 17), (17, 17), (18, 17), (18, 17)], 7: [(10, 7), (10, 6), (10, 5), (10, 4), (10, 3), (10, 2), (10, 1), (10, 0), (11, 0), (11, 1), (11, 2), (11, 3), (11, 4), (11, 5), (11, 6), (11, 7), (11, 8), (11, 9), (11, 10), (12, 10), (12, 11), (12, 12), (12, 13), (12, 14), (12, 15), (12, 16), (12, 17), (12, 18), (12, 19), (12, 20), (12, 21), (12, 22), (12, 23), (12, 24), (13, 24), (14, 24), (13, 24), (13, 25), (13, 26), (13, 27), (14, 27), (14, 27)], 8: [(30, 8), (30, 7), (31, 7), (31, 6), (31, 5), (30, 5), (29, 5), (28, 5), (27, 5), (26, 5), (25, 5), (24, 5), (23, 5), (23, 6), (22, 6), (21, 6), (20, 6), (19, 6), (18, 6), (17, 6), (16, 6), (16, 7), (16, 8), (16, 9), (16, 10), (16, 10)], 9: [(25, 13), (24, 13), (23, 13), (22, 13), (22, 14), (22, 15), (22, 16), (22, 17), (22, 17)]}, 86)