

CBSS-C STATS
starts:[40, 370, 493, 651, 88, 685, 151, 749, 760, 484]
targets:[1007, 623, 967, 48, 610, 25, 943, 60, 753, 462, 913, 887, 117, 785, 796, 669, 581, 377, 612, 58, 310, 928, 876, 971, 723, 50, 55, 149, 939, 445, 329, 485, 160, 597, 700, 888, 28, 751, 101, 65]
dests:[752, 325, 244, 490, 787, 892, 489, 350, 1017, 630]
ac_dict:{1007: {0, 1}, 623: {1, 2}, 967: {2, 3}, 48: {3, 4}, 610: {4, 5}, 25: {5, 6}, 943: {6, 7}, 60: {8, 7}, 753: {8, 9}, 752: {0}, 325: {1}, 244: {2}, 490: {3}, 787: {4}, 892: {5}, 489: {6}, 350: {7}, 1017: {8}, 630: {9}}
clusters:[ 4  0  2 21 32 19  5 34 27 12 14 16 33 30  3  1  1 24  3 25 29  0 31 15
  4 28 22 11  2 23 18 20  9 10  8 17 13  7  6 26]

round: 1
best_g_value: 329.0
open_list_size: 0
num_low_level_expanded: 906
search_success: 1
search_time: 15.063846993001789
n_tsp_call: 1
n_tsp_time: 14.956893277001654
n_roots: 1
num_conflicts: 0
target_assignment: {101: 0, 65: 0, 160: 0, 612: 5, 610: 5, 928: 5, 971: 5, 939: 5, 876: 5, 887: 5, 888: 5, 50: 4, 48: 4, 117: 4, 149: 4, 310: 4, 597: 4, 943: 7, 913: 7, 785: 7, 700: 7, 669: 7, 445: 7, 60: 7, 28: 7, 58: 7, 329: 1, 55: 6, 25: 6, 377: 6, 462: 6, 485: 9, 751: 9, 753: 9, 723: 9}
cluster_target_selection: {6: 101, 26: 65, 9: 160, 3: 612, 32: 610, 0: 928, 15: 971, 2: 939, 31: 876, 16: 887, 17: 888, 28: 50, 21: 48, 33: 117, 11: 149, 29: 310, 10: 597, 5: 943, 14: 913, 30: 785, 8: 700, 1: 669, 23: 445, 34: 60, 13: 28, 25: 58, 18: 329, 22: 55, 19: 25, 24: 377, 12: 462, 20: 485, 7: 751, 27: 753, 4: 723}
num_nodes_transformed_graph: 177
agent_paths:({0: [(8, 1), (7, 1), (6, 1), (5, 1), (5, 2), (5, 3), (4, 3), (3, 3), (2, 3), (1, 3), (1, 2), (1, 3), (1, 4), (1, 5), (0, 5), (1, 5), (2, 5), (3, 5), (4, 5), (5, 5), (6, 5), (7, 5), (8, 5), (8, 6), (9, 6), (10, 6), (11, 6), (12, 6), (13, 6), (14, 6), (15, 6), (16, 6), (16, 7), (16, 8), (16, 9), (16, 10), (16, 11), (16, 12), (16, 13), (16, 14), (16, 15), (16, 16), (16, 17), (16, 18), (16, 19), (16, 20), (16, 21), (16, 22), (16, 23), (16, 23)], 1: [(18, 11), (17, 11), (16, 11), (15, 11), (14, 11), (14, 10), (13, 10), (12, 10), (11, 10), (10, 10), (9, 10), (8, 10), (7, 10), (6, 10), (5, 10), (5, 10)], 2: [(13, 15), (13, 14), (13, 13), (14, 13), (14, 12), (14, 11), (14, 10), (14, 9), (15, 9), (16, 9), (16, 8), (16, 7), (17, 7), (18, 7), (19, 7), (20, 7), (20, 7)], 3: [(11, 20), (10, 20), (10, 19), (10, 18), (10, 17), (10, 16), (10, 15), (10, 15)], 4: [(24, 2), (23, 2), (22, 2), (21, 2), (20, 2), (20, 1), (19, 1), (18, 1), (17, 1), (16, 1), (17, 1), (18, 1), (19, 1), (20, 1), (20, 2), (21, 2), (21, 3), (21, 4), (21, 5), (21, 6), (22, 6), (22, 7), (22, 8), (22, 9), (21, 9), (21, 10), (21, 11), (21, 12), (21, 13), (21, 14), (21, 15), (21, 16), (21, 17), (21, 18), (20, 18), (19, 18), (19, 19), (19, 20), (19, 21), (19, 22), (19, 23), (19, 24), (19, 24)], 5: [(13, 21), (12, 21), (11, 21), (10, 21), (9, 21), (8, 21), (7, 21), (6, 21), (5, 21), (5, 20), (5, 19), (4, 19), (4, 18), (3, 18), (2, 18), (2, 19), (1, 19), (1, 20), (1, 21), (1, 22), (1, 23), (0, 23), (0, 24), (0, 25), (0, 26), (0, 27), (0, 28), (0, 29), (1, 29), (2, 29), (3, 29), (4, 29), (5, 29), (6, 29), (7, 29), (8, 29), (8, 30), (9, 30), (10, 30), (11, 30), (11, 29), (11, 28), (11, 27), (12, 27), (13, 27), (14, 27), (15, 27), (16, 27), (17, 27), (18, 27), (19, 27), (20, 27), (21, 27), (22, 27), (23, 27), (24, 27), (25, 27), (26, 27), (27, 27), (28, 27), (28, 27)], 6: [(23, 4), (23, 3), (23, 2), (23, 1), (23, 0), (24, 0), (25, 0), (24, 0), (24, 1), (24, 2), (25, 2), (25, 3), (25, 4), (25, 5), (25, 6), (25, 7), (25, 8), (25, 9), (25, 10), (25, 11), (24, 11), (23, 11), (22, 11), (21, 11), (21, 12), (20, 12), (19, 12), (18, 12), (17, 12), (16, 12), (15, 12), (14, 12), (14, 13), (14, 14), (13, 14), (12, 14), (11, 14), (10, 14), (9, 14), (9, 15), (9, 15)], 7: [(13, 23), (14, 23), (15, 23), (15, 24), (15, 25), (15, 26), (15, 27), (15, 28), (15, 29), (15, 28), (16, 28), (17, 28), (17, 27), (17, 26), (17, 25), (17, 24), (17, 23), (17, 22), (17, 21), (18, 21), (19, 21), (20, 21), (21, 21), (22, 21), (23, 21), (24, 21), (25, 21), (26, 21), (27, 21), (28, 21), (28, 20), (29, 20), (29, 19), (29, 18), (29, 17), (29, 16), (29, 15), (29, 14), (29, 13), (28, 13), (28, 12), (28, 11), (28, 10), (28, 9), (28, 8), (28, 7), (28, 6), (28, 5), (28, 4), (28, 3), (28, 2), (28, 1), (28, 0), (27, 0), (27, 1), (26, 1), (27, 1), (28, 1), (29, 1), (30, 1), (30, 2), (30, 3), (30, 4), (30, 5), (30, 6), (30, 7), (30, 8), (30, 9), (30, 10), (30, 10)], 8: [(24, 23), (24, 24), (25, 24), (25, 25), (25, 26), (25, 27), (25, 28), (25, 29), (25, 30), (25, 31), (25, 31)], 9: [(4, 15), (5, 15), (6, 15), (7, 15), (7, 16), (8, 16), (9, 16), (10, 16), (11, 16), (12, 16), (13, 16), (14, 16), (14, 17), (14, 18), (14, 19), (15, 19), (15, 20), (15, 21), (15, 22), (15, 23), (16, 23), (17, 23), (17, 22), (18, 22), (19, 22), (19, 21), (19, 20), (19, 19), (20, 19), (21, 19), (22, 19), (22, 19)]}, 68)