

CBSS-C STATS
starts:[37, 805, 338, 204, 121, 619, 1003, 735, 173, 212]
targets:[904, 403, 978, 407, 29, 325, 153, 781, 782, 989, 42, 894, 984, 554, 0, 608, 827, 544, 727, 848, 220, 683, 405, 915, 131, 4, 820, 297, 965, 399, 879, 1010, 1021, 811, 441, 884, 755, 221, 257, 851]
dests:[650, 921, 163, 421, 3, 327, 926, 59, 87, 569]
ac_dict:{904: {0, 1}, 403: {1, 2}, 978: {2, 3}, 407: {3, 4}, 29: {4, 5}, 325: {5, 6}, 153: {6, 7}, 781: {8, 7}, 782: {8, 9}, 650: {0}, 921: {1}, 163: {2}, 421: {3}, 3: {4}, 327: {5}, 926: {6}, 59: {7}, 87: {8}, 569: {9}}
clusters:[25  9  1 30 33  4 12 29  2 24 32 23 28  0  3  3 18  1 10 27 17 34 20  8
 15 13 31  2 19 21 14 11 22 26  7  4  5 16  0  6]

round: 4
best_g_value: 323.0
open_list_size: 3
num_low_level_expanded: 1144
search_success: 1
search_time: 12.805330576997221
n_tsp_call: 1
n_tsp_time: 12.676874895001674
n_roots: 1
num_conflicts: 3
target_assignment: {131: 0, 544: 0, 407: 3, 403: 2, 399: 2, 297: 2, 683: 5, 554: 5, 827: 7, 820: 7, 781: 7, 755: 7, 727: 7, 441: 7, 153: 7, 221: 7, 220: 7, 1010: 6, 984: 6, 989: 6, 1021: 6, 894: 6, 405: 9, 965: 1, 904: 1, 811: 1, 879: 1, 848: 1, 851: 1, 915: 1, 884: 1, 29: 4, 42: 4, 4: 4, 0: 4}
cluster_target_selection: {15: 131, 1: 544, 30: 407, 9: 403, 21: 399, 2: 297, 34: 683, 0: 554, 18: 827, 31: 820, 29: 781, 5: 755, 10: 727, 7: 441, 12: 153, 16: 221, 17: 220, 11: 1010, 28: 984, 24: 989, 22: 1021, 23: 894, 20: 405, 19: 965, 25: 904, 26: 811, 14: 879, 27: 848, 6: 851, 8: 915, 4: 884, 33: 29, 32: 42, 13: 4, 3: 0}
num_nodes_transformed_graph: 177
agent_paths:({0: [(5, 1), (4, 1), (3, 1), (3, 2), (3, 3), (3, 4), (2, 4), (1, 4), (1, 5), (1, 6), (1, 7), (1, 8), (1, 9), (1, 10), (1, 11), (1, 12), (1, 13), (1, 14), (1, 15), (1, 16), (1, 17), (0, 17), (1, 17), (2, 17), (3, 17), (4, 17), (5, 17), (6, 17), (7, 17), (8, 17), (9, 17), (10, 17), (10, 18), (10, 19), (10, 20), (10, 20)], 1: [(5, 25), (5, 26), (5, 27), (5, 28), (5, 29), (5, 30), (5, 29), (5, 28), (6, 28), (7, 28), (8, 28), (8, 27), (8, 26), (8, 25), (9, 25), (10, 25), (11, 25), (12, 25), (13, 25), (13, 26), (13, 27), (14, 27), (15, 27), (15, 26), (16, 26), (17, 26), (18, 26), (19, 26), (19, 27), (19, 28), (19, 27), (20, 27), (21, 27), (22, 27), (23, 27), (24, 27), (25, 27), (25, 28), (25, 28)], 2: [(18, 10), (19, 10), (19, 11), (19, 12), (18, 12), (17, 12), (16, 12), (15, 12), (14, 12), (14, 11), (14, 10), (13, 10), (12, 10), (11, 10), (10, 10), (10, 9), (9, 9), (9, 8), (8, 8), (7, 8), (7, 7), (6, 7), (5, 7), (4, 7), (3, 7), (3, 6), (3, 5), (3, 5)], 3: [(12, 6), (13, 6), (14, 6), (15, 6), (16, 6), (17, 6), (18, 6), (19, 6), (20, 6), (21, 6), (22, 6), (22, 7), (22, 8), (23, 8), (23, 9), (23, 10), (23, 11), (23, 12), (22, 12), (21, 12), (20, 12), (19, 12), (18, 12), (17, 12), (16, 12), (15, 12), (14, 12), (14, 13), (13, 13), (12, 13), (12, 14), (11, 14), (10, 14), (10, 13), (10, 12), (9, 12), (8, 12), (8, 13), (7, 13), (6, 13), (5, 13), (5, 13)], 4: [(25, 3), (26, 3), (27, 3), (27, 2), (27, 1), (27, 0), (28, 0), (29, 0), (28, 0), (27, 0), (27, 1), (27, 2), (27, 3), (26, 3), (25, 3), (24, 3), (23, 3), (22, 3), (21, 3), (20, 3), (19, 3), (18, 3), (17, 3), (16, 3), (16, 2), (16, 1), (15, 1), (14, 1), (13, 1), (12, 1), (11, 1), (10, 1), (9, 1), (8, 1), (7, 1), (6, 1), (5, 1), (4, 1), (4, 0), (3, 0), (2, 0), (1, 0), (0, 0), (1, 0), (2, 0), (3, 0), (3, 0)], 5: [(11, 19), (11, 20), (11, 21), (10, 21), (10, 20), (10, 19), (10, 18), (10, 17), (10, 16), (10, 15), (10, 14), (10, 13), (10, 12), (9, 12), (9, 11), (9, 10), (8, 10), (7, 10), (7, 10)], 6: [(11, 31), (12, 31), (13, 31), (14, 31), (15, 31), (16, 31), (17, 31), (18, 31), (18, 30), (19, 30), (20, 30), (21, 30), (22, 30), (23, 30), (24, 30), (25, 30), (26, 30), (27, 30), (28, 30), (29, 30), (29, 31), (29, 30), (29, 29), (29, 28), (29, 27), (30, 27), (30, 28), (30, 28)], 7: [(31, 22), (30, 22), (29, 22), (28, 22), (27, 22), (27, 23), (27, 24), (27, 25), (26, 25), (25, 25), (24, 25), (23, 25), (22, 25), (21, 25), (20, 25), (19, 25), (18, 25), (17, 25), (16, 25), (15, 25), (14, 25), (13, 25), (13, 24), (13, 23), (14, 23), (15, 23), (16, 23), (17, 23), (18, 23), (19, 23), (19, 22), (20, 22), (21, 22), (21, 21), (22, 21), (23, 21), (23, 22), (23, 21), (23, 20), (23, 19), (23, 18), (23, 17), (23, 16), (23, 15), (23, 14), (23, 13), (24, 13), (25, 13), (25, 12), (25, 11), (25, 10), (25, 9), (25, 8), (25, 7), (25, 6), (25, 5), (25, 4), (26, 4), (27, 4), (28, 4), (29, 4), (29, 5), (29, 6), (28, 6), (27, 6), (27, 5), (27, 4), (27, 3), (27, 2), (27, 1), (27, 1)], 8: [(13, 5), (14, 5), (15, 5), (16, 5), (16, 4), (16, 3), (17, 3), (18, 3), (19, 3), (20, 3), (20, 2), (21, 2), (22, 2), (23, 2), (23, 2)], 9: [(20, 6), (21, 6), (21, 7), (21, 8), (21, 9), (21, 10), (21, 11), (21, 12), (22, 12), (23, 12), (24, 12), (25, 12), (25, 13), (25, 14), (25, 15), (25, 16), (25, 17), (25, 17)]}, 69)