

CBSS-C STATS
starts:[38, 851, 555, 977, 369, 76, 215, 219, 816, 939]
targets:[419, 352, 524, 95, 655, 1009, 50, 379, 292, 88, 951, 461, 843, 581, 210, 547, 781, 970, 41, 388, 654, 637, 999, 222, 302, 721, 394, 465, 686, 597, 472, 548, 602, 244, 471, 107, 783, 881, 618, 287]
dests:[386, 663, 37, 698, 905, 990, 380, 531, 162, 872]
ac_dict:{419: {0, 1}, 352: {1, 2}, 524: {2, 3}, 95: {3, 4}, 655: {4, 5}, 1009: {5, 6}, 50: {6, 7}, 379: {8, 7}, 292: {8, 9}, 386: {0}, 663: {1}, 37: {2}, 698: {3}, 905: {4}, 990: {5}, 380: {6}, 531: {7}, 162: {8}, 872: {9}}
clusters:[ 3 26 15 12  0 23 17  8 30 21 11 31 22  1 33 24  7 29 16  1 32 25  6  4
 18  2 27 10 19 28 34  2 20  0  4  9 13 14  3  5]

round: 1
best_g_value: 309.0
open_list_size: 0
num_low_level_expanded: 633
search_success: 1
search_time: 10.652244184995652
n_tsp_call: 1
n_tsp_time: 10.556383228999039
n_roots: 1
num_conflicts: 0
target_assignment: {388: 0, 41: 5, 107: 5, 302: 5, 654: 5, 655: 5, 783: 5, 881: 5, 1009: 5, 210: 4, 222: 4, 95: 4, 287: 4, 472: 4, 465: 4, 461: 4, 781: 4, 843: 4, 50: 6, 88: 6, 970: 9, 999: 9, 379: 7, 637: 7, 602: 7, 597: 7, 524: 2, 548: 2, 547: 2, 352: 2, 951: 3, 686: 8, 618: 8, 394: 8, 292: 8}
cluster_target_selection: {1: 388, 16: 41, 9: 107, 18: 302, 32: 654, 0: 655, 13: 783, 14: 881, 23: 1009, 33: 210, 4: 222, 12: 95, 5: 287, 34: 472, 10: 465, 31: 461, 7: 781, 22: 843, 17: 50, 21: 88, 29: 970, 6: 999, 8: 379, 25: 637, 20: 602, 28: 597, 15: 524, 2: 548, 24: 547, 26: 352, 11: 951, 19: 686, 3: 618, 27: 394, 30: 292}
num_nodes_transformed_graph: 168
agent_paths:({0: [(6, 1), (5, 1), (5, 2), (5, 3), (5, 4), (5, 5), (5, 6), (5, 7), (4, 7), (4, 8), (4, 9), (4, 10), (4, 11), (4, 12), (3, 12), (2, 12), (2, 12)], 1: [(19, 26), (19, 25), (19, 24), (19, 23), (19, 22), (19, 21), (19, 20), (20, 20), (21, 20), (22, 20), (23, 20), (23, 20)], 2: [(11, 17), (11, 16), (12, 16), (11, 16), (10, 16), (9, 16), (8, 16), (7, 16), (6, 16), (5, 16), (4, 16), (4, 17), (3, 17), (2, 17), (1, 17), (1, 16), (1, 15), (1, 14), (1, 13), (1, 12), (1, 11), (0, 11), (0, 10), (0, 9), (0, 8), (0, 7), (1, 7), (1, 6), (1, 5), (1, 4), (1, 3), (1, 2), (1, 1), (2, 1), (3, 1), (4, 1), (5, 1), (5, 1)], 3: [(17, 30), (18, 30), (19, 30), (20, 30), (21, 30), (22, 30), (23, 30), (23, 29), (23, 28), (23, 27), (23, 26), (23, 25), (23, 24), (24, 24), (24, 23), (24, 22), (24, 21), (25, 21), (26, 21), (26, 21)], 4: [(17, 11), (18, 11), (18, 10), (18, 9), (18, 8), (18, 7), (18, 6), (19, 6), (20, 6), (21, 6), (22, 6), (23, 6), (24, 6), (25, 6), (26, 6), (27, 6), (28, 6), (29, 6), (30, 6), (30, 5), (30, 4), (30, 3), (30, 2), (31, 2), (31, 3), (31, 4), (31, 5), (31, 6), (31, 7), (31, 8), (30, 8), (29, 8), (28, 8), (27, 8), (27, 9), (27, 10), (26, 10), (25, 10), (24, 10), (24, 11), (24, 12), (24, 13), (24, 14), (23, 14), (22, 14), (21, 14), (20, 14), (19, 14), (18, 14), (17, 14), (16, 14), (15, 14), (14, 14), (13, 14), (13, 15), (13, 16), (13, 17), (13, 18), (13, 19), (13, 20), (13, 21), (13, 22), (13, 23), (13, 24), (12, 24), (11, 24), (11, 25), (11, 26), (10, 26), (9, 26), (9, 27), (9, 28), (9, 28)], 5: [(12, 2), (11, 2), (10, 2), (9, 2), (9, 1), (10, 1), (11, 1), (11, 2), (11, 3), (12, 3), (13, 3), (13, 4), (13, 5), (13, 6), (13, 7), (13, 8), (13, 9), (14, 9), (14, 10), (14, 11), (14, 12), (14, 13), (14, 14), (14, 15), (14, 16), (14, 17), (14, 18), (14, 19), (14, 20), (15, 20), (15, 21), (15, 22), (15, 23), (15, 24), (16, 24), (17, 24), (17, 25), (17, 26), (17, 27), (17, 28), (17, 29), (17, 30), (17, 31), (17, 30), (18, 30), (19, 30), (20, 30), (21, 30), (22, 30), (23, 30), (24, 30), (25, 30), (26, 30), (27, 30), (28, 30), (29, 30), (30, 30), (30, 30)], 6: [(23, 6), (22, 6), (21, 6), (21, 5), (21, 4), (20, 4), (20, 3), (20, 2), (20, 1), (19, 1), (18, 1), (19, 1), (20, 1), (20, 2), (21, 2), (22, 2), (23, 2), (24, 2), (25, 2), (25, 3), (26, 3), (27, 3), (28, 3), (28, 4), (28, 5), (28, 6), (28, 7), (28, 8), (28, 9), (28, 10), (28, 11), (28, 11)], 7: [(27, 6), (27, 7), (27, 8), (27, 9), (27, 10), (27, 11), (28, 11), (29, 11), (29, 12), (29, 13), (29, 14), (29, 15), (29, 16), (29, 17), (29, 18), (29, 19), (29, 18), (28, 18), (27, 18), (26, 18), (25, 18), (24, 18), (23, 18), (22, 18), (21, 18), (20, 18), (19, 18), (19, 17), (19, 16), (19, 16)], 8: [(16, 25), (15, 25), (15, 24), (15, 23), (15, 22), (15, 21), (14, 21), (13, 21), (12, 21), (11, 21), (10, 21), (10, 20), (10, 19), (10, 18), (10, 17), (10, 16), (10, 15), (10, 14), (10, 13), (10, 12), (9, 12), (9, 11), (9, 10), (8, 10), (7, 10), (6, 10), (5, 10), (4, 10), (4, 9), (3, 9), (3, 8), (3, 7), (2, 7), (2, 6), (2, 5), (2, 5)], 9: [(11, 29), (10, 29), (10, 30), (9, 30), (8, 30), (7, 30), (7, 31), (7, 30), (7, 29), (7, 28), (8, 28), (8, 27), (8, 27)]}, 71)