

CBSS-C STATS
starts:[69, 435, 340, 595, 711, 970, 207, 689, 211, 622]
targets:[954, 394, 728, 896, 493, 285, 129, 189, 279, 837, 496, 74, 284, 347, 264, 423, 633, 961, 140, 830, 175, 844, 725, 659, 354, 605, 480, 305, 172, 915, 891, 84, 992, 273, 366, 133, 41, 660, 333, 304]
dests:[339, 566, 471, 443, 558, 858, 681, 930, 540, 638]
ac_dict:{954: {0, 1}, 394: {1, 2}, 728: {2, 3}, 896: {3, 4}, 493: {4, 5}, 285: {5, 6}, 129: {6, 7}, 189: {8, 7}, 279: {8, 9}, 339: {0}, 566: {1}, 471: {2}, 443: {3}, 558: {4}, 858: {5}, 681: {6}, 930: {7}, 540: {8}, 638: {9}}
clusters:[ 9 26  6 34 31  8  4 15  0  2  4  3 16  0  1 25 19  7 33 23 24 32 20 29
  1  3 28 14 22 10 30  5 17 12 18 13 11  2 21 27]

round: 1
best_g_value: 330.0
open_list_size: 0
num_low_level_expanded: 889
search_success: 1
search_time: 15.66849568199541
n_tsp_call: 1
n_tsp_time: 15.561115692005842
n_roots: 1
num_conflicts: 0
target_assignment: {133: 0, 41: 0, 140: 0, 172: 0, 175: 0, 273: 0, 305: 0, 304: 0, 633: 9, 605: 9, 659: 3, 728: 3, 915: 5, 285: 6, 347: 6, 961: 4, 992: 4, 896: 4, 480: 4, 354: 4, 423: 4, 493: 4, 366: 1, 333: 1, 394: 1, 496: 1, 725: 1, 830: 1, 891: 1, 954: 1, 84: 8, 189: 8, 284: 8, 844: 7, 837: 7}
cluster_target_selection: {13: 133, 11: 41, 33: 140, 22: 172, 24: 175, 12: 273, 14: 305, 27: 304, 19: 633, 3: 605, 29: 659, 6: 728, 10: 915, 8: 285, 0: 347, 7: 961, 17: 992, 34: 896, 28: 480, 1: 354, 25: 423, 31: 493, 18: 366, 21: 333, 26: 394, 4: 496, 20: 725, 23: 830, 30: 891, 9: 954, 5: 84, 15: 189, 16: 284, 32: 844, 2: 837}
num_nodes_transformed_graph: 179
agent_paths:({0: [(5, 2), (5, 3), (5, 4), (5, 3), (5, 2), (5, 1), (6, 1), (7, 1), (8, 1), (9, 1), (10, 1), (11, 1), (12, 1), (12, 2), (12, 3), (12, 4), (12, 5), (13, 5), (14, 5), (15, 5), (16, 5), (17, 5), (17, 6), (17, 7), (17, 8), (17, 9), (16, 9), (17, 9), (18, 9), (19, 9), (19, 10), (19, 10)], 1: [(19, 13), (18, 13), (17, 13), (16, 13), (15, 13), (14, 13), (14, 12), (14, 11), (14, 10), (13, 10), (12, 10), (11, 10), (10, 10), (10, 11), (10, 12), (10, 13), (10, 14), (11, 14), (12, 14), (13, 14), (14, 14), (15, 14), (16, 14), (16, 15), (17, 15), (18, 15), (19, 15), (19, 16), (20, 16), (21, 16), (21, 17), (21, 18), (21, 19), (21, 20), (21, 21), (21, 22), (21, 23), (22, 23), (22, 24), (23, 24), (24, 24), (25, 24), (26, 24), (27, 24), (28, 24), (29, 24), (30, 24), (30, 25), (29, 25), (28, 25), (27, 25), (27, 26), (27, 27), (26, 27), (26, 28), (26, 29), (25, 29), (24, 29), (24, 28), (24, 27), (24, 26), (24, 25), (24, 24), (24, 23), (24, 22), (23, 22), (23, 21), (22, 21), (22, 20), (22, 19), (22, 18), (22, 17), (22, 17)], 2: [(20, 10), (21, 10), (22, 10), (23, 10), (23, 11), (23, 12), (23, 13), (23, 14), (23, 14)], 3: [(19, 18), (19, 19), (19, 20), (20, 20), (21, 20), (22, 20), (23, 20), (24, 20), (24, 21), (24, 22), (24, 21), (24, 20), (24, 19), (24, 18), (24, 17), (24, 16), (24, 15), (24, 14), (24, 13), (25, 13), (26, 13), (27, 13), (27, 13)], 4: [(7, 22), (6, 22), (5, 22), (4, 22), (3, 22), (2, 22), (2, 23), (2, 24), (2, 25), (2, 26), (2, 27), (1, 27), (1, 28), (1, 29), (1, 30), (0, 30), (0, 31), (0, 30), (0, 29), (0, 28), (0, 27), (0, 26), (0, 25), (0, 24), (0, 23), (1, 23), (1, 22), (1, 21), (1, 20), (1, 19), (2, 19), (2, 18), (2, 17), (1, 17), (1, 16), (1, 15), (0, 15), (0, 14), (1, 14), (1, 13), (1, 12), (1, 11), (2, 11), (3, 11), (4, 11), (5, 11), (6, 11), (6, 12), (6, 13), (7, 13), (8, 13), (8, 12), (9, 12), (10, 12), (10, 13), (10, 14), (11, 14), (12, 14), (13, 14), (13, 15), (14, 15), (14, 16), (14, 17), (14, 17)], 5: [(10, 30), (10, 29), (10, 28), (11, 28), (12, 28), (13, 28), (14, 28), (15, 28), (16, 28), (17, 28), (18, 28), (19, 28), (19, 27), (20, 27), (21, 27), (22, 27), (22, 26), (23, 26), (24, 26), (25, 26), (26, 26), (26, 26)], 6: [(15, 6), (16, 6), (17, 6), (18, 6), (19, 6), (20, 6), (21, 6), (22, 6), (23, 6), (24, 6), (25, 6), (26, 6), (27, 6), (28, 6), (29, 6), (29, 7), (29, 8), (28, 8), (27, 8), (27, 9), (27, 10), (26, 10), (25, 10), (24, 10), (23, 10), (22, 10), (21, 10), (20, 10), (19, 10), (18, 10), (18, 11), (17, 11), (16, 11), (15, 11), (14, 11), (14, 12), (14, 13), (13, 13), (12, 13), (12, 14), (11, 14), (10, 14), (9, 14), (9, 15), (9, 16), (9, 17), (9, 18), (9, 19), (9, 20), (9, 21), (9, 21)], 7: [(17, 21), (16, 21), (15, 21), (14, 21), (13, 21), (12, 21), (12, 22), (12, 23), (12, 24), (12, 25), (12, 26), (11, 26), (10, 26), (9, 26), (8, 26), (7, 26), (6, 26), (5, 26), (4, 26), (3, 26), (2, 26), (2, 27), (2, 28), (2, 29), (2, 29)], 8: [(19, 6), (19, 5), (19, 4), (19, 3), (20, 3), (20, 2), (21, 2), (22, 2), (23, 2), (24, 2), (25, 2), (25, 3), (26, 3), (27, 3), (28, 3), (28, 4), (29, 4), (29, 5), (28, 5), (28, 6), (28, 7), (28, 8), (28, 9), (28, 10), (28, 11), (28, 12), (28, 13), (28, 14), (28, 15), (28, 16), (28, 16)], 9: [(14, 19), (15, 19), (16, 19), (17, 19), (18, 19), (19, 19), (20, 19), (21, 19), (22, 19), (23, 19), (24, 19), (25, 19), (25, 18), (26, 18), (27, 18), (28, 18), (29, 18), (30, 18), (30, 19), (30, 19)]}, 71)