

CBSS-C STATS
starts:[3, 949, 357, 992, 173, 144, 821, 375, 788, 522]
targets:[507, 163, 682, 766, 75, 471, 371, 32, 586, 202, 614, 1012, 612, 955, 78, 16, 708, 585, 162, 731, 396, 344, 519, 263, 361, 815, 841, 294, 513, 953, 205, 1020, 606, 670, 886, 147, 664, 998, 120, 739]
dests:[552, 89, 479, 748, 234, 825, 801, 837, 535, 1023]
ac_dict:{507: {0, 1}, 163: {1, 2}, 682: {2, 3}, 766: {3, 4}, 75: {4, 5}, 471: {5, 6}, 371: {6, 7}, 32: {8, 7}, 586: {8, 9}, 552: {0}, 89: {1}, 479: {2}, 748: {3}, 234: {4}, 825: {5}, 801: {6}, 837: {7}, 535: {8}, 1023: {9}}
clusters:[27 11  5  9 34 17  2  4  4  3  0 25 20  7 33 26 10 31 30  0 24 14 16 22
 28  8 12  1  3  1  6 21 23 13 29 18 32  2 19 15]

round: 2
best_g_value: 347.0
open_list_size: 1
num_low_level_expanded: 1000
search_success: 1
search_time: 5.7048985849978635
n_tsp_call: 1
n_tsp_time: 5.602467991004232
n_roots: 1
num_conflicts: 1
target_assignment: {162: 0, 612: 0, 519: 0, 815: 6, 586: 9, 886: 9, 953: 9, 955: 9, 1020: 9, 16: 5, 147: 5, 471: 5, 205: 4, 78: 4, 75: 4, 202: 4, 1012: 1, 664: 1, 670: 1, 606: 1, 507: 1, 120: 1, 739: 3, 708: 3, 682: 3, 766: 3, 731: 3, 344: 7, 371: 7, 585: 7, 841: 7, 163: 2, 263: 2, 361: 2, 396: 2}
cluster_target_selection: {30: 162, 20: 612, 16: 519, 8: 815, 4: 586, 29: 886, 1: 953, 7: 955, 21: 1020, 26: 16, 18: 147, 17: 471, 6: 205, 33: 78, 34: 75, 3: 202, 25: 1012, 32: 664, 13: 670, 23: 606, 27: 507, 19: 120, 15: 739, 10: 708, 5: 682, 9: 766, 0: 731, 14: 344, 2: 371, 31: 585, 12: 841, 11: 163, 22: 263, 28: 361, 24: 396}
num_nodes_transformed_graph: 174
agent_paths:({0: [(3, 0), (2, 0), (2, 1), (2, 2), (2, 3), (2, 4), (2, 5), (2, 6), (3, 6), (3, 7), (3, 8), (3, 9), (3, 10), (3, 11), (3, 12), (3, 13), (3, 14), (3, 15), (4, 15), (4, 16), (4, 17), (4, 18), (4, 19), (4, 18), (4, 17), (4, 16), (5, 16), (6, 16), (7, 16), (8, 16), (8, 17), (8, 17)], 1: [(21, 29), (20, 29), (20, 30), (20, 31), (20, 30), (20, 29), (20, 28), (20, 27), (20, 26), (20, 25), (21, 25), (22, 25), (22, 24), (23, 24), (24, 24), (24, 23), (24, 22), (24, 21), (24, 20), (25, 20), (26, 20), (27, 20), (28, 20), (29, 20), (30, 20), (30, 19), (30, 18), (29, 18), (28, 18), (27, 18), (27, 17), (27, 16), (27, 15), (26, 15), (25, 15), (25, 14), (25, 13), (25, 12), (25, 11), (25, 10), (25, 9), (25, 8), (25, 7), (25, 6), (25, 5), (25, 4), (25, 3), (24, 3), (24, 2), (25, 2), (25, 2)], 2: [(5, 11), (4, 11), (3, 11), (3, 10), (3, 9), (3, 8), (3, 7), (3, 6), (3, 5), (4, 5), (5, 5), (6, 5), (7, 5), (7, 6), (7, 7), (7, 8), (8, 8), (9, 8), (9, 9), (9, 10), (9, 11), (10, 11), (11, 11), (12, 11), (12, 12), (12, 13), (13, 13), (14, 13), (15, 13), (16, 13), (17, 13), (18, 13), (19, 13), (20, 13), (21, 13), (22, 13), (23, 13), (24, 13), (25, 13), (26, 13), (27, 13), (28, 13), (29, 13), (29, 14), (30, 14), (31, 14), (31, 14)], 3: [(0, 31), (0, 30), (0, 29), (0, 28), (0, 27), (0, 26), (0, 25), (0, 24), (0, 23), (1, 23), (2, 23), (3, 23), (3, 22), (4, 22), (5, 22), (5, 21), (6, 21), (7, 21), (8, 21), (9, 21), (10, 21), (11, 21), (12, 21), (13, 21), (14, 21), (15, 21), (16, 21), (17, 21), (18, 21), (19, 21), (20, 21), (21, 21), (22, 21), (23, 21), (24, 21), (25, 21), (26, 21), (27, 21), (28, 21), (29, 21), (29, 22), (30, 22), (30, 23), (29, 23), (29, 22), (28, 22), (27, 22), (26, 22), (26, 21), (25, 21), (24, 21), (23, 21), (22, 21), (21, 21), (20, 21), (19, 21), (18, 21), (17, 21), (16, 21), (15, 21), (14, 21), (13, 21), (12, 21), (12, 22), (12, 23), (12, 23)], 4: [(13, 5), (13, 6), (13, 5), (13, 4), (13, 3), (13, 2), (14, 2), (13, 2), (12, 2), (11, 2), (10, 2), (10, 3), (10, 4), (10, 5), (10, 6), (10, 7), (10, 7)], 5: [(16, 4), (16, 3), (16, 2), (16, 1), (16, 0), (16, 1), (17, 1), (17, 2), (17, 3), (18, 3), (19, 3), (19, 4), (20, 4), (21, 4), (21, 5), (21, 6), (22, 6), (22, 7), (22, 8), (23, 8), (23, 9), (23, 10), (23, 11), (23, 12), (23, 13), (23, 14), (24, 14), (24, 15), (24, 16), (24, 17), (24, 18), (24, 19), (24, 20), (24, 21), (24, 22), (24, 23), (24, 24), (25, 24), (25, 25), (25, 25)], 6: [(21, 25), (20, 25), (19, 25), (18, 25), (17, 25), (16, 25), (15, 25), (14, 25), (13, 25), (12, 25), (11, 25), (10, 25), (9, 25), (8, 25), (7, 25), (6, 25), (5, 25), (4, 25), (3, 25), (2, 25), (1, 25), (1, 25)], 7: [(23, 11), (23, 10), (24, 10), (23, 10), (22, 10), (21, 10), (20, 10), (19, 10), (19, 11), (18, 11), (17, 11), (16, 11), (15, 11), (14, 11), (14, 12), (14, 13), (13, 13), (12, 13), (12, 14), (11, 14), (10, 14), (9, 14), (9, 15), (9, 16), (9, 17), (9, 18), (9, 19), (9, 20), (9, 21), (9, 22), (9, 23), (9, 24), (9, 25), (9, 26), (8, 26), (7, 26), (6, 26), (5, 26), (5, 26)], 8: [(20, 24), (19, 24), (19, 23), (19, 22), (19, 21), (19, 20), (19, 19), (19, 18), (19, 17), (19, 16), (20, 16), (21, 16), (22, 16), (23, 16), (23, 16)], 9: [(10, 16), (10, 17), (10, 18), (11, 18), (12, 18), (13, 18), (14, 18), (14, 19), (15, 19), (16, 19), (17, 19), (18, 19), (19, 19), (20, 19), (21, 19), (21, 20), (21, 21), (21, 22), (21, 23), (22, 23), (22, 24), (22, 25), (22, 26), (22, 27), (23, 27), (24, 27), (25, 27), (25, 28), (25, 29), (26, 29), (27, 29), (28, 29), (28, 30), (28, 31), (29, 31), (30, 31), (31, 31), (31, 31)]}, 64)