

CBSS-C STATS
starts:[40, 370, 493, 651, 88, 685, 151, 749, 760, 484]
targets:[1007, 623, 967, 48, 610, 25, 943, 60, 753, 462, 913, 887, 117, 785, 796, 669, 581, 377, 612, 58, 310, 928, 876, 971, 723, 50, 55, 149, 939, 445, 329, 485, 160, 597, 700, 888, 28, 751, 101, 65]
dests:[752, 325, 244, 490, 787, 892, 489, 350, 1017, 630]
ac_dict:{1007: {0, 1}, 623: {1, 2}, 967: {2, 3}, 48: {3, 4}, 610: {4, 5}, 25: {5, 6}, 943: {6, 7}, 60: {8, 7}, 753: {8, 9}, 752: {0}, 325: {1}, 244: {2}, 490: {3}, 787: {4}, 892: {5}, 489: {6}, 350: {7}, 1017: {8}, 630: {9}}
clusters:[ 4  0  2 21 32 19  5 34 27 12 14 16 33 30  3  1  1 24  3 25 29  0 31 15
  4 28 22 11  2 23 18 20  9 10  8 17 13  7  6 26]

round: 4
best_g_value: 323.0
open_list_size: 3
num_low_level_expanded: 3205
search_success: 1
search_time: 82.28001180999854
n_tsp_call: 1
n_tsp_time: 82.05887678200088
n_roots: 1
num_conflicts: 3
target_assignment: {887: 8, 888: 8, 700: 5, 623: 2, 485: 9, 581: 9, 612: 9, 751: 9, 753: 9, 723: 9, 329: 1, 876: 7, 971: 7, 939: 7, 943: 7, 913: 7, 785: 7, 597: 7, 377: 7, 58: 7, 28: 7, 60: 7, 445: 7, 25: 6, 55: 6, 117: 6, 149: 6, 310: 6, 462: 6, 50: 4, 48: 4, 101: 4, 65: 4, 160: 4, 610: 4}
cluster_target_selection: {16: 887, 17: 888, 8: 700, 0: 623, 20: 485, 1: 581, 3: 612, 7: 751, 27: 753, 4: 723, 18: 329, 31: 876, 15: 971, 2: 939, 5: 943, 14: 913, 30: 785, 10: 597, 24: 377, 25: 58, 13: 28, 34: 60, 23: 445, 19: 25, 22: 55, 33: 117, 11: 149, 29: 310, 12: 462, 28: 50, 21: 48, 6: 101, 26: 65, 9: 160, 32: 610}
num_nodes_transformed_graph: 348
agent_paths:({0: [(8, 1), (9, 1), (10, 1), (11, 1), (12, 1), (13, 1), (13, 2), (13, 3), (13, 4), (13, 5), (13, 6), (13, 7), (13, 8), (13, 9), (14, 9), (15, 9), (15, 10), (16, 10), (16, 11), (16, 12), (16, 13), (16, 14), (16, 15), (16, 16), (16, 17), (16, 18), (16, 19), (16, 20), (16, 21), (16, 22), (16, 23), (16, 23)], 1: [(18, 11), (17, 11), (16, 11), (15, 11), (14, 11), (14, 10), (13, 10), (12, 10), (11, 10), (10, 10), (9, 10), (8, 10), (7, 10), (6, 10), (5, 10), (5, 10)], 2: [(13, 15), (14, 15), (14, 16), (14, 17), (14, 18), (14, 19), (15, 19), (16, 19), (16, 18), (16, 17), (16, 16), (16, 15), (16, 14), (16, 13), (16, 12), (16, 11), (16, 10), (16, 9), (16, 8), (16, 7), (17, 7), (18, 7), (19, 7), (20, 7), (20, 7)], 3: [(11, 20), (10, 20), (10, 19), (10, 18), (10, 17), (10, 16), (10, 15), (10, 15)], 4: [(24, 2), (23, 2), (22, 2), (21, 2), (20, 2), (20, 1), (19, 1), (18, 1), (17, 1), (16, 1), (15, 1), (14, 1), (13, 1), (12, 1), (11, 1), (10, 1), (9, 1), (8, 1), (7, 1), (6, 1), (5, 1), (5, 2), (5, 3), (4, 3), (3, 3), (2, 3), (1, 3), (1, 2), (1, 3), (1, 4), (1, 5), (0, 5), (1, 5), (1, 6), (1, 7), (1, 8), (1, 9), (2, 9), (2, 10), (2, 11), (2, 12), (2, 13), (2, 14), (2, 15), (2, 16), (2, 17), (2, 18), (2, 19), (2, 20), (3, 20), (3, 21), (3, 22), (4, 22), (5, 22), (6, 22), (7, 22), (8, 22), (9, 22), (10, 22), (11, 22), (12, 22), (13, 22), (13, 23), (14, 23), (15, 23), (15, 24), (16, 24), (17, 24), (18, 24), (19, 24), (19, 24)], 5: [(13, 21), (14, 21), (15, 21), (16, 21), (17, 21), (18, 21), (19, 21), (20, 21), (21, 21), (22, 21), (23, 21), (24, 21), (25, 21), (26, 21), (27, 21), (28, 21), (28, 22), (27, 22), (27, 23), (27, 24), (27, 25), (27, 26), (27, 27), (28, 27), (28, 27)], 6: [(23, 4), (23, 3), (23, 2), (23, 1), (23, 0), (24, 0), (25, 0), (24, 0), (23, 0), (23, 1), (22, 1), (22, 2), (21, 2), (21, 3), (21, 4), (21, 5), (21, 6), (22, 6), (22, 7), (22, 8), (22, 9), (21, 9), (20, 9), (19, 9), (18, 9), (17, 9), (16, 9), (15, 9), (14, 9), (14, 10), (14, 11), (14, 12), (14, 13), (14, 14), (13, 14), (12, 14), (11, 14), (10, 14), (9, 14), (9, 15), (9, 15)], 7: [(13, 23), (12, 23), (12, 24), (12, 25), (12, 26), (12, 27), (11, 27), (11, 28), (11, 29), (11, 30), (11, 29), (12, 29), (13, 29), (14, 29), (15, 29), (15, 28), (16, 28), (17, 28), (17, 27), (17, 26), (17, 25), (17, 24), (17, 23), (17, 22), (17, 21), (17, 20), (17, 19), (18, 19), (18, 18), (19, 18), (20, 18), (21, 18), (21, 17), (21, 16), (21, 15), (21, 14), (21, 13), (21, 12), (21, 11), (22, 11), (23, 11), (24, 11), (25, 11), (25, 10), (25, 9), (25, 8), (25, 7), (25, 6), (25, 5), (25, 4), (25, 3), (26, 3), (27, 3), (27, 2), (27, 1), (26, 1), (27, 1), (27, 0), (28, 0), (28, 1), (28, 2), (28, 3), (28, 4), (29, 4), (29, 5), (29, 6), (29, 7), (29, 8), (29, 9), (29, 10), (29, 11), (29, 12), (29, 13), (29, 12), (29, 11), (29, 10), (30, 10), (30, 10)], 8: [(24, 23), (24, 24), (23, 24), (23, 25), (23, 26), (23, 27), (24, 27), (25, 27), (25, 28), (25, 29), (25, 30), (25, 31), (25, 31)], 9: [(4, 15), (5, 15), (5, 16), (5, 17), (5, 18), (4, 18), (4, 19), (5, 19), (6, 19), (7, 19), (8, 19), (9, 19), (10, 19), (11, 19), (12, 19), (13, 19), (14, 19), (15, 19), (15, 20), (15, 21), (15, 22), (15, 23), (16, 23), (17, 23), (17, 22), (18, 22), (19, 22), (19, 21), (19, 20), (19, 19), (20, 19), (21, 19), (22, 19), (22, 19)]}, 76)