

CBSS-C STATS
starts:[673, 929, 696, 628, 419, 387, 20, 675, 113, 150]
targets:[791, 66, 356, 610, 170, 728, 939, 47, 725, 307, 978, 280, 642, 289, 334, 171, 117, 1017, 974, 345, 350, 230, 742, 932, 61, 698, 606, 31, 875, 355, 563, 250, 73, 1011, 6, 864, 973, 174, 581, 284]
dests:[660, 59, 653, 719, 641, 77, 882, 109, 815, 727]
ac_dict:{791: {0, 1}, 66: {1, 2}, 356: {2, 3}, 610: {3, 4}, 170: {4, 5}, 728: {5, 6}, 939: {6, 7}, 47: {8, 7}, 725: {8, 9}, 660: {0}, 59: {1}, 653: {2}, 719: {3}, 641: {4}, 77: {5}, 882: {6}, 109: {7}, 815: {8}, 727: {9}}
clusters:[14 24  0 22  8 28  4 17  3 23 16 12  3 11  2 25 26 32  7 13 19  0  2 27
 34 10  1 15  9  5 33 20  1 30 31 18  6 29 21  4]

round: 7
best_g_value: 325.0
open_list_size: 6
num_low_level_expanded: 3637
search_success: 1
search_time: 196.13649616899784
n_tsp_call: 45
n_tsp_time: 194.39371939493867
n_roots: 1
num_conflicts: 6
target_assignment: {932: 0, 875: 0, 973: 0, 974: 0, 1011: 0, 978: 0, 1017: 0, 791: 0, 47: 8, 174: 8, 334: 8, 610: 4, 117: 6, 280: 6, 345: 6, 698: 6, 728: 6, 581: 7, 307: 9, 563: 9, 864: 1, 642: 1, 289: 1, 66: 1, 6: 1, 73: 1, 250: 1, 284: 1, 350: 1, 31: 1, 61: 1, 355: 5, 230: 5, 170: 5, 171: 5}
cluster_target_selection: {27: 932, 9: 875, 6: 973, 7: 974, 30: 1011, 16: 978, 32: 1017, 14: 791, 17: 47, 29: 174, 2: 334, 22: 610, 26: 117, 12: 280, 13: 345, 10: 698, 28: 728, 21: 581, 23: 307, 33: 563, 18: 864, 3: 642, 11: 289, 24: 66, 31: 6, 1: 73, 20: 250, 4: 284, 19: 350, 15: 31, 34: 61, 5: 355, 0: 230, 8: 170, 25: 171}
num_nodes_transformed_graph: 181
agent_paths:({0: [(1, 21), (2, 21), (3, 21), (3, 22), (4, 22), (4, 23), (4, 24), (4, 25), (4, 26), (4, 27), (4, 28), (4, 29), (4, 28), (5, 28), (6, 28), (7, 28), (8, 28), (8, 27), (9, 27), (10, 27), (11, 27), (12, 27), (13, 27), (13, 28), (13, 29), (13, 30), (14, 30), (14, 31), (15, 31), (16, 31), (17, 31), (18, 31), (19, 31), (18, 31), (18, 30), (19, 30), (20, 30), (21, 30), (22, 30), (23, 30), (24, 30), (25, 30), (25, 31), (24, 31), (24, 30), (23, 30), (23, 29), (23, 28), (23, 27), (23, 26), (23, 25), (23, 24), (22, 24), (22, 23), (21, 23), (21, 22), (20, 22), (20, 21), (20, 20), (20, 20)], 1: [(1, 29), (0, 29), (0, 28), (0, 27), (0, 26), (0, 25), (0, 24), (0, 23), (1, 23), (1, 22), (1, 21), (2, 21), (2, 20), (2, 19), (2, 18), (2, 17), (1, 17), (1, 16), (1, 15), (1, 14), (1, 13), (1, 12), (1, 11), (1, 10), (1, 9), (1, 8), (1, 7), (1, 6), (1, 5), (1, 4), (1, 3), (1, 2), (2, 2), (2, 1), (2, 0), (3, 0), (4, 0), (5, 0), (6, 0), (6, 1), (7, 1), (8, 1), (9, 1), (9, 2), (10, 2), (11, 2), (12, 2), (12, 3), (12, 4), (13, 4), (14, 4), (14, 5), (15, 5), (16, 5), (17, 5), (18, 5), (19, 5), (19, 6), (20, 6), (21, 6), (22, 6), (23, 6), (24, 6), (25, 6), (26, 6), (26, 7), (27, 7), (28, 7), (28, 8), (29, 8), (30, 8), (30, 9), (30, 10), (30, 9), (30, 8), (30, 7), (30, 6), (30, 5), (30, 4), (30, 3), (30, 2), (30, 1), (30, 0), (31, 0), (30, 0), (29, 0), (29, 1), (28, 1), (27, 1), (27, 1)], 2: [(24, 21), (23, 21), (22, 21), (21, 21), (20, 21), (19, 21), (18, 21), (17, 21), (16, 21), (15, 21), (14, 21), (13, 21), (13, 20), (13, 20)], 3: [(20, 19), (19, 19), (18, 19), (17, 19), (16, 19), (15, 19), (15, 20), (15, 21), (15, 22), (15, 22)], 4: [(3, 13), (2, 13), (2, 14), (2, 15), (2, 16), (2, 17), (2, 18), (2, 19), (1, 19), (1, 20), (1, 20)], 5: [(3, 12), (3, 11), (3, 10), (3, 9), (3, 8), (3, 7), (4, 7), (5, 7), (6, 7), (7, 7), (7, 6), (8, 6), (9, 6), (10, 6), (10, 5), (11, 5), (11, 4), (11, 3), (11, 2), (12, 2), (13, 2), (13, 2)], 6: [(20, 0), (20, 1), (20, 2), (21, 2), (21, 3), (21, 4), (21, 5), (21, 6), (22, 6), (22, 7), (22, 8), (23, 8), (24, 8), (25, 8), (25, 9), (25, 10), (25, 11), (25, 12), (25, 13), (25, 14), (25, 15), (25, 16), (25, 17), (25, 18), (25, 19), (25, 20), (26, 20), (26, 21), (25, 21), (24, 21), (24, 22), (24, 23), (24, 24), (23, 24), (22, 24), (22, 25), (21, 25), (20, 25), (19, 25), (18, 25), (18, 26), (18, 27), (18, 27)], 7: [(3, 21), (3, 20), (2, 20), (2, 19), (2, 18), (3, 18), (4, 18), (5, 18), (5, 17), (5, 16), (5, 15), (5, 14), (5, 13), (6, 13), (6, 12), (6, 11), (6, 10), (6, 9), (7, 9), (7, 8), (7, 7), (7, 6), (7, 5), (7, 4), (7, 3), (8, 3), (9, 3), (10, 3), (11, 3), (12, 3), (13, 3), (13, 3)], 8: [(17, 3), (16, 3), (16, 2), (16, 1), (15, 1), (14, 1), (14, 2), (14, 3), (14, 4), (14, 5), (14, 6), (14, 7), (13, 7), (13, 8), (13, 9), (14, 9), (14, 10), (14, 11), (14, 12), (14, 13), (14, 14), (14, 15), (14, 16), (14, 17), (14, 18), (14, 19), (15, 19), (15, 20), (15, 21), (16, 21), (16, 22), (16, 23), (15, 23), (15, 24), (15, 25), (15, 25)], 9: [(22, 4), (21, 4), (21, 5), (21, 6), (20, 6), (20, 7), (20, 8), (20, 9), (19, 9), (19, 10), (19, 11), (19, 12), (19, 13), (19, 14), (19, 15), (19, 16), (19, 17), (20, 17), (21, 17), (22, 17), (23, 17), (23, 18), (23, 19), (23, 20), (23, 21), (23, 22), (23, 22)]}, 88)