

CBSS-C STATS
starts:[805, 85, 440, 972, 211, 58, 540, 930, 112, 579]
targets:[824, 566, 305, 502, 533, 674, 801, 339, 21, 25, 668, 630, 745, 706, 231, 328, 283, 351, 45, 130, 594, 437, 214, 127, 326, 330, 894, 380, 635, 459, 505, 848, 438, 966, 838, 662, 257, 719, 693, 87]
dests:[601, 254, 250, 898, 398, 686, 948, 273, 866, 924]
ac_dict:{824: {0, 1}, 566: {1, 2}, 305: {2, 3}, 502: {3, 4}, 533: {4, 5}, 674: {5, 6}, 801: {6, 7}, 339: {8, 7}, 21: {8, 9}, 601: {0}, 254: {1}, 250: {2}, 898: {3}, 398: {4}, 686: {5}, 948: {6}, 273: {7}, 866: {8}, 924: {9}}
clusters:[ 0  3  5 30 13 10 18  2  8  1 32 11  6 20 33  4 16 21 23 34 29 14  1 22
 17 25  3 28 31 24 26  4 15 12  9 19 27  0  7  2]

round: 1
best_g_value: 336.0
open_list_size: 0
num_low_level_expanded: 805
search_success: 1
search_time: 6.821457669997471
n_tsp_call: 1
n_tsp_time: 6.717916138004512
n_roots: 1
num_conflicts: 0
target_assignment: {838: 0, 745: 0, 719: 0, 693: 0, 662: 0, 630: 0, 21: 8, 45: 8, 130: 8, 257: 8, 706: 8, 214: 4, 502: 4, 438: 4, 437: 4, 127: 5, 351: 5, 380: 5, 505: 5, 533: 5, 459: 5, 674: 5, 305: 2, 801: 7, 326: 7, 231: 7, 328: 7, 330: 7, 966: 3, 87: 1, 283: 1, 594: 9, 635: 9, 668: 9, 894: 9}
cluster_target_selection: {9: 838, 6: 745, 0: 719, 7: 693, 19: 662, 11: 630, 8: 21, 23: 45, 34: 130, 27: 257, 20: 706, 1: 214, 30: 502, 15: 438, 14: 437, 22: 127, 21: 351, 28: 380, 26: 505, 13: 533, 24: 459, 10: 674, 5: 305, 18: 801, 17: 326, 33: 231, 4: 328, 25: 330, 12: 966, 2: 87, 16: 283, 29: 594, 31: 635, 32: 668, 3: 894}
num_nodes_transformed_graph: 171
agent_paths:({0: [(5, 25), (6, 25), (6, 26), (6, 25), (7, 25), (7, 24), (7, 23), (8, 23), (9, 23), (10, 23), (11, 23), (12, 23), (13, 23), (14, 23), (15, 23), (15, 22), (15, 21), (16, 21), (17, 21), (18, 21), (19, 21), (20, 21), (21, 21), (21, 20), (22, 20), (22, 19), (22, 18), (23, 18), (24, 18), (25, 18), (25, 18)], 1: [(21, 2), (22, 2), (23, 2), (24, 2), (25, 2), (25, 3), (26, 3), (27, 3), (27, 4), (27, 5), (27, 6), (27, 7), (27, 8), (27, 7), (28, 7), (29, 7), (30, 7), (30, 7)], 2: [(24, 13), (23, 13), (22, 13), (21, 13), (20, 13), (19, 13), (18, 13), (18, 12), (18, 11), (18, 10), (18, 9), (17, 9), (18, 9), (19, 9), (20, 9), (20, 8), (21, 8), (22, 8), (23, 8), (24, 8), (25, 8), (25, 7), (26, 7), (26, 7)], 3: [(12, 30), (11, 30), (10, 30), (9, 30), (8, 30), (7, 30), (6, 30), (5, 30), (5, 29), (4, 29), (3, 29), (2, 29), (2, 28), (2, 28)], 4: [(19, 6), (20, 6), (21, 6), (22, 6), (22, 7), (22, 8), (22, 9), (22, 10), (22, 11), (22, 12), (22, 13), (22, 14), (22, 15), (22, 14), (22, 13), (21, 13), (20, 13), (19, 13), (18, 13), (17, 13), (16, 13), (15, 13), (14, 13), (14, 12), (14, 12)], 5: [(26, 1), (27, 1), (28, 1), (29, 1), (30, 1), (30, 2), (31, 2), (31, 3), (31, 4), (31, 5), (31, 6), (31, 7), (31, 8), (31, 9), (31, 10), (30, 10), (29, 10), (28, 10), (28, 11), (27, 11), (26, 11), (25, 11), (25, 12), (25, 13), (25, 14), (25, 15), (24, 15), (23, 15), (22, 15), (21, 15), (21, 16), (20, 16), (19, 16), (19, 15), (18, 15), (17, 15), (16, 15), (16, 14), (15, 14), (14, 14), (13, 14), (12, 14), (11, 14), (10, 14), (9, 14), (9, 15), (9, 16), (8, 16), (7, 16), (6, 16), (5, 16), (4, 16), (3, 16), (2, 16), (2, 17), (2, 18), (2, 19), (2, 20), (2, 21), (3, 21), (3, 22), (4, 22), (5, 22), (5, 21), (6, 21), (7, 21), (8, 21), (9, 21), (10, 21), (11, 21), (12, 21), (13, 21), (14, 21), (14, 21)], 6: [(28, 16), (27, 16), (26, 16), (25, 16), (24, 16), (24, 17), (24, 18), (24, 19), (24, 20), (24, 21), (24, 22), (24, 23), (24, 24), (23, 24), (22, 24), (22, 25), (21, 25), (20, 25), (20, 26), (20, 27), (20, 28), (20, 29), (20, 29)], 7: [(2, 29), (2, 28), (2, 27), (2, 26), (2, 25), (1, 25), (1, 24), (1, 23), (1, 22), (1, 21), (1, 20), (1, 19), (2, 19), (2, 18), (2, 17), (2, 16), (2, 15), (2, 14), (2, 13), (2, 12), (2, 11), (2, 10), (3, 10), (4, 10), (5, 10), (6, 10), (6, 9), (7, 9), (7, 8), (7, 7), (7, 8), (7, 9), (7, 10), (8, 10), (9, 10), (10, 10), (11, 10), (12, 10), (13, 10), (13, 9), (14, 9), (15, 9), (16, 9), (16, 8), (17, 8), (17, 8)], 8: [(16, 3), (16, 2), (16, 1), (17, 1), (18, 1), (19, 1), (19, 0), (20, 0), (21, 0), (20, 0), (19, 0), (19, 1), (18, 1), (17, 1), (16, 1), (15, 1), (14, 1), (13, 1), (12, 1), (11, 1), (10, 1), (9, 1), (8, 1), (7, 1), (6, 1), (5, 1), (4, 1), (3, 1), (2, 1), (2, 2), (2, 3), (2, 4), (1, 4), (1, 5), (1, 6), (1, 7), (1, 8), (1, 9), (2, 9), (2, 10), (2, 11), (2, 12), (2, 13), (2, 14), (2, 15), (2, 16), (2, 17), (2, 18), (2, 19), (2, 20), (2, 21), (2, 22), (2, 23), (2, 24), (2, 25), (2, 26), (2, 27), (2, 27)], 9: [(3, 18), (4, 18), (5, 18), (5, 17), (6, 17), (7, 17), (8, 17), (9, 17), (10, 17), (11, 17), (12, 17), (13, 17), (14, 17), (15, 17), (16, 17), (17, 17), (18, 17), (18, 18), (19, 18), (20, 18), (21, 18), (22, 18), (23, 18), (24, 18), (25, 18), (26, 18), (27, 18), (27, 19), (27, 20), (28, 20), (29, 20), (29, 21), (29, 22), (30, 22), (30, 23), (30, 24), (30, 25), (30, 26), (30, 27), (29, 27), (28, 27), (28, 28), (28, 28)]}, 72)