

CBSS-C STATS
starts:[981, 787, 768, 770, 842, 757, 919, 409, 735, 321]
targets:[223, 594, 647, 987, 35, 283, 138, 413, 748, 589, 173, 820, 1009, 910, 817, 888, 379, 782, 935, 983, 40, 465, 588, 712, 70, 43, 709, 130, 77, 211, 608, 11, 437, 1004, 87, 65, 532, 985, 346, 378]
dests:[537, 956, 134, 621, 41, 227, 444, 960, 449, 105]
ac_dict:{223: {0, 1}, 594: {1, 2}, 647: {2, 3}, 987: {3, 4}, 35: {4, 5}, 283: {5, 6}, 138: {6, 7}, 413: {8, 7}, 748: {8, 9}, 537: {0}, 956: {1}, 134: {2}, 621: {3}, 41: {4}, 227: {5}, 444: {6}, 960: {7}, 449: {8}, 105: {9}}
clusters:[33  3  1 27 31 16 34  4  2  5  6 24  0 26 21 18 28  0  3  2 25  4 20 13
 10 11 23 17 12 29 22 30  8  7  9 15 14 32 19  1]

round: 3
best_g_value: 396.0
open_list_size: 2
num_low_level_expanded: 1669
search_success: 1
search_time: 13.463063749000867
n_tsp_call: 1
n_tsp_time: 13.333999373000552
n_roots: 1
num_conflicts: 2
target_assignment: {985: 0, 223: 0, 378: 0, 608: 2, 130: 2, 1004: 4, 1009: 4, 983: 4, 987: 4, 346: 4, 77: 4, 11: 4, 709: 3, 712: 3, 820: 6, 817: 6, 138: 6, 173: 6, 211: 6, 283: 6, 379: 6, 888: 1, 589: 8, 588: 8, 532: 5, 87: 5, 43: 5, 40: 5, 35: 5, 65: 9, 70: 9, 437: 7, 465: 7, 910: 7, 935: 7}
cluster_target_selection: {32: 985, 33: 223, 1: 378, 22: 608, 17: 130, 7: 1004, 0: 1009, 2: 983, 27: 987, 19: 346, 12: 77, 30: 11, 23: 709, 13: 712, 24: 820, 21: 817, 34: 138, 6: 173, 29: 211, 16: 283, 28: 379, 18: 888, 5: 589, 20: 588, 14: 532, 9: 87, 11: 43, 25: 40, 31: 35, 15: 65, 10: 70, 8: 437, 4: 465, 26: 910, 3: 935}
num_nodes_transformed_graph: 171
agent_paths:({0: [(21, 30), (22, 30), (23, 30), (24, 30), (25, 30), (25, 29), (25, 28), (25, 27), (25, 26), (25, 25), (25, 24), (26, 24), (26, 23), (26, 22), (26, 21), (26, 20), (27, 20), (27, 19), (27, 18), (27, 17), (27, 16), (27, 15), (27, 14), (27, 13), (28, 13), (28, 12), (28, 11), (28, 10), (28, 9), (28, 8), (28, 7), (28, 6), (29, 6), (30, 6), (31, 6), (30, 6), (29, 6), (28, 6), (27, 6), (27, 7), (27, 8), (27, 9), (27, 10), (27, 11), (26, 11), (25, 11), (25, 12), (25, 13), (25, 14), (25, 15), (25, 16), (25, 16)], 1: [(19, 24), (20, 24), (20, 25), (21, 25), (22, 25), (23, 25), (24, 25), (24, 26), (24, 27), (25, 27), (26, 27), (27, 27), (28, 27), (28, 28), (28, 29), (28, 29)], 2: [(0, 24), (0, 23), (1, 23), (1, 22), (1, 21), (0, 21), (0, 20), (0, 19), (1, 19), (2, 19), (2, 18), (2, 17), (2, 16), (2, 15), (2, 14), (2, 13), (2, 12), (2, 11), (2, 10), (2, 9), (1, 9), (1, 8), (1, 7), (1, 6), (1, 5), (1, 4), (2, 4), (3, 4), (4, 4), (5, 4), (6, 4), (6, 4)], 3: [(2, 24), (2, 23), (2, 22), (3, 22), (4, 22), (5, 22), (6, 22), (7, 22), (8, 22), (8, 21), (8, 20), (8, 19), (9, 19), (10, 19), (11, 19), (12, 19), (13, 19), (13, 19)], 4: [(10, 26), (11, 26), (12, 26), (12, 27), (12, 28), (12, 29), (12, 30), (12, 31), (13, 31), (14, 31), (15, 31), (16, 31), (17, 31), (17, 30), (18, 30), (19, 30), (20, 30), (21, 30), (22, 30), (23, 30), (24, 30), (25, 30), (26, 30), (27, 30), (27, 29), (27, 28), (27, 27), (27, 26), (27, 25), (27, 24), (27, 23), (27, 22), (27, 21), (27, 20), (27, 19), (27, 18), (26, 18), (26, 17), (26, 16), (26, 15), (26, 14), (26, 13), (26, 12), (26, 11), (26, 10), (25, 10), (24, 10), (23, 10), (22, 10), (21, 10), (20, 10), (19, 10), (18, 10), (18, 9), (17, 9), (16, 9), (15, 9), (14, 9), (13, 9), (13, 8), (13, 7), (13, 6), (13, 5), (13, 4), (13, 3), (13, 2), (12, 2), (11, 2), (11, 1), (11, 0), (10, 0), (9, 0), (9, 1), (9, 1)], 5: [(21, 23), (21, 22), (20, 22), (20, 21), (20, 20), (20, 19), (20, 18), (20, 17), (20, 16), (21, 16), (21, 15), (21, 14), (21, 13), (21, 12), (21, 11), (21, 10), (21, 9), (21, 8), (21, 7), (21, 6), (21, 5), (21, 4), (21, 3), (21, 2), (22, 2), (23, 2), (22, 2), (21, 2), (20, 2), (20, 1), (19, 1), (18, 1), (17, 1), (16, 1), (15, 1), (14, 1), (13, 1), (12, 1), (11, 1), (10, 1), (9, 1), (8, 1), (7, 1), (6, 1), (5, 1), (4, 1), (3, 1), (3, 2), (3, 3), (3, 4), (3, 5), (3, 6), (3, 7), (3, 7)], 6: [(23, 28), (23, 27), (22, 27), (21, 27), (20, 27), (20, 26), (20, 25), (19, 25), (18, 25), (17, 25), (16, 25), (15, 25), (14, 25), (13, 25), (12, 25), (11, 25), (10, 25), (10, 24), (10, 23), (10, 22), (10, 21), (10, 20), (10, 19), (10, 18), (10, 17), (10, 16), (10, 15), (10, 14), (10, 13), (10, 12), (10, 11), (10, 10), (10, 9), (10, 8), (10, 7), (10, 6), (10, 5), (10, 4), (11, 4), (12, 4), (13, 4), (13, 5), (14, 5), (15, 5), (16, 5), (17, 5), (18, 5), (19, 5), (19, 6), (20, 6), (21, 6), (22, 6), (23, 6), (24, 6), (25, 6), (26, 6), (27, 6), (27, 7), (27, 8), (27, 9), (27, 10), (27, 11), (28, 11), (28, 12), (28, 13), (28, 13)], 7: [(25, 12), (24, 12), (23, 12), (22, 12), (21, 12), (21, 13), (20, 13), (19, 13), (18, 13), (17, 13), (17, 14), (16, 14), (16, 15), (16, 16), (16, 17), (16, 18), (16, 19), (15, 19), (15, 20), (15, 21), (15, 22), (15, 23), (15, 24), (15, 25), (15, 26), (15, 27), (14, 27), (14, 28), (13, 28), (12, 28), (11, 28), (10, 28), (9, 28), (8, 28), (7, 28), (7, 29), (6, 29), (5, 29), (4, 29), (3, 29), (2, 29), (1, 29), (0, 29), (0, 30), (0, 30)], 8: [(31, 22), (30, 22), (29, 22), (28, 22), (27, 22), (26, 22), (26, 21), (25, 21), (24, 21), (23, 21), (22, 21), (21, 21), (20, 21), (19, 21), (18, 21), (17, 21), (16, 21), (15, 21), (14, 21), (14, 20), (14, 19), (14, 18), (13, 18), (12, 18), (11, 18), (10, 18), (9, 18), (8, 18), (7, 18), (7, 17), (6, 17), (5, 17), (4, 17), (3, 17), (2, 17), (1, 17), (1, 16), (1, 15), (1, 14), (1, 14)], 9: [(1, 10), (1, 9), (1, 8), (1, 7), (1, 6), (1, 5), (1, 4), (1, 3), (1, 2), (2, 2), (3, 2), (4, 2), (5, 2), (6, 2), (6, 3), (7, 3), (8, 3), (9, 3), (9, 3)]}, 72)