

CBSS-C STATS
starts:[596, 242, 390, 408, 19, 209, 620, 234, 286, 441]
targets:[6, 407, 346, 939, 60, 935, 619, 11, 191, 818, 494, 781, 868, 308, 358, 371, 254, 31, 197, 240, 780, 782, 227, 206, 695, 738, 255, 228, 856, 386, 827, 957, 463, 991, 350, 27, 546, 880, 335, 120]
dests:[61, 167, 579, 693, 839, 608, 562, 878, 336, 566]
ac_dict:{6: {0, 1}, 407: {1, 2}, 346: {2, 3}, 939: {3, 4}, 60: {4, 5}, 935: {5, 6}, 619: {6, 7}, 11: {8, 7}, 191: {8, 9}, 61: {0}, 167: {1}, 579: {2}, 693: {3}, 839: {4}, 608: {5}, 562: {6}, 878: {7}, 336: {8}, 566: {9}}
clusters:[ 1 24 32  1 12 23 31 27 17 21 22  7  3 30  0  2 18  4  2  9  8 29 34  6
 13 16 20 11 25  4 15  5 26 28 19 10  3 14 33  0]

round: 4
best_g_value: 329.0
open_list_size: 2
num_low_level_expanded: 2540
search_success: 1
search_time: 17.051639688997966
n_tsp_call: 1
n_tsp_time: 16.88661506900098
n_roots: 1
num_conflicts: 3
target_assignment: {350: 0, 11: 7, 619: 7, 782: 7, 228: 2, 227: 2, 386: 2, 335: 5, 463: 5, 494: 5, 781: 5, 780: 5, 935: 5, 868: 5, 738: 5, 120: 4, 60: 4, 27: 4, 818: 4, 880: 4, 939: 4, 371: 1, 407: 1, 308: 1, 206: 1, 346: 3, 827: 3, 957: 3, 991: 3, 856: 3, 695: 3, 254: 8, 255: 8, 191: 8, 240: 8}
cluster_target_selection: {19: 350, 27: 11, 31: 619, 29: 782, 11: 228, 34: 227, 4: 386, 33: 335, 26: 463, 22: 494, 7: 781, 8: 780, 23: 935, 3: 868, 16: 738, 0: 120, 12: 60, 10: 27, 21: 818, 14: 880, 1: 939, 2: 371, 24: 407, 30: 308, 6: 206, 32: 346, 15: 827, 5: 957, 28: 991, 25: 856, 13: 695, 18: 254, 20: 255, 17: 191, 9: 240}
num_nodes_transformed_graph: 179
agent_paths:({0: [(20, 18), (20, 17), (20, 16), (21, 16), (21, 15), (21, 14), (21, 13), (21, 12), (21, 11), (21, 10), (22, 10), (23, 10), (24, 10), (25, 10), (26, 10), (27, 10), (28, 10), (29, 10), (30, 10), (30, 9), (30, 8), (30, 7), (30, 6), (30, 5), (30, 4), (30, 3), (30, 2), (29, 2), (29, 1), (29, 1)], 1: [(18, 7), (18, 8), (18, 9), (19, 9), (19, 10), (19, 11), (19, 12), (20, 12), (21, 12), (22, 12), (23, 12), (22, 12), (21, 12), (21, 11), (21, 10), (20, 10), (20, 9), (19, 9), (18, 9), (17, 9), (17, 8), (17, 7), (16, 7), (15, 7), (14, 7), (14, 6), (13, 6), (12, 6), (11, 6), (10, 6), (9, 6), (8, 6), (7, 6), (7, 5), (7, 5)], 2: [(6, 12), (6, 11), (5, 11), (4, 11), (4, 10), (4, 9), (4, 8), (4, 7), (3, 7), (3, 8), (3, 9), (2, 9), (2, 10), (2, 11), (2, 12), (3, 12), (3, 13), (3, 14), (3, 15), (3, 16), (3, 17), (3, 18), (3, 18)], 3: [(24, 12), (24, 11), (24, 10), (25, 10), (26, 10), (26, 11), (26, 12), (26, 13), (27, 13), (27, 14), (27, 15), (27, 16), (27, 17), (27, 18), (27, 19), (27, 20), (27, 21), (27, 22), (27, 23), (27, 24), (27, 25), (28, 25), (29, 25), (29, 26), (29, 27), (29, 28), (29, 29), (30, 29), (31, 29), (31, 30), (30, 30), (29, 30), (28, 30), (27, 30), (26, 30), (25, 30), (24, 30), (24, 29), (24, 28), (24, 27), (24, 26), (24, 25), (24, 24), (24, 23), (24, 22), (23, 22), (23, 21), (22, 21), (21, 21), (21, 21)], 4: [(19, 0), (20, 0), (21, 0), (22, 0), (23, 0), (24, 0), (24, 1), (24, 2), (24, 3), (25, 3), (26, 3), (27, 3), (27, 2), (27, 1), (28, 1), (27, 1), (27, 0), (27, 1), (27, 2), (27, 3), (26, 3), (25, 3), (24, 3), (23, 3), (22, 3), (21, 3), (21, 4), (21, 5), (21, 6), (20, 6), (20, 7), (20, 8), (20, 9), (19, 9), (19, 10), (19, 11), (19, 12), (19, 13), (19, 14), (19, 15), (19, 16), (19, 17), (19, 18), (18, 18), (18, 19), (18, 20), (18, 21), (18, 22), (18, 23), (18, 24), (18, 25), (17, 25), (16, 25), (16, 26), (16, 27), (15, 27), (15, 28), (14, 28), (13, 28), (12, 28), (11, 28), (11, 29), (10, 29), (10, 28), (9, 28), (8, 28), (8, 27), (8, 26), (7, 26), (7, 26)], 5: [(17, 6), (16, 6), (16, 7), (16, 8), (16, 9), (15, 9), (15, 10), (15, 11), (15, 12), (15, 13), (15, 14), (14, 14), (14, 15), (13, 15), (13, 16), (13, 17), (13, 18), (13, 19), (13, 20), (13, 21), (13, 22), (13, 23), (13, 24), (12, 24), (11, 24), (10, 24), (9, 24), (8, 24), (8, 25), (8, 26), (8, 27), (8, 28), (7, 28), (7, 29), (6, 29), (5, 29), (4, 29), (4, 28), (4, 27), (3, 27), (2, 27), (2, 26), (2, 25), (2, 24), (2, 23), (1, 23), (1, 22), (1, 21), (0, 21), (0, 20), (0, 19), (0, 19)], 6: [(12, 19), (12, 18), (12, 17), (13, 17), (14, 17), (15, 17), (16, 17), (17, 17), (18, 17), (18, 17)], 7: [(10, 7), (10, 6), (10, 5), (10, 4), (10, 3), (10, 2), (10, 1), (10, 0), (11, 0), (11, 1), (11, 2), (11, 3), (11, 4), (11, 5), (11, 6), (11, 7), (11, 8), (11, 9), (11, 10), (11, 11), (10, 11), (10, 12), (10, 13), (10, 14), (11, 14), (11, 15), (11, 16), (11, 17), (11, 18), (11, 19), (12, 19), (13, 19), (13, 20), (13, 21), (13, 22), (13, 23), (14, 23), (14, 24), (14, 25), (13, 25), (13, 26), (13, 27), (14, 27), (14, 27)], 8: [(30, 8), (30, 7), (31, 7), (31, 6), (31, 5), (30, 5), (29, 5), (28, 5), (27, 5), (26, 5), (25, 5), (24, 5), (23, 5), (23, 6), (22, 6), (21, 6), (20, 6), (19, 6), (18, 6), (17, 6), (16, 6), (16, 7), (16, 8), (16, 9), (16, 10), (16, 10)], 9: [(25, 13), (24, 13), (23, 13), (22, 13), (22, 14), (22, 15), (22, 16), (22, 17), (22, 17)]}, 68)