

CBSS-C STATS
starts:[998, 693, 335, 344, 45]
targets:[824, 39, 56, 999, 264, 75, 170, 698, 447, 101, 953, 464, 827, 225, 430, 639, 741, 873, 105, 119, 700, 558, 600, 819, 442, 230, 946, 236, 1019, 380, 131, 141, 910, 142, 968, 646, 358, 457, 453, 259, 981, 545, 80, 522, 332, 653, 518, 137, 927, 938]
dests:[548, 16, 590, 587, 892]
ac_dict:{824: {0, 1}, 39: {1, 2}, 56: {2, 3}, 999: {3, 4}, 548: {0}, 16: {1}, 590: {2}, 587: {3}, 892: {4}}
clusters:[ 2 10 25 26  6 38  5  8  1 21 13 39  9 24  0 37  6 36 35  9  7 33 11 15
  3 16  4 22  4 30  7 29 18 14  8 32  1 27 12 31  5 20 28 17  3  0 34  2
 23 19]

round: 1
best_g_value: 269.0
open_list_size: 0
num_low_level_expanded: 647
search_success: 1
search_time: 7.726637277000918
n_tsp_call: 1
n_tsp_time: 7.651458795999133
n_roots: 1
num_conflicts: 0
target_assignment: {646: 0, 518: 0, 453: 0, 545: 0, 119: 3, 56: 3, 380: 3, 447: 3, 639: 3, 698: 3, 819: 3, 946: 3, 910: 3, 938: 3, 999: 3, 873: 3, 457: 3, 522: 3, 75: 4, 170: 4, 236: 4, 600: 4, 953: 4, 927: 4, 464: 1, 430: 1, 332: 1, 264: 1, 230: 1, 225: 1, 259: 1, 131: 1, 101: 1, 39: 1, 105: 1, 137: 1, 141: 1, 142: 1, 80: 1, 558: 2}
cluster_target_selection: {32: 646, 34: 518, 12: 453, 20: 545, 9: 119, 25: 56, 30: 380, 1: 447, 37: 639, 8: 698, 15: 819, 4: 946, 18: 910, 19: 938, 26: 999, 36: 873, 27: 457, 17: 522, 38: 75, 5: 170, 22: 236, 11: 600, 13: 953, 23: 927, 39: 464, 0: 430, 3: 332, 6: 264, 16: 230, 24: 225, 31: 259, 7: 131, 21: 101, 10: 39, 35: 105, 2: 137, 29: 141, 14: 142, 28: 80, 33: 558}
num_nodes_transformed_graph: 125
agent_paths:({0: [(6, 31), (6, 30), (6, 29), (6, 28), (6, 27), (6, 26), (6, 25), (7, 25), (7, 24), (7, 23), (6, 23), (6, 22), (6, 21), (6, 20), (6, 19), (5, 19), (5, 18), (5, 17), (5, 16), (6, 16), (5, 16), (5, 15), (5, 14), (5, 15), (4, 15), (3, 15), (2, 15), (1, 15), (1, 16), (1, 17), (2, 17), (3, 17), (4, 17), (4, 17)], 1: [(21, 21), (20, 21), (19, 21), (18, 21), (17, 21), (16, 21), (16, 20), (16, 19), (16, 18), (16, 17), (16, 16), (16, 15), (16, 14), (15, 14), (14, 14), (14, 13), (13, 13), (12, 13), (12, 12), (12, 11), (12, 10), (11, 10), (10, 10), (9, 10), (9, 9), (9, 8), (8, 8), (7, 8), (7, 7), (6, 7), (5, 7), (4, 7), (3, 7), (2, 7), (1, 7), (2, 7), (3, 7), (3, 8), (3, 7), (3, 6), (3, 5), (3, 4), (3, 3), (4, 3), (5, 3), (5, 2), (5, 1), (6, 1), (7, 1), (8, 1), (9, 1), (9, 2), (9, 3), (9, 4), (10, 4), (11, 4), (12, 4), (13, 4), (14, 4), (14, 3), (14, 2), (14, 1), (15, 1), (16, 1), (16, 2), (16, 1), (16, 0), (16, 0)], 2: [(15, 10), (14, 10), (14, 11), (14, 12), (14, 13), (14, 14), (14, 15), (14, 16), (14, 17), (14, 18), (14, 18)], 3: [(24, 10), (23, 10), (23, 9), (23, 8), (22, 8), (22, 7), (22, 6), (23, 6), (23, 5), (23, 4), (23, 3), (23, 2), (23, 1), (24, 1), (24, 2), (25, 2), (25, 3), (26, 3), (27, 3), (28, 3), (28, 4), (28, 5), (28, 6), (28, 7), (28, 8), (28, 9), (28, 10), (28, 11), (29, 11), (29, 12), (29, 13), (29, 14), (30, 14), (31, 14), (31, 13), (31, 14), (31, 15), (30, 15), (30, 16), (30, 17), (31, 17), (31, 18), (31, 19), (30, 19), (29, 19), (29, 20), (28, 20), (27, 20), (26, 20), (26, 21), (25, 21), (24, 21), (23, 21), (22, 21), (21, 21), (20, 21), (19, 21), (19, 22), (19, 23), (19, 24), (19, 25), (18, 25), (18, 26), (18, 27), (18, 28), (18, 29), (17, 29), (16, 29), (15, 29), (14, 29), (14, 28), (13, 28), (12, 28), (11, 28), (10, 28), (10, 29), (10, 30), (9, 30), (8, 30), (7, 30), (7, 31), (7, 30), (7, 29), (7, 28), (8, 28), (8, 27), (9, 27), (9, 26), (9, 25), (9, 24), (9, 23), (9, 22), (9, 21), (9, 20), (9, 19), (9, 18), (9, 17), (9, 16), (9, 15), (9, 14), (10, 14), (10, 15), (10, 16), (11, 16), (11, 17), (11, 18), (11, 18)], 4: [(13, 1), (12, 1), (11, 1), (11, 2), (10, 2), (10, 3), (10, 4), (10, 5), (11, 5), (12, 5), (12, 6), (12, 7), (13, 7), (14, 7), (15, 7), (16, 7), (17, 7), (18, 7), (19, 7), (20, 7), (21, 7), (22, 7), (22, 8), (23, 8), (24, 8), (24, 9), (24, 10), (24, 11), (24, 12), (24, 13), (24, 14), (24, 15), (24, 16), (24, 17), (24, 18), (24, 19), (24, 20), (24, 21), (24, 22), (24, 23), (24, 24), (25, 24), (25, 25), (25, 26), (25, 27), (25, 28), (25, 29), (25, 28), (26, 28), (27, 28), (28, 28), (29, 28), (30, 28), (31, 28), (30, 28), (29, 28), (28, 28), (28, 27), (28, 27)]}, 105)