

CBSS-C STATS
starts:[408, 292, 522, 403, 952, 161, 342, 294, 999, 503]
targets:[706, 997, 91, 694, 670, 117, 624, 37, 589, 553, 279, 898, 465, 406, 404, 217, 895, 548, 30, 826, 547, 242, 515, 897, 440, 799, 88, 483, 549, 59, 866, 526, 878, 989, 684, 484, 166, 728, 185, 677]
dests:[471, 987, 557, 771, 603, 272, 332, 106, 633, 109]
ac_dict:{706: {0, 1}, 997: {1, 2}, 91: {2, 3}, 694: {3, 4}, 670: {4, 5}, 117: {5, 6}, 624: {6, 7}, 37: {8, 7}, 589: {8, 9}, 471: {0}, 987: {1}, 557: {2}, 771: {3}, 603: {4}, 272: {5}, 332: {6}, 106: {7}, 633: {8}, 109: {9}}
clusters:[ 9  1  4 10 18 29  0 22 30  8  3 17 13 19  5 25 14  7 26 27  2 21 12  0
 34 28 20  3 24 32 23  6  1 15 11 31 33  4 16  2]

round: 3
best_g_value: 273.0
open_list_size: 2
num_low_level_expanded: 770
search_success: 1
search_time: 10.964250659002573
n_tsp_call: 1
n_tsp_time: 10.840775296001084
n_roots: 1
num_conflicts: 2
target_assignment: {440: 0, 406: 9, 217: 9, 185: 9, 30: 9, 59: 9, 88: 9, 684: 8, 589: 8, 728: 4, 694: 4, 670: 4, 484: 1, 483: 1, 515: 1, 548: 1, 547: 1, 706: 1, 898: 1, 897: 1, 866: 1, 878: 1, 826: 1, 799: 1, 895: 1, 989: 1, 166: 5, 117: 6, 242: 6, 37: 7, 404: 3, 465: 3, 526: 3, 553: 3, 549: 3}
cluster_target_selection: {34: 440, 19: 406, 25: 217, 16: 185, 26: 30, 32: 59, 20: 88, 11: 684, 30: 589, 4: 728, 10: 694, 18: 670, 31: 484, 3: 483, 12: 515, 7: 548, 2: 547, 9: 706, 17: 898, 0: 897, 23: 866, 1: 878, 27: 826, 28: 799, 14: 895, 15: 989, 33: 166, 29: 117, 21: 242, 22: 37, 5: 404, 13: 465, 6: 526, 8: 553, 24: 549}
num_nodes_transformed_graph: 182
agent_paths:({0: [(24, 12), (24, 13), (23, 13), (23, 14), (23, 14)], 1: [(4, 9), (4, 10), (4, 11), (4, 12), (4, 13), (3, 13), (3, 14), (3, 15), (4, 15), (3, 15), (3, 16), (4, 16), (4, 17), (3, 17), (2, 17), (2, 18), (2, 19), (2, 20), (2, 21), (2, 22), (2, 23), (2, 24), (2, 25), (2, 26), (2, 27), (2, 28), (1, 28), (1, 27), (2, 27), (3, 27), (4, 27), (5, 27), (6, 27), (6, 26), (7, 26), (8, 26), (9, 26), (10, 26), (11, 26), (12, 26), (13, 26), (13, 27), (14, 27), (15, 27), (15, 26), (15, 25), (16, 25), (17, 25), (18, 25), (19, 25), (20, 25), (21, 25), (22, 25), (23, 25), (24, 25), (25, 25), (26, 25), (26, 24), (27, 24), (28, 24), (29, 24), (30, 24), (31, 24), (31, 25), (30, 25), (30, 26), (30, 27), (31, 27), (30, 27), (29, 27), (29, 28), (29, 29), (29, 30), (28, 30), (27, 30), (27, 30)], 2: [(10, 16), (11, 16), (12, 16), (13, 16), (13, 17), (13, 17)], 3: [(19, 12), (20, 12), (19, 12), (18, 12), (17, 12), (17, 13), (17, 14), (16, 14), (15, 14), (14, 14), (14, 15), (14, 16), (13, 16), (12, 16), (11, 16), (10, 16), (9, 16), (9, 17), (8, 17), (7, 17), (6, 17), (5, 17), (5, 18), (5, 19), (5, 20), (5, 21), (5, 22), (4, 22), (3, 22), (3, 23), (3, 24), (3, 24)], 4: [(24, 29), (24, 28), (24, 27), (24, 26), (24, 25), (24, 24), (24, 23), (24, 22), (23, 22), (23, 21), (22, 21), (22, 20), (23, 20), (24, 20), (25, 20), (26, 20), (27, 20), (28, 20), (29, 20), (30, 20), (29, 20), (28, 20), (27, 20), (27, 19), (27, 18), (27, 18)], 5: [(1, 5), (2, 5), (3, 5), (4, 5), (5, 5), (6, 5), (7, 5), (8, 5), (8, 6), (9, 6), (10, 6), (11, 6), (12, 6), (13, 6), (14, 6), (15, 6), (16, 6), (16, 7), (16, 8), (16, 8)], 6: [(22, 10), (21, 10), (21, 9), (21, 8), (21, 7), (21, 6), (21, 5), (21, 4), (21, 3), (20, 3), (19, 3), (18, 3), (18, 4), (18, 5), (18, 6), (18, 7), (17, 7), (17, 8), (17, 9), (16, 9), (15, 9), (14, 9), (13, 9), (13, 10), (12, 10), (12, 10)], 7: [(6, 9), (5, 9), (5, 8), (5, 7), (5, 6), (5, 5), (5, 4), (5, 3), (5, 2), (5, 1), (6, 1), (7, 1), (8, 1), (9, 1), (10, 1), (10, 2), (10, 3), (10, 3)], 8: [(7, 31), (7, 30), (7, 29), (7, 28), (8, 28), (8, 27), (8, 26), (8, 25), (8, 24), (8, 23), (8, 22), (8, 21), (9, 21), (10, 21), (11, 21), (12, 21), (12, 20), (12, 19), (12, 18), (13, 18), (14, 18), (14, 19), (15, 19), (16, 19), (17, 19), (18, 19), (19, 19), (20, 19), (21, 19), (22, 19), (23, 19), (24, 19), (25, 19), (25, 19)], 9: [(23, 15), (22, 15), (22, 14), (22, 13), (22, 12), (22, 11), (22, 10), (22, 9), (22, 8), (22, 7), (22, 6), (23, 6), (24, 6), (25, 6), (25, 5), (25, 4), (25, 3), (26, 3), (27, 3), (27, 2), (27, 1), (27, 0), (28, 0), (29, 0), (30, 0), (29, 0), (28, 0), (27, 0), (27, 1), (27, 2), (27, 3), (26, 3), (25, 3), (24, 3), (24, 2), (23, 2), (22, 2), (21, 2), (20, 2), (20, 1), (19, 1), (18, 1), (17, 1), (16, 1), (15, 1), (14, 1), (13, 1), (13, 2), (13, 3), (13, 3)]}, 74)