

CBSS-C STATS
starts:[363, 75, 876, 205, 222, 431, 215, 117, 531, 432]
targets:[164, 464, 669, 234, 865, 93, 563, 25, 590, 1021, 604, 146, 535, 11, 650, 116, 781, 596, 711, 990, 840, 453, 290, 148, 741, 400, 84, 208, 861, 851, 499, 989, 463, 435, 108, 29, 583, 132, 979, 926]
dests:[70, 803, 770, 115, 679, 88, 994, 551, 545, 21]
ac_dict:{164: {0, 1}, 464: {1, 2}, 669: {2, 3}, 234: {3, 4}, 865: {4, 5}, 93: {5, 6}, 563: {6, 7}, 25: {8, 7}, 590: {8, 9}, 70: {0}, 803: {1}, 770: {2}, 115: {3}, 679: {4}, 88: {5}, 994: {6}, 551: {7}, 545: {8}, 21: {9}}
clusters:[22 13 29  0 12 17 23  0 21  2  4 15 20 14  9  6  1 11 34  5  1 27  2  8
 31 33  7 19 24 28 30 25 26  3  4  3 10 18 32 16]

round: 2
best_g_value: 346.0
open_list_size: 1
num_low_level_expanded: 917
search_success: 1
search_time: 11.087785660000009
n_tsp_call: 1
n_tsp_time: 10.960007556001074
n_roots: 1
num_conflicts: 1
target_assignment: {164: 0, 132: 0, 979: 2, 989: 2, 1021: 2, 990: 2, 926: 2, 861: 2, 669: 2, 650: 2, 711: 2, 741: 2, 535: 6, 596: 6, 851: 6, 435: 7, 499: 7, 563: 7, 208: 4, 234: 4, 453: 4, 865: 4, 590: 8, 583: 8, 84: 9, 11: 1, 108: 1, 463: 1, 464: 1, 781: 1, 400: 5, 146: 5, 148: 5, 116: 5, 93: 5}
cluster_target_selection: {22: 164, 18: 132, 32: 979, 25: 989, 2: 1021, 5: 990, 16: 926, 24: 861, 29: 669, 9: 650, 34: 711, 31: 741, 20: 535, 11: 596, 28: 851, 3: 435, 30: 499, 23: 563, 19: 208, 0: 234, 27: 453, 12: 865, 21: 590, 10: 583, 7: 84, 14: 11, 4: 108, 26: 463, 13: 464, 1: 781, 33: 400, 15: 146, 8: 148, 6: 116, 17: 93}
num_nodes_transformed_graph: 183
agent_paths:({0: [(11, 11), (10, 11), (9, 11), (9, 10), (8, 10), (7, 10), (6, 10), (5, 10), (5, 9), (5, 8), (5, 7), (5, 6), (5, 5), (4, 5), (4, 4), (4, 3), (4, 2), (5, 2), (6, 2), (6, 2)], 1: [(11, 2), (11, 1), (11, 0), (12, 0), (12, 1), (12, 2), (12, 3), (13, 3), (13, 4), (13, 5), (13, 6), (13, 7), (13, 8), (13, 9), (14, 9), (15, 9), (15, 10), (15, 11), (15, 12), (15, 13), (15, 14), (16, 14), (15, 14), (14, 14), (13, 14), (13, 15), (13, 16), (13, 17), (13, 18), (13, 19), (13, 20), (13, 21), (13, 22), (13, 23), (13, 24), (12, 24), (11, 24), (10, 24), (9, 24), (8, 24), (7, 24), (7, 25), (6, 25), (5, 25), (4, 25), (3, 25), (3, 25)], 2: [(12, 27), (13, 27), (14, 27), (15, 27), (16, 27), (17, 27), (18, 27), (19, 27), (19, 28), (19, 29), (19, 30), (20, 30), (21, 30), (22, 30), (23, 30), (24, 30), (25, 30), (26, 30), (27, 30), (28, 30), (29, 30), (29, 31), (29, 30), (30, 30), (30, 29), (30, 28), (29, 28), (29, 27), (29, 26), (29, 25), (29, 24), (29, 23), (29, 22), (29, 21), (29, 20), (28, 20), (27, 20), (26, 20), (25, 20), (24, 20), (23, 20), (22, 20), (21, 20), (20, 20), (19, 20), (18, 20), (17, 20), (16, 20), (15, 20), (14, 20), (13, 20), (12, 20), (11, 20), (10, 20), (9, 20), (8, 20), (7, 20), (7, 21), (7, 22), (6, 22), (5, 22), (5, 23), (4, 23), (3, 23), (2, 23), (2, 24), (2, 24)], 3: [(13, 6), (13, 5), (14, 5), (15, 5), (16, 5), (16, 4), (16, 3), (17, 3), (18, 3), (19, 3), (19, 3)], 4: [(30, 6), (29, 6), (28, 6), (27, 6), (26, 6), (25, 6), (24, 6), (23, 6), (22, 6), (21, 6), (20, 6), (19, 6), (18, 6), (17, 6), (16, 6), (15, 6), (14, 6), (13, 6), (12, 6), (11, 6), (10, 6), (10, 7), (9, 7), (9, 8), (8, 8), (7, 8), (7, 9), (6, 9), (6, 10), (6, 11), (6, 12), (6, 13), (5, 13), (5, 14), (5, 15), (4, 15), (3, 15), (2, 15), (2, 16), (2, 17), (2, 18), (2, 19), (2, 20), (2, 21), (2, 22), (2, 23), (2, 24), (2, 25), (2, 26), (2, 27), (1, 27), (2, 27), (2, 26), (2, 25), (2, 24), (2, 23), (2, 22), (3, 22), (4, 22), (5, 22), (5, 21), (6, 21), (7, 21), (7, 21)], 5: [(15, 13), (15, 12), (16, 12), (16, 11), (16, 10), (16, 9), (16, 8), (16, 7), (16, 6), (16, 5), (16, 4), (17, 4), (18, 4), (19, 4), (20, 4), (20, 3), (21, 3), (22, 3), (23, 3), (24, 3), (25, 3), (26, 3), (27, 3), (27, 2), (28, 2), (29, 2), (28, 2), (27, 2), (27, 3), (26, 3), (25, 3), (24, 3), (24, 2), (24, 2)], 6: [(23, 6), (22, 6), (22, 7), (22, 8), (23, 8), (23, 9), (23, 10), (23, 11), (23, 12), (23, 13), (23, 14), (23, 15), (23, 16), (22, 16), (21, 16), (20, 16), (20, 17), (20, 18), (19, 18), (19, 19), (19, 20), (19, 21), (19, 22), (19, 23), (19, 24), (19, 25), (19, 26), (18, 26), (17, 26), (16, 26), (15, 26), (15, 27), (14, 27), (13, 27), (12, 27), (11, 27), (10, 27), (9, 27), (8, 27), (8, 28), (7, 28), (6, 28), (5, 28), (4, 28), (4, 29), (3, 29), (2, 29), (2, 30), (2, 31), (2, 31)], 7: [(21, 3), (21, 4), (21, 5), (21, 6), (20, 6), (20, 7), (20, 8), (20, 9), (19, 9), (19, 10), (19, 11), (19, 12), (19, 13), (19, 14), (19, 15), (19, 16), (19, 17), (18, 17), (17, 17), (16, 17), (15, 17), (14, 17), (13, 17), (12, 17), (11, 17), (10, 17), (9, 17), (8, 17), (7, 17), (7, 17)], 8: [(19, 16), (19, 17), (18, 17), (17, 17), (16, 17), (15, 17), (14, 17), (14, 18), (13, 18), (12, 18), (11, 18), (10, 18), (9, 18), (8, 18), (7, 18), (7, 17), (6, 17), (5, 17), (4, 17), (3, 17), (2, 17), (1, 17), (1, 17)], 9: [(16, 13), (16, 12), (16, 11), (16, 10), (16, 9), (16, 8), (16, 7), (16, 6), (16, 5), (16, 4), (17, 4), (18, 4), (19, 4), (20, 4), (20, 3), (20, 2), (20, 1), (20, 0), (21, 0), (21, 0)]}, 65)