

CBSS-C STATS
starts:[998, 693, 335, 344, 45]
targets:[824, 39, 56, 999, 264, 75, 170, 698, 447, 101, 953, 464, 827, 225, 430, 639, 741, 873, 105, 119, 700, 558, 600, 819, 442, 230, 946, 236, 1019, 380, 131, 141, 910, 142, 968, 646, 358, 457, 453, 259, 981, 545, 80, 522, 332, 653, 518, 137, 927, 938]
dests:[548, 16, 590, 587, 892]
ac_dict:{824: {0, 1}, 39: {1, 2}, 56: {2, 3}, 999: {3, 4}, 548: {0}, 16: {1}, 590: {2}, 587: {3}, 892: {4}}
clusters:[ 2 10 25 26  6 38  5  8  1 21 13 39  9 24  0 37  6 36 35  9  7 33 11 15
  3 16  4 22  4 30  7 29 18 14  8 32  1 27 12 31  5 20 28 17  3  0 34  2
 23 19]

round: 1
best_g_value: 251.0
open_list_size: 0
num_low_level_expanded: 517
search_success: 1
search_time: 35.71825139700013
n_tsp_call: 1
n_tsp_time: 35.60041980999995
n_roots: 1
num_conflicts: 0
target_assignment: {646: 0, 545: 0, 56: 3, 119: 3, 380: 3, 639: 3, 600: 3, 464: 2, 558: 2, 142: 4, 141: 4, 236: 4, 332: 4, 457: 4, 873: 4, 968: 4, 999: 4, 938: 4, 910: 4, 819: 4, 946: 4, 981: 4, 953: 4, 927: 4, 653: 1, 522: 1, 518: 1, 453: 1, 358: 1, 264: 1, 230: 1, 225: 1, 259: 1, 131: 1, 101: 1, 39: 1, 105: 1, 137: 1, 75: 1, 80: 1}
cluster_target_selection: {32: 646, 20: 545, 25: 56, 9: 119, 30: 380, 37: 639, 11: 600, 39: 464, 33: 558, 14: 142, 29: 141, 22: 236, 3: 332, 27: 457, 36: 873, 8: 968, 26: 999, 19: 938, 18: 910, 15: 819, 4: 946, 5: 981, 13: 953, 23: 927, 0: 653, 17: 522, 34: 518, 12: 453, 1: 358, 6: 264, 16: 230, 24: 225, 31: 259, 7: 131, 21: 101, 10: 39, 35: 105, 2: 137, 38: 75, 28: 80}
num_nodes_transformed_graph: 248
agent_paths:({0: [(6, 31), (6, 30), (6, 29), (6, 28), (6, 27), (6, 26), (6, 25), (7, 25), (7, 24), (7, 23), (6, 23), (6, 22), (6, 21), (6, 20), (5, 20), (5, 19), (4, 19), (4, 18), (3, 18), (2, 18), (2, 17), (1, 17), (2, 17), (3, 17), (4, 17), (4, 17)], 1: [(21, 21), (20, 21), (19, 21), (18, 21), (17, 21), (16, 21), (15, 21), (14, 21), (13, 21), (13, 20), (12, 20), (11, 20), (10, 20), (10, 19), (10, 18), (10, 17), (10, 16), (9, 16), (8, 16), (7, 16), (6, 16), (5, 16), (5, 15), (5, 14), (5, 13), (6, 13), (6, 12), (6, 11), (6, 10), (6, 9), (7, 9), (7, 8), (8, 8), (7, 8), (7, 7), (6, 7), (5, 7), (4, 7), (3, 7), (2, 7), (1, 7), (2, 7), (3, 7), (3, 8), (3, 7), (3, 6), (3, 5), (3, 4), (3, 3), (4, 3), (5, 3), (5, 2), (5, 1), (6, 1), (7, 1), (8, 1), (9, 1), (9, 2), (9, 3), (9, 4), (9, 3), (9, 2), (10, 2), (11, 2), (12, 2), (13, 2), (14, 2), (14, 1), (15, 1), (16, 1), (16, 2), (16, 1), (16, 0), (16, 0)], 2: [(15, 10), (16, 10), (16, 11), (16, 12), (16, 13), (16, 14), (15, 14), (14, 14), (14, 15), (14, 16), (14, 17), (14, 18), (14, 18)], 3: [(24, 10), (24, 9), (24, 8), (25, 8), (25, 7), (25, 6), (25, 5), (25, 4), (25, 3), (24, 3), (24, 2), (24, 1), (23, 1), (23, 2), (23, 3), (24, 3), (25, 3), (26, 3), (27, 3), (28, 3), (28, 4), (28, 5), (28, 6), (28, 7), (28, 8), (28, 9), (28, 10), (28, 11), (29, 11), (29, 12), (29, 13), (29, 14), (30, 14), (30, 15), (30, 16), (30, 17), (31, 17), (31, 18), (31, 19), (30, 19), (29, 19), (29, 18), (28, 18), (27, 18), (26, 18), (25, 18), (24, 18), (23, 18), (22, 18), (21, 18), (20, 18), (19, 18), (18, 18), (18, 17), (17, 17), (16, 17), (15, 17), (14, 17), (13, 17), (12, 17), (11, 17), (11, 18), (11, 18)], 4: [(13, 1), (14, 1), (14, 2), (14, 3), (14, 4), (13, 4), (12, 4), (12, 5), (12, 6), (12, 7), (11, 7), (11, 8), (11, 9), (11, 10), (12, 10), (11, 10), (10, 10), (10, 11), (10, 12), (10, 13), (10, 14), (9, 14), (9, 15), (9, 16), (9, 17), (9, 18), (9, 19), (9, 20), (9, 21), (9, 22), (9, 23), (9, 24), (9, 25), (9, 26), (9, 27), (8, 27), (8, 28), (8, 29), (8, 30), (7, 30), (7, 31), (7, 30), (8, 30), (9, 30), (10, 30), (10, 29), (10, 28), (11, 28), (12, 28), (13, 28), (14, 28), (14, 27), (15, 27), (15, 26), (15, 25), (16, 25), (17, 25), (18, 25), (19, 25), (18, 25), (18, 26), (18, 27), (18, 28), (18, 29), (19, 29), (20, 29), (21, 29), (21, 30), (22, 30), (23, 30), (23, 29), (24, 29), (25, 29), (25, 28), (26, 28), (27, 28), (28, 28), (29, 28), (30, 28), (31, 28), (30, 28), (29, 28), (28, 28), (28, 27), (28, 27)]}, 83)