

CBSS-C STATS
starts:[339, 1002, 698, 123, 893, 587, 447, 694, 666, 477]
targets:[620, 898, 831, 407, 471, 731, 616, 485, 368, 601, 716, 113, 758, 87, 540, 178, 751, 589, 894, 424, 201, 69, 449, 460, 925, 140, 552, 251, 450, 207, 768, 428, 513, 785, 585, 542, 361, 263, 836, 714]
dests:[770, 367, 311, 797, 811, 930, 76, 160, 740, 341]
ac_dict:{620: {0, 1}, 898: {1, 2}, 831: {2, 3}, 407: {3, 4}, 471: {4, 5}, 731: {5, 6}, 616: {6, 7}, 485: {8, 7}, 368: {8, 9}, 770: {0}, 367: {1}, 311: {2}, 797: {3}, 811: {4}, 930: {5}, 76: {6}, 160: {7}, 740: {8}, 341: {9}}
clusters:[22  4  1  5 21  3 18  8 34 19 16 24 14  0 28 12  2  2 29 33  7  1  9 15
 26 25  6 30 13 32 10  4 11 20 27 31 23  3 17  0]

round: 1
best_g_value: 315.0
open_list_size: 0
num_low_level_expanded: 802
search_success: 1
search_time: 27.52584683600071
n_tsp_call: 1
n_tsp_time: 27.346791818999918
n_roots: 1
num_conflicts: 0
target_assignment: {361: 0, 424: 0, 450: 0, 449: 0, 513: 0, 768: 0, 714: 1, 716: 1, 620: 1, 460: 1, 428: 1, 585: 5, 836: 5, 178: 6, 113: 6, 207: 6, 140: 6, 251: 3, 542: 3, 831: 3, 925: 4, 894: 4, 540: 4, 471: 4, 407: 4, 785: 4, 368: 9, 601: 2, 758: 8, 751: 8, 616: 7, 552: 7, 485: 7, 263: 7, 201: 7}
cluster_target_selection: {23: 361, 33: 424, 13: 450, 9: 449, 11: 513, 10: 768, 0: 714, 16: 716, 22: 620, 15: 460, 4: 428, 27: 585, 17: 836, 12: 178, 24: 113, 32: 207, 25: 140, 30: 251, 31: 542, 1: 831, 26: 925, 29: 894, 28: 540, 21: 471, 5: 407, 20: 785, 34: 368, 19: 601, 14: 758, 2: 751, 18: 616, 6: 552, 8: 485, 3: 263, 7: 201}
num_nodes_transformed_graph: 348
agent_paths:({0: [(19, 10), (18, 10), (18, 11), (17, 11), (16, 11), (15, 11), (14, 11), (14, 10), (13, 10), (12, 10), (11, 10), (10, 10), (9, 10), (9, 11), (9, 12), (8, 12), (8, 13), (7, 13), (6, 13), (5, 13), (4, 13), (3, 13), (2, 13), (2, 14), (1, 14), (1, 15), (1, 16), (1, 17), (2, 17), (2, 18), (2, 19), (1, 19), (1, 20), (1, 21), (1, 22), (1, 23), (0, 23), (0, 24), (1, 24), (2, 24), (2, 24)], 1: [(10, 31), (10, 30), (10, 29), (10, 28), (10, 27), (10, 26), (10, 25), (10, 24), (10, 23), (10, 22), (11, 22), (12, 22), (12, 21), (12, 20), (12, 19), (12, 18), (12, 17), (12, 16), (12, 15), (12, 14), (12, 13), (13, 13), (14, 13), (14, 12), (14, 11), (15, 11), (15, 11)], 2: [(26, 21), (25, 21), (25, 20), (25, 19), (25, 18), (24, 18), (23, 18), (23, 17), (23, 16), (23, 15), (23, 14), (23, 13), (23, 12), (23, 11), (23, 10), (23, 9), (23, 9)], 3: [(27, 3), (27, 4), (27, 5), (27, 6), (27, 7), (28, 7), (29, 7), (29, 8), (29, 9), (29, 10), (29, 11), (29, 12), (29, 13), (29, 14), (30, 14), (30, 15), (30, 16), (30, 17), (30, 18), (30, 19), (30, 20), (29, 20), (29, 21), (29, 22), (30, 22), (31, 22), (31, 23), (31, 24), (31, 25), (30, 25), (29, 25), (29, 24), (29, 24)], 4: [(29, 27), (29, 28), (29, 27), (30, 27), (29, 27), (29, 26), (29, 25), (29, 24), (29, 23), (29, 22), (29, 21), (29, 20), (29, 19), (29, 18), (29, 17), (29, 16), (28, 16), (27, 16), (26, 16), (25, 16), (24, 16), (23, 16), (23, 15), (23, 14), (23, 13), (23, 12), (22, 12), (21, 12), (20, 12), (19, 12), (19, 13), (19, 14), (19, 15), (19, 16), (19, 17), (18, 17), (18, 18), (18, 19), (17, 19), (17, 20), (17, 21), (17, 22), (17, 23), (17, 24), (16, 24), (15, 24), (14, 24), (13, 24), (12, 24), (11, 24), (11, 25), (11, 25)], 5: [(11, 18), (10, 18), (9, 18), (8, 18), (7, 18), (7, 19), (6, 19), (5, 19), (5, 20), (5, 21), (5, 22), (4, 22), (4, 23), (4, 24), (4, 25), (4, 26), (3, 26), (2, 26), (2, 27), (2, 28), (2, 29), (2, 29)], 6: [(31, 13), (31, 14), (30, 14), (29, 14), (28, 14), (27, 14), (26, 14), (25, 14), (24, 14), (23, 14), (22, 14), (21, 14), (20, 14), (19, 14), (18, 14), (18, 13), (18, 12), (18, 11), (18, 10), (18, 9), (18, 8), (18, 7), (18, 6), (18, 5), (17, 5), (17, 4), (17, 3), (16, 3), (16, 4), (16, 5), (15, 5), (15, 6), (14, 6), (13, 6), (12, 6), (12, 5), (12, 4), (12, 3), (12, 2), (12, 2)], 7: [(22, 21), (21, 21), (20, 21), (19, 21), (18, 21), (17, 21), (16, 21), (15, 21), (14, 21), (13, 21), (12, 21), (11, 21), (10, 21), (9, 21), (8, 21), (8, 20), (8, 19), (8, 18), (8, 17), (7, 17), (6, 17), (5, 17), (5, 16), (5, 15), (5, 14), (5, 13), (6, 13), (6, 12), (6, 11), (6, 10), (6, 9), (7, 9), (7, 8), (7, 7), (7, 6), (8, 6), (9, 6), (8, 6), (7, 6), (7, 5), (6, 5), (5, 5), (4, 5), (3, 5), (2, 5), (1, 5), (0, 5), (0, 5)], 8: [(26, 20), (25, 20), (24, 20), (23, 20), (22, 20), (22, 21), (21, 21), (21, 22), (21, 23), (22, 23), (21, 23), (21, 22), (20, 22), (19, 22), (18, 22), (17, 22), (16, 22), (15, 22), (15, 23), (14, 23), (13, 23), (12, 23), (11, 23), (10, 23), (9, 23), (8, 23), (7, 23), (6, 23), (5, 23), (4, 23), (4, 23)], 9: [(29, 14), (28, 14), (27, 14), (26, 14), (25, 14), (24, 14), (23, 14), (22, 14), (21, 14), (20, 14), (19, 14), (18, 14), (17, 14), (16, 14), (16, 13), (16, 12), (16, 11), (17, 11), (18, 11), (18, 10), (19, 10), (20, 10), (21, 10), (21, 10)]}, 50)