

CBSS-C STATS
starts:[101, 769, 174, 598, 490, 473, 949, 340, 382, 243]
targets:[882, 895, 179, 199, 993, 862, 4, 579, 133, 5, 239, 145, 19, 816, 27, 839, 402, 317, 994, 89, 161, 788, 516, 8, 485, 1005, 979, 445, 235, 766, 836, 597, 209, 12, 713, 928, 220, 590, 985, 570]
dests:[505, 47, 345, 770, 947, 3, 387, 423, 722, 733]
ac_dict:{882: {0, 1}, 895: {1, 2}, 179: {2, 3}, 199: {3, 4}, 993: {4, 5}, 862: {5, 6}, 4: {6, 7}, 579: {8, 7}, 133: {8, 9}, 505: {0}, 47: {1}, 345: {2}, 770: {3}, 947: {4}, 3: {5}, 387: {6}, 423: {7}, 722: {8}, 733: {9}}
clusters:[ 4  1 25  2 33 26 32 31  2  9 24 12 15 14 34 28  3 30  8 19 21 22  6 18
 29  1  4  0 13 23  5 10  3  7 16 11 17  0 27 20]

round: 7
best_g_value: 407.0
open_list_size: 6
num_low_level_expanded: 4045
search_success: 1
search_time: 8.126978382000743
n_tsp_call: 1
n_tsp_time: 7.921483665000778
n_roots: 1
num_conflicts: 6
target_assignment: {239: 0, 27: 9, 220: 9, 317: 9, 445: 9, 570: 8, 199: 4, 994: 4, 993: 4, 928: 4, 1005: 4, 979: 4, 402: 7, 516: 7, 579: 7, 485: 7, 985: 6, 862: 6, 766: 6, 4: 6, 161: 6, 597: 3, 788: 3, 816: 3, 839: 3, 836: 3, 145: 2, 179: 2, 89: 5, 19: 5, 12: 5, 8: 5, 5: 5, 713: 1, 235: 1}
cluster_target_selection: {24: 239, 34: 27, 17: 220, 30: 317, 0: 445, 20: 570, 2: 199, 8: 994, 33: 993, 11: 928, 1: 1005, 4: 979, 3: 402, 6: 516, 31: 579, 29: 485, 27: 985, 26: 862, 23: 766, 32: 4, 21: 161, 10: 597, 22: 788, 14: 816, 28: 839, 5: 836, 12: 145, 25: 179, 19: 89, 15: 19, 7: 12, 18: 8, 9: 5, 16: 713, 13: 235}
num_nodes_transformed_graph: 183
agent_paths:({0: [(5, 3), (6, 3), (7, 3), (8, 3), (9, 3), (10, 3), (11, 3), (12, 3), (13, 3), (14, 3), (14, 4), (14, 5), (15, 5), (15, 6), (15, 7), (16, 7), (17, 7), (18, 7), (19, 7), (20, 7), (21, 7), (22, 7), (22, 8), (23, 8), (24, 8), (24, 9), (24, 10), (24, 11), (25, 11), (25, 12), (25, 13), (25, 14), (25, 15), (25, 15)], 1: [(1, 24), (1, 23), (1, 22), (2, 22), (3, 22), (4, 22), (5, 22), (6, 22), (7, 22), (8, 22), (9, 22), (9, 21), (9, 20), (9, 19), (9, 18), (9, 17), (10, 17), (10, 16), (10, 15), (10, 14), (10, 13), (10, 12), (10, 11), (10, 10), (10, 9), (10, 8), (10, 7), (11, 7), (11, 6), (11, 5), (11, 4), (11, 3), (11, 2), (11, 1), (12, 1), (13, 1), (14, 1), (15, 1), (15, 1)], 2: [(14, 5), (15, 5), (16, 5), (16, 4), (17, 4), (18, 4), (19, 4), (19, 5), (19, 6), (20, 6), (21, 6), (22, 6), (23, 6), (24, 6), (25, 6), (25, 7), (25, 8), (25, 9), (25, 10), (25, 10)], 3: [(22, 18), (21, 18), (20, 18), (20, 19), (20, 20), (20, 21), (20, 22), (19, 22), (19, 23), (19, 24), (20, 24), (19, 24), (18, 24), (17, 24), (16, 24), (16, 25), (15, 25), (14, 25), (13, 25), (12, 25), (11, 25), (10, 25), (9, 25), (8, 25), (7, 25), (7, 26), (6, 26), (5, 26), (4, 26), (3, 26), (2, 26), (2, 25), (2, 24), (2, 24)], 4: [(10, 15), (10, 14), (10, 13), (10, 12), (9, 12), (9, 11), (9, 10), (8, 10), (7, 10), (7, 9), (7, 8), (7, 7), (7, 6), (7, 7), (7, 8), (7, 9), (6, 9), (6, 10), (6, 11), (6, 12), (6, 13), (5, 13), (5, 14), (5, 15), (5, 16), (5, 17), (5, 18), (5, 19), (5, 20), (5, 21), (5, 22), (4, 22), (3, 22), (3, 23), (3, 24), (3, 25), (2, 25), (2, 26), (2, 27), (2, 28), (2, 29), (2, 30), (2, 31), (1, 31), (0, 31), (0, 30), (0, 29), (1, 29), (2, 29), (3, 29), (4, 29), (5, 29), (6, 29), (7, 29), (8, 29), (8, 30), (9, 30), (10, 30), (11, 30), (12, 30), (13, 30), (13, 31), (14, 31), (15, 31), (16, 31), (16, 30), (17, 30), (18, 30), (19, 30), (19, 29), (19, 29)], 5: [(25, 14), (25, 13), (25, 12), (25, 11), (25, 10), (25, 9), (25, 8), (25, 7), (25, 6), (25, 5), (25, 4), (25, 3), (25, 2), (24, 2), (23, 2), (22, 2), (21, 2), (20, 2), (20, 1), (19, 1), (19, 0), (19, 1), (18, 1), (17, 1), (16, 1), (15, 1), (14, 1), (13, 1), (12, 1), (12, 0), (11, 0), (10, 0), (9, 0), (8, 0), (8, 1), (7, 1), (6, 1), (5, 1), (5, 0), (4, 0), (3, 0), (3, 0)], 6: [(21, 29), (21, 30), (22, 30), (23, 30), (24, 30), (25, 30), (25, 29), (25, 28), (25, 27), (26, 27), (27, 27), (28, 27), (29, 27), (29, 26), (30, 26), (30, 25), (30, 24), (30, 23), (29, 23), (29, 22), (28, 22), (27, 22), (26, 22), (26, 21), (25, 21), (24, 21), (23, 21), (22, 21), (21, 21), (20, 21), (19, 21), (18, 21), (17, 21), (16, 21), (15, 21), (14, 21), (13, 21), (12, 21), (11, 21), (10, 21), (9, 21), (8, 21), (7, 21), (7, 20), (7, 19), (7, 18), (7, 17), (6, 17), (6, 16), (6, 15), (6, 14), (6, 13), (6, 12), (6, 11), (5, 11), (5, 10), (5, 9), (5, 8), (5, 7), (5, 6), (5, 5), (4, 5), (4, 4), (4, 3), (4, 2), (4, 1), (4, 0), (4, 1), (3, 1), (2, 1), (1, 1), (1, 2), (1, 3), (1, 4), (1, 5), (2, 5), (3, 5), (3, 6), (3, 7), (3, 8), (3, 9), (3, 10), (3, 11), (3, 12), (3, 12)], 7: [(20, 10), (19, 10), (18, 10), (18, 11), (18, 12), (17, 12), (16, 12), (15, 12), (14, 12), (14, 13), (13, 13), (12, 13), (12, 14), (11, 14), (10, 14), (9, 14), (9, 15), (9, 16), (8, 16), (7, 16), (6, 16), (5, 16), (4, 16), (3, 16), (3, 17), (3, 18), (3, 17), (3, 16), (3, 15), (4, 15), (5, 15), (5, 14), (5, 13), (6, 13), (7, 13), (7, 13)], 8: [(30, 11), (29, 11), (28, 11), (27, 11), (26, 11), (26, 12), (26, 13), (26, 14), (26, 15), (26, 16), (26, 17), (25, 17), (24, 17), (23, 17), (22, 17), (21, 17), (20, 17), (19, 17), (18, 17), (18, 18), (18, 19), (18, 20), (18, 21), (18, 22), (18, 22)], 9: [(19, 7), (19, 6), (19, 5), (19, 4), (19, 3), (20, 3), (21, 3), (22, 3), (23, 3), (24, 3), (25, 3), (26, 3), (27, 3), (27, 2), (27, 1), (27, 0), (28, 0), (28, 1), (28, 2), (28, 3), (28, 4), (28, 5), (28, 6), (29, 6), (29, 7), (29, 8), (29, 9), (29, 10), (29, 11), (29, 12), (29, 13), (29, 14), (29, 15), (29, 16), (29, 17), (29, 18), (29, 19), (29, 20), (29, 21), (29, 22), (29, 22)]}, 83)