

CBSS-C STATS
starts:[528, 796, 959, 643, 467, 332, 410, 926, 862, 900]
targets:[309, 621, 299, 805, 260, 371, 765, 47, 745, 894, 189, 475, 29, 679, 148, 991, 294, 100, 194, 567, 895, 588, 76, 253, 824, 191, 705, 32, 792, 437, 419, 200, 715, 592, 31, 342, 494, 821, 292, 832]
dests:[186, 484, 511, 752, 74, 997, 104, 978, 483, 363]
ac_dict:{309: {0, 1}, 621: {1, 2}, 299: {2, 3}, 805: {3, 4}, 260: {4, 5}, 371: {5, 6}, 765: {6, 7}, 47: {8, 7}, 745: {8, 9}, 186: {0}, 484: {1}, 511: {2}, 752: {3}, 74: {4}, 997: {5}, 104: {6}, 978: {7}, 483: {8}, 363: {9}}
clusters:[ 0  9 16 33 19 11 17 26 18 15  0  1  6 22 14  3 30  3 31 13  7 29 28 24
  8  2 12 25 34 21 20  1 23 32  2 27 10  4  4  5]

round: 2
best_g_value: 350.0
open_list_size: 1
num_low_level_expanded: 1000
search_success: 1
search_time: 32.48060239700135
n_tsp_call: 1
n_tsp_time: 32.26594062799995
n_roots: 1
num_conflicts: 1
target_assignment: {437: 0, 342: 0, 991: 2, 895: 2, 294: 5, 260: 5, 292: 5, 705: 5, 832: 5, 253: 8, 189: 8, 31: 8, 29: 8, 148: 8, 47: 8, 32: 8, 194: 8, 419: 8, 745: 9, 715: 9, 567: 1, 592: 1, 621: 1, 588: 1, 805: 3, 679: 3, 299: 3, 494: 3, 371: 6, 200: 6, 894: 7, 765: 7, 792: 7, 824: 7, 76: 4}
cluster_target_selection: {21: 437, 27: 342, 3: 991, 7: 895, 30: 294, 19: 260, 4: 292, 12: 705, 5: 832, 24: 253, 0: 189, 2: 31, 6: 29, 14: 148, 26: 47, 25: 32, 31: 194, 20: 419, 18: 745, 23: 715, 13: 567, 32: 592, 9: 621, 29: 588, 33: 805, 22: 679, 16: 299, 10: 494, 11: 371, 1: 200, 15: 894, 17: 765, 34: 792, 8: 824, 28: 76}
num_nodes_transformed_graph: 348
agent_paths:({0: [(16, 16), (16, 15), (16, 14), (16, 13), (17, 13), (18, 13), (19, 13), (20, 13), (21, 13), (21, 12), (21, 11), (21, 10), (22, 10), (22, 9), (22, 8), (22, 7), (22, 6), (23, 6), (23, 5), (24, 5), (25, 5), (26, 5), (26, 5)], 1: [(28, 24), (27, 24), (26, 24), (25, 24), (24, 24), (24, 23), (24, 22), (23, 22), (23, 21), (23, 20), (23, 19), (23, 18), (23, 17), (22, 17), (21, 17), (20, 17), (19, 17), (18, 17), (17, 17), (16, 17), (16, 18), (16, 19), (15, 19), (14, 19), (13, 19), (12, 19), (12, 18), (11, 18), (10, 18), (9, 18), (8, 18), (7, 18), (7, 17), (6, 17), (5, 17), (4, 17), (4, 16), (4, 15), (4, 15)], 2: [(31, 29), (31, 30), (31, 29), (31, 28), (31, 27), (30, 27), (30, 26), (30, 25), (30, 24), (30, 23), (30, 22), (29, 22), (29, 21), (29, 20), (29, 19), (29, 18), (29, 17), (29, 16), (29, 15), (30, 15), (31, 15), (31, 15)], 3: [(3, 20), (3, 21), (3, 22), (3, 23), (3, 24), (4, 24), (4, 25), (5, 25), (6, 25), (7, 25), (7, 24), (7, 23), (7, 22), (7, 21), (7, 20), (7, 19), (7, 18), (7, 17), (7, 16), (8, 16), (9, 16), (9, 15), (9, 14), (10, 14), (10, 13), (10, 12), (10, 11), (10, 10), (10, 9), (11, 9), (11, 10), (12, 10), (13, 10), (14, 10), (14, 11), (14, 12), (14, 13), (14, 14), (14, 15), (14, 16), (15, 16), (16, 16), (16, 17), (16, 18), (16, 19), (16, 20), (16, 21), (16, 22), (16, 23), (16, 23)], 4: [(19, 14), (18, 14), (17, 14), (16, 14), (15, 14), (14, 14), (14, 13), (14, 12), (14, 11), (14, 10), (13, 10), (13, 9), (13, 8), (13, 7), (12, 7), (12, 6), (12, 5), (12, 4), (12, 3), (12, 2), (11, 2), (10, 2), (10, 2)], 5: [(12, 10), (11, 10), (10, 10), (9, 10), (8, 10), (7, 10), (6, 10), (6, 9), (5, 9), (4, 9), (4, 8), (4, 9), (3, 9), (2, 9), (2, 10), (2, 11), (2, 12), (2, 13), (2, 14), (2, 15), (2, 16), (2, 17), (2, 18), (2, 19), (1, 19), (1, 20), (1, 21), (1, 22), (1, 23), (0, 23), (0, 24), (0, 25), (0, 26), (0, 27), (1, 27), (2, 27), (3, 27), (4, 27), (5, 27), (5, 28), (5, 29), (5, 30), (5, 31), (5, 31)], 6: [(26, 12), (25, 12), (24, 12), (23, 12), (22, 12), (21, 12), (20, 12), (19, 12), (19, 11), (18, 11), (17, 11), (16, 11), (15, 11), (14, 11), (14, 10), (13, 10), (12, 10), (11, 10), (10, 10), (9, 10), (9, 9), (9, 8), (9, 7), (9, 6), (8, 6), (8, 5), (8, 4), (8, 3), (8, 3)], 7: [(30, 28), (30, 27), (29, 27), (29, 26), (29, 25), (29, 24), (29, 23), (29, 24), (28, 24), (27, 24), (26, 24), (25, 24), (24, 24), (24, 25), (23, 25), (22, 25), (21, 25), (20, 25), (19, 25), (18, 25), (18, 26), (18, 27), (18, 28), (18, 29), (18, 30), (18, 30)], 8: [(30, 26), (29, 26), (29, 25), (29, 24), (29, 23), (29, 22), (29, 21), (29, 20), (29, 19), (29, 18), (29, 17), (29, 16), (29, 15), (29, 14), (29, 13), (29, 12), (29, 11), (29, 10), (29, 9), (29, 8), (29, 7), (29, 6), (29, 5), (29, 4), (30, 4), (30, 3), (30, 2), (30, 1), (30, 0), (31, 0), (30, 0), (29, 0), (28, 0), (27, 0), (27, 1), (27, 2), (27, 3), (26, 3), (25, 3), (24, 3), (23, 3), (22, 3), (21, 3), (20, 3), (20, 4), (19, 4), (18, 4), (17, 4), (16, 4), (16, 3), (16, 2), (16, 1), (15, 1), (14, 1), (13, 1), (12, 1), (11, 1), (10, 1), (9, 1), (8, 1), (7, 1), (6, 1), (5, 1), (4, 1), (3, 1), (2, 1), (1, 1), (0, 1), (1, 1), (2, 1), (2, 2), (2, 3), (2, 4), (2, 5), (2, 6), (3, 6), (3, 7), (3, 8), (3, 9), (3, 10), (3, 11), (3, 12), (3, 13), (3, 14), (3, 15), (3, 15)], 9: [(4, 28), (4, 27), (4, 26), (4, 25), (4, 24), (4, 23), (5, 23), (6, 23), (7, 23), (8, 23), (9, 23), (9, 22), (10, 22), (11, 22), (11, 21), (11, 20), (11, 19), (11, 18), (11, 17), (11, 16), (11, 15), (11, 14), (10, 14), (10, 13), (10, 12), (10, 11), (11, 11), (11, 11)]}, 84)