

CBSS-C STATS
starts:[920, 982, 207, 175, 151, 48, 958, 548, 315, 869]
targets:[763, 778, 150, 56, 16, 919, 542, 430, 199, 174, 139, 819, 491, 531, 1020]
dests:[146, 217, 554, 490, 818, 894, 11, 267, 844, 799]
ac_dict:{763: {0, 1}, 778: {1, 2}, 150: {2, 3}, 56: {3, 4}, 16: {4, 5}, 919: {5, 6}, 542: {6, 7}, 430: {8, 7}, 199: {8, 9}, 146: {0}, 217: {1}, 554: {2}, 490: {3}, 818: {4}, 894: {5}, 11: {6}, 267: {7}, 844: {8}, 799: {9}}
clusters:[5 6 2 0 3 5 1 6 9 4 7 8 9 2 3]

round: 24
best_g_value: 293.0
open_list_size: 23
num_low_level_expanded: 11047
search_success: 1
search_time: 1.8351863292045891
n_tsp_call: 1
n_tsp_time: 1.3692292398773134
n_roots: 1
num_conflicts: 23
target_assignment: {491: 2, 430: 8, 174: 3, 56: 4, 819: 4, 542: 6, 531: 6, 139: 6, 16: 5, 919: 5}
cluster_target_selection: {9: 491, 6: 430, 4: 174, 0: 56, 8: 819, 1: 542, 2: 531, 7: 139, 3: 16, 5: 919}
num_nodes_transformed_graph: 98
agent_paths:({0: [(24, 28), (23, 28), (23, 27), (22, 27), (21, 27), (20, 27), (19, 27), (19, 26), (19, 25), (19, 24), (19, 23), (19, 22), (19, 21), (19, 20), (19, 19), (19, 18), (19, 17), (19, 16), (19, 15), (18, 15), (18, 14), (18, 13), (18, 12), (18, 11), (18, 10), (18, 9), (18, 8), (18, 7), (18, 6), (18, 5), (18, 4), (18, 4)], 1: [(22, 30), (23, 30), (23, 29), (23, 28), (23, 27), (23, 26), (23, 25), (23, 24), (24, 24), (24, 23), (24, 22), (24, 21), (24, 20), (24, 19), (24, 18), (24, 17), (24, 16), (24, 15), (24, 14), (24, 13), (24, 12), (24, 11), (24, 10), (24, 9), (24, 8), (25, 8), (25, 7), (25, 6), (25, 6)], 2: [(15, 6), (14, 6), (13, 6), (13, 7), (13, 8), (13, 9), (13, 10), (12, 10), (12, 11), (12, 12), (12, 13), (12, 14), (11, 14), (11, 15), (10, 15), (10, 16), (10, 17), (10, 17)], 3: [(15, 5), (14, 5), (13, 5), (12, 5), (11, 5), (10, 5), (10, 6), (10, 7), (10, 8), (10, 9), (10, 10), (10, 11), (10, 12), (10, 13), (10, 14), (10, 15), (10, 15)], 4: [(23, 4), (23, 3), (23, 2), (23, 1), (24, 1), (23, 1), (23, 2), (23, 3), (23, 4), (23, 5), (23, 6), (22, 6), (21, 6), (20, 6), (20, 7), (20, 8), (20, 9), (19, 9), (19, 10), (19, 11), (19, 12), (19, 13), (19, 14), (19, 15), (19, 16), (19, 17), (19, 18), (19, 19), (19, 20), (19, 21), (19, 22), (19, 23), (19, 24), (19, 25), (18, 25), (18, 25)], 5: [(16, 1), (16, 0), (16, 1), (17, 1), (17, 2), (17, 3), (18, 3), (19, 3), (19, 4), (19, 5), (19, 6), (20, 6), (20, 7), (21, 7), (21, 8), (21, 9), (21, 10), (21, 11), (21, 12), (21, 13), (21, 14), (21, 15), (21, 16), (21, 17), (21, 18), (21, 19), (21, 20), (21, 21), (21, 22), (21, 23), (22, 23), (22, 24), (23, 24), (23, 25), (23, 26), (23, 27), (23, 28), (23, 27), (24, 27), (25, 27), (26, 27), (27, 27), (28, 27), (29, 27), (30, 27), (30, 27)], 6: [(30, 29), (30, 28), (30, 27), (30, 26), (30, 25), (30, 24), (30, 23), (30, 22), (29, 22), (29, 21), (29, 20), (29, 19), (29, 18), (29, 17), (29, 16), (30, 16), (29, 16), (28, 16), (27, 16), (26, 16), (25, 16), (24, 16), (23, 16), (22, 16), (21, 16), (20, 16), (19, 16), (19, 15), (18, 15), (17, 15), (16, 15), (16, 14), (15, 14), (14, 14), (14, 13), (14, 12), (14, 11), (14, 10), (13, 10), (13, 9), (13, 8), (13, 7), (12, 7), (11, 7), (11, 6), (11, 5), (11, 4), (11, 3), (11, 2), (11, 1), (11, 0), (11, 0)], 7: [(4, 17), (4, 16), (4, 15), (5, 15), (5, 14), (5, 13), (6, 13), (6, 12), (6, 11), (6, 10), (6, 9), (7, 9), (7, 8), (8, 8), (9, 8), (10, 8), (11, 8), (11, 8)], 8: [(27, 9), (27, 10), (26, 10), (25, 10), (24, 10), (23, 10), (22, 10), (21, 10), (20, 10), (19, 10), (18, 10), (18, 11), (17, 11), (16, 11), (15, 11), (14, 11), (14, 12), (14, 13), (13, 13), (12, 13), (12, 14), (12, 15), (12, 16), (12, 17), (12, 18), (12, 19), (12, 20), (12, 21), (12, 22), (12, 23), (12, 24), (12, 25), (12, 26), (12, 26)], 9: [(5, 27), (5, 26), (5, 25), (6, 25), (7, 25), (8, 25), (9, 25), (10, 25), (11, 25), (12, 25), (13, 25), (14, 25), (15, 25), (16, 25), (17, 25), (18, 25), (19, 25), (20, 25), (21, 25), (22, 25), (22, 24), (23, 24), (24, 24), (25, 24), (26, 24), (27, 24), (28, 24), (29, 24), (30, 24), (31, 24), (31, 24)]}, 50)