

CBSS-C STATS
starts:[793, 519, 985, 678, 723, 946, 983, 552, 879, 1022]
targets:[1010, 982, 909, 44, 947, 855, 474, 976, 617, 172, 146, 692, 721, 523, 48, 443, 546, 709, 96, 225, 216, 398, 116, 690, 77, 859, 264, 36, 346, 827, 326, 815, 875, 824, 181, 929, 928, 156, 16, 642]
dests:[955, 911, 318, 586, 727, 91, 725, 835, 286, 1013]
ac_dict:{1010: {0, 1}, 982: {1, 2}, 909: {2, 3}, 44: {3, 4}, 947: {4, 5}, 855: {5, 6}, 474: {6, 7}, 976: {8, 7}, 617: {8, 9}, 955: {0}, 911: {1}, 318: {2}, 586: {3}, 727: {4}, 91: {5}, 725: {6}, 835: {7}, 286: {8}, 1013: {9}}
clusters:[ 4  3 21 13 19 12 24 16  8 14  1 18 20 10  6 28 22  0 27 29 33  7  0  5
 15  3  4  9  2 31 32  1 30 26 17 34  2 23 25 11]

round: 1
best_g_value: 319.0
open_list_size: 0
num_low_level_expanded: 761
search_success: 1
search_time: 76.51609198499864
n_tsp_call: 1
n_tsp_time: 76.33712298399769
n_roots: 1
num_conflicts: 0
target_assignment: {827: 0, 859: 0, 976: 8, 617: 8, 398: 8, 346: 8, 692: 4, 909: 2, 815: 2, 721: 2, 690: 2, 443: 2, 855: 6, 824: 6, 474: 6, 709: 3, 326: 3, 264: 3, 225: 3, 96: 3, 36: 3, 44: 3, 16: 3, 48: 3, 77: 3, 172: 3, 546: 7, 642: 7, 929: 7, 947: 5, 181: 5, 216: 5, 156: 5, 523: 1, 875: 1}
cluster_target_selection: {31: 827, 3: 859, 16: 976, 8: 617, 7: 398, 2: 346, 18: 692, 21: 909, 1: 815, 20: 721, 5: 690, 28: 443, 12: 855, 26: 824, 24: 474, 0: 709, 32: 326, 4: 264, 29: 225, 27: 96, 9: 36, 13: 44, 25: 16, 6: 48, 15: 77, 14: 172, 22: 546, 11: 642, 34: 929, 19: 947, 17: 181, 33: 216, 23: 156, 10: 523, 30: 875}
num_nodes_transformed_graph: 348
agent_paths:({0: [(25, 24), (26, 24), (27, 24), (27, 25), (27, 26), (27, 27), (27, 28), (27, 29), (27, 29)], 1: [(7, 16), (8, 16), (9, 16), (10, 16), (11, 16), (11, 17), (11, 18), (11, 19), (11, 20), (11, 21), (11, 22), (11, 23), (11, 24), (11, 25), (11, 26), (11, 27), (12, 27), (13, 27), (14, 27), (15, 27), (15, 28), (15, 28)], 2: [(25, 30), (24, 30), (23, 30), (22, 30), (21, 30), (20, 30), (19, 30), (18, 30), (17, 30), (16, 30), (16, 29), (15, 29), (14, 29), (13, 29), (13, 28), (13, 27), (13, 26), (13, 25), (14, 25), (15, 25), (15, 24), (15, 23), (15, 22), (16, 22), (17, 22), (17, 21), (18, 21), (18, 20), (18, 19), (18, 18), (18, 17), (19, 17), (19, 16), (19, 15), (19, 14), (19, 13), (20, 13), (21, 13), (22, 13), (23, 13), (24, 13), (25, 13), (26, 13), (27, 13), (28, 13), (28, 12), (28, 11), (28, 10), (28, 9), (29, 9), (30, 9), (30, 9)], 3: [(6, 21), (5, 21), (5, 22), (5, 21), (5, 20), (5, 19), (5, 18), (5, 17), (5, 16), (5, 15), (5, 14), (5, 13), (6, 13), (6, 12), (6, 11), (6, 10), (6, 9), (7, 9), (7, 8), (8, 8), (7, 8), (7, 7), (6, 7), (5, 7), (4, 7), (3, 7), (2, 7), (1, 7), (1, 6), (1, 5), (1, 4), (1, 3), (0, 3), (0, 2), (0, 1), (1, 1), (2, 1), (3, 1), (4, 1), (5, 1), (6, 1), (7, 1), (8, 1), (9, 1), (10, 1), (11, 1), (12, 1), (12, 0), (13, 0), (14, 0), (15, 0), (16, 0), (16, 1), (15, 1), (14, 1), (13, 1), (13, 2), (12, 2), (12, 3), (12, 4), (12, 5), (11, 5), (10, 5), (10, 6), (10, 7), (10, 8), (10, 9), (10, 10), (10, 11), (10, 12), (10, 13), (10, 14), (10, 15), (10, 16), (10, 17), (10, 18), (10, 18)], 4: [(19, 22), (19, 21), (20, 21), (21, 21), (22, 21), (23, 21), (23, 22), (23, 22)], 5: [(18, 29), (19, 29), (19, 28), (19, 27), (19, 26), (19, 25), (19, 24), (19, 23), (19, 22), (19, 21), (19, 20), (19, 19), (19, 18), (19, 17), (19, 16), (19, 15), (19, 14), (19, 13), (19, 12), (19, 11), (19, 10), (19, 9), (20, 9), (20, 8), (20, 7), (20, 6), (21, 6), (21, 5), (21, 6), (22, 6), (23, 6), (24, 6), (24, 5), (25, 5), (25, 4), (26, 4), (27, 4), (28, 4), (27, 4), (27, 3), (27, 2), (27, 2)], 6: [(23, 30), (23, 29), (23, 28), (23, 27), (23, 26), (23, 25), (24, 25), (24, 24), (24, 23), (24, 22), (24, 21), (24, 20), (24, 19), (24, 18), (24, 17), (24, 16), (24, 15), (24, 14), (25, 14), (26, 14), (25, 14), (24, 14), (23, 14), (22, 14), (21, 14), (21, 15), (21, 16), (21, 17), (21, 18), (21, 19), (21, 20), (21, 21), (21, 22), (21, 22)], 7: [(8, 17), (7, 17), (6, 17), (5, 17), (4, 17), (3, 17), (2, 17), (2, 18), (2, 19), (2, 20), (2, 21), (2, 22), (2, 23), (2, 24), (2, 25), (2, 26), (2, 27), (1, 27), (1, 28), (1, 29), (1, 28), (1, 27), (2, 27), (2, 26), (3, 26), (3, 26)], 8: [(15, 27), (16, 27), (16, 28), (16, 29), (16, 30), (16, 29), (15, 29), (14, 29), (13, 29), (12, 29), (11, 29), (10, 29), (10, 28), (9, 28), (9, 27), (9, 26), (9, 25), (9, 24), (9, 23), (9, 22), (9, 21), (9, 20), (9, 19), (9, 18), (9, 17), (9, 16), (9, 15), (9, 14), (10, 14), (11, 14), (12, 14), (12, 13), (13, 13), (14, 13), (14, 12), (14, 11), (15, 11), (16, 11), (17, 11), (18, 11), (18, 10), (19, 10), (20, 10), (21, 10), (22, 10), (23, 10), (24, 10), (25, 10), (26, 10), (27, 10), (27, 9), (27, 8), (28, 8), (29, 8), (30, 8), (30, 8)], 9: [(30, 31), (29, 31), (28, 31), (27, 31), (26, 31), (25, 31), (24, 31), (24, 30), (23, 30), (22, 30), (21, 30), (21, 31), (21, 31)]}, 75)