

CBSS-C STATS
starts:[696, 305, 106, 938, 740, 417, 939, 864, 466, 596]
targets:[895, 39, 1001, 967, 339, 273, 19, 980, 605, 638, 971, 888, 448, 278, 601, 3, 15, 985, 164, 479, 328, 447, 522, 957, 680, 158, 60, 546, 836, 766, 586, 881, 891, 821, 1002, 14, 612, 685, 12, 492]
dests:[826, 147, 915, 856, 537, 280, 1022, 469, 474, 733]
ac_dict:{895: {0, 1}, 39: {1, 2}, 1001: {2, 3}, 967: {3, 4}, 339: {4, 5}, 273: {5, 6}, 19: {6, 7}, 980: {8, 7}, 605: {8, 9}, 826: {0}, 147: {1}, 915: {2}, 856: {3}, 537: {4}, 280: {5}, 1022: {6}, 469: {7}, 474: {8}, 733: {9}}
clusters:[23 26 29 32  7 34 18  8  3  4 10 13 30 33  2 15 28 27 21 16 12  2  1  6
 31  0  4 24 14 17  5 20  9 25 11 19  3 22  1  0]

round: 14
best_g_value: 320.0
open_list_size: 11
num_low_level_expanded: 4137
search_success: 1
search_time: 11.701430401000835
n_tsp_call: 1
n_tsp_time: 11.347169478000069
n_roots: 1
num_conflicts: 13
target_assignment: {766: 0, 895: 0, 891: 0, 39: 2, 3: 2, 164: 2, 328: 2, 586: 2, 479: 8, 967: 3, 1001: 3, 1002: 3, 971: 3, 888: 3, 985: 6, 957: 6, 448: 5, 546: 5, 522: 5, 492: 5, 273: 5, 339: 5, 278: 5, 836: 7, 881: 7, 980: 7, 821: 7, 14: 7, 15: 7, 19: 7, 601: 9, 605: 9, 638: 9, 680: 4, 685: 4}
cluster_target_selection: {17: 766, 23: 895, 9: 891, 26: 39, 15: 3, 21: 164, 12: 328, 5: 586, 16: 479, 32: 967, 29: 1001, 11: 1002, 10: 971, 13: 888, 27: 985, 6: 957, 30: 448, 24: 546, 1: 522, 0: 492, 34: 273, 7: 339, 33: 278, 14: 836, 20: 881, 8: 980, 25: 821, 19: 14, 28: 15, 18: 19, 2: 601, 3: 605, 4: 638, 31: 680, 22: 685}
num_nodes_transformed_graph: 173
agent_paths:({0: [(24, 21), (25, 21), (26, 21), (27, 21), (28, 21), (29, 21), (29, 22), (30, 22), (30, 23), (30, 24), (30, 25), (30, 26), (30, 27), (31, 27), (30, 27), (29, 27), (28, 27), (27, 27), (26, 27), (26, 26), (26, 25), (26, 25)], 1: [(17, 9), (17, 8), (17, 7), (17, 6), (17, 5), (17, 4), (18, 4), (19, 4), (19, 4)], 2: [(10, 3), (9, 3), (9, 2), (9, 1), (8, 1), (7, 1), (6, 1), (5, 1), (4, 1), (3, 1), (3, 0), (4, 0), (4, 1), (4, 2), (4, 3), (4, 4), (4, 5), (5, 5), (6, 5), (7, 5), (7, 6), (7, 7), (7, 8), (7, 9), (7, 10), (8, 10), (9, 10), (10, 10), (10, 11), (10, 12), (10, 13), (10, 14), (10, 15), (10, 16), (10, 17), (10, 18), (11, 18), (12, 18), (13, 18), (14, 18), (14, 19), (15, 19), (15, 20), (16, 20), (17, 20), (18, 20), (19, 20), (19, 21), (19, 22), (19, 23), (19, 24), (19, 25), (19, 26), (19, 27), (19, 28), (19, 28)], 3: [(10, 29), (10, 30), (9, 30), (8, 30), (7, 30), (8, 30), (9, 30), (9, 31), (10, 31), (10, 30), (11, 30), (11, 29), (11, 28), (12, 28), (13, 28), (14, 28), (15, 28), (16, 28), (17, 28), (18, 28), (18, 27), (19, 27), (20, 27), (21, 27), (22, 27), (23, 27), (24, 27), (24, 26), (24, 26)], 4: [(4, 23), (4, 22), (5, 22), (5, 21), (6, 21), (7, 21), (8, 21), (9, 21), (10, 21), (11, 21), (12, 21), (13, 21), (13, 20), (13, 19), (13, 18), (13, 17), (14, 17), (15, 17), (16, 17), (17, 17), (18, 17), (19, 17), (19, 16), (20, 16), (21, 16), (22, 16), (23, 16), (24, 16), (25, 16), (25, 16)], 5: [(1, 13), (1, 14), (0, 14), (1, 14), (2, 14), (2, 15), (2, 16), (2, 17), (2, 16), (3, 16), (4, 16), (5, 16), (6, 16), (7, 16), (8, 16), (9, 16), (10, 16), (10, 15), (11, 15), (12, 15), (12, 14), (12, 13), (12, 12), (12, 11), (12, 10), (13, 10), (13, 9), (14, 9), (15, 9), (16, 9), (16, 8), (17, 8), (18, 8), (18, 9), (19, 9), (19, 10), (19, 9), (20, 9), (20, 8), (21, 8), (22, 8), (23, 8), (24, 8), (24, 8)], 6: [(11, 29), (12, 29), (13, 29), (14, 29), (15, 29), (16, 29), (17, 29), (18, 29), (19, 29), (20, 29), (21, 29), (21, 30), (22, 30), (23, 30), (24, 30), (25, 30), (25, 29), (26, 29), (27, 29), (28, 29), (29, 29), (30, 29), (30, 30), (30, 31), (30, 31)], 7: [(0, 27), (1, 27), (2, 27), (2, 26), (3, 26), (4, 26), (5, 26), (6, 26), (7, 26), (8, 26), (9, 26), (10, 26), (11, 26), (12, 26), (13, 26), (13, 27), (14, 27), (15, 27), (16, 27), (17, 27), (17, 28), (18, 28), (19, 28), (20, 28), (20, 29), (20, 30), (20, 29), (20, 28), (20, 27), (20, 26), (20, 25), (21, 25), (20, 25), (19, 25), (18, 25), (17, 25), (16, 25), (16, 24), (16, 23), (16, 22), (16, 21), (16, 20), (16, 19), (16, 18), (16, 17), (16, 16), (16, 15), (16, 14), (16, 13), (16, 12), (16, 11), (16, 10), (16, 9), (16, 8), (16, 7), (15, 7), (14, 7), (14, 6), (14, 5), (14, 4), (14, 3), (14, 2), (14, 1), (14, 0), (15, 0), (16, 0), (16, 1), (17, 1), (18, 1), (19, 1), (19, 0), (20, 0), (20, 1), (20, 2), (21, 2), (21, 3), (21, 4), (21, 5), (21, 6), (21, 7), (21, 8), (21, 9), (21, 10), (21, 11), (21, 12), (21, 13), (21, 14), (21, 14)], 8: [(18, 14), (19, 14), (20, 14), (21, 14), (22, 14), (23, 14), (24, 14), (25, 14), (26, 14), (27, 14), (28, 14), (29, 14), (30, 14), (31, 14), (30, 14), (29, 14), (28, 14), (27, 14), (26, 14), (26, 14)], 9: [(20, 18), (21, 18), (22, 18), (23, 18), (24, 18), (25, 18), (26, 18), (27, 18), (28, 18), (29, 18), (30, 18), (30, 19), (29, 19), (29, 20), (29, 21), (29, 22), (29, 22)]}, 86)