

CBSS-C STATS
starts:[346, 288, 857, 41, 58, 893, 983, 790, 762, 43]
targets:[844, 519, 242, 532, 603, 454, 92, 65, 878, 558, 712, 185, 245, 499, 165, 144, 534, 955, 954, 350, 35, 479, 76, 728, 668, 46, 674, 490, 776, 798, 485, 273, 771, 51, 550, 885, 978, 601, 824, 189]
dests:[887, 489, 115, 457, 632, 912, 851, 379, 697, 374]
ac_dict:{844: {0, 1}, 519: {1, 2}, 242: {2, 3}, 532: {3, 4}, 603: {4, 5}, 454: {5, 6}, 92: {6, 7}, 65: {8, 7}, 878: {8, 9}, 887: {0}, 489: {1}, 115: {2}, 457: {3}, 632: {4}, 912: {5}, 851: {6}, 379: {7}, 697: {8}, 374: {9}}
clusters:[12  9 14  1 11 25 18  1 24  2 33 22 32 34 26 31 19 28 23 29  5  8 27 17
  4  0 13  7  3  2  0 10 30 15 16 21 20  6  4  3]

round: 1
best_g_value: 341.0
open_list_size: 0
num_low_level_expanded: 861
search_success: 1
search_time: 12.526489488998777
n_tsp_call: 1
n_tsp_time: 12.410525407998648
n_roots: 1
num_conflicts: 0
target_assignment: {954: 5, 955: 5, 603: 5, 454: 5, 550: 5, 558: 5, 824: 2, 499: 2, 273: 2, 242: 2, 144: 2, 35: 3, 165: 3, 76: 9, 46: 9, 51: 9, 245: 9, 674: 1, 771: 1, 844: 1, 776: 1, 712: 1, 519: 1, 490: 1, 185: 4, 532: 4, 534: 4, 728: 7, 601: 7, 479: 7, 350: 7, 92: 7, 978: 6, 885: 8, 878: 8}
cluster_target_selection: {23: 954, 28: 955, 11: 603, 25: 454, 16: 550, 2: 558, 4: 824, 34: 499, 10: 273, 14: 242, 31: 144, 5: 35, 26: 165, 27: 76, 0: 46, 15: 51, 32: 245, 13: 674, 30: 771, 12: 844, 3: 776, 33: 712, 9: 519, 7: 490, 22: 185, 1: 532, 19: 534, 17: 728, 6: 601, 8: 479, 29: 350, 18: 92, 20: 978, 21: 885, 24: 878}
num_nodes_transformed_graph: 180
agent_paths:({0: [(26, 10), (25, 10), (24, 10), (24, 11), (24, 12), (24, 13), (24, 14), (24, 15), (24, 16), (24, 17), (24, 18), (24, 19), (24, 20), (24, 21), (24, 22), (24, 23), (24, 24), (23, 24), (23, 25), (23, 26), (23, 27), (23, 27)], 1: [(0, 9), (1, 9), (2, 9), (2, 10), (2, 11), (2, 12), (2, 13), (2, 14), (2, 15), (2, 16), (2, 17), (2, 18), (2, 19), (2, 20), (2, 21), (3, 21), (3, 22), (3, 23), (3, 24), (4, 24), (4, 25), (5, 25), (6, 25), (7, 25), (8, 25), (9, 25), (10, 25), (11, 25), (12, 25), (12, 26), (11, 26), (10, 26), (9, 26), (8, 26), (8, 25), (8, 24), (8, 23), (8, 22), (7, 22), (7, 21), (7, 20), (7, 19), (7, 18), (7, 17), (7, 16), (8, 16), (9, 16), (9, 15), (10, 15), (9, 15), (9, 15)], 2: [(25, 26), (24, 26), (24, 25), (23, 25), (22, 25), (21, 25), (20, 25), (19, 25), (19, 24), (19, 23), (19, 22), (19, 21), (19, 20), (19, 19), (19, 18), (19, 17), (19, 16), (19, 15), (18, 15), (18, 14), (18, 13), (18, 12), (18, 11), (18, 10), (18, 9), (17, 9), (17, 8), (17, 7), (18, 7), (17, 7), (16, 7), (16, 6), (16, 5), (16, 4), (16, 3), (17, 3), (18, 3), (19, 3), (19, 3)], 3: [(9, 1), (8, 1), (7, 1), (6, 1), (5, 1), (4, 1), (3, 1), (4, 1), (5, 1), (5, 2), (5, 3), (5, 4), (5, 5), (6, 5), (7, 5), (8, 5), (8, 6), (9, 6), (9, 7), (9, 8), (9, 9), (9, 10), (9, 11), (9, 12), (10, 12), (10, 13), (10, 14), (9, 14), (9, 14)], 4: [(26, 1), (27, 1), (27, 2), (27, 3), (26, 3), (25, 3), (25, 4), (25, 5), (24, 5), (23, 5), (23, 6), (22, 6), (21, 6), (21, 7), (21, 8), (21, 9), (21, 10), (21, 11), (21, 12), (21, 13), (21, 14), (21, 15), (21, 16), (20, 16), (21, 16), (22, 16), (23, 16), (24, 16), (24, 17), (24, 18), (24, 19), (24, 19)], 5: [(29, 27), (28, 27), (27, 27), (26, 27), (26, 28), (26, 29), (27, 29), (27, 28), (27, 27), (27, 26), (27, 25), (27, 24), (27, 23), (27, 22), (27, 21), (27, 20), (27, 19), (27, 18), (26, 18), (25, 18), (24, 18), (23, 18), (22, 18), (21, 18), (20, 18), (19, 18), (18, 18), (18, 17), (17, 17), (16, 17), (15, 17), (14, 17), (13, 17), (12, 17), (11, 17), (10, 17), (9, 17), (8, 17), (7, 17), (6, 17), (6, 16), (6, 15), (6, 14), (6, 15), (6, 16), (6, 17), (7, 17), (8, 17), (9, 17), (10, 17), (11, 17), (12, 17), (13, 17), (14, 17), (15, 17), (16, 17), (16, 18), (16, 19), (16, 20), (16, 21), (16, 22), (16, 23), (16, 24), (16, 25), (16, 26), (16, 27), (16, 28), (16, 28)], 6: [(23, 30), (22, 30), (21, 30), (20, 30), (19, 30), (18, 30), (18, 29), (18, 28), (18, 27), (18, 26), (19, 26), (19, 26)], 7: [(22, 24), (23, 24), (24, 24), (24, 23), (24, 22), (24, 21), (24, 20), (24, 19), (24, 18), (25, 18), (25, 17), (25, 16), (25, 15), (25, 14), (26, 14), (27, 14), (28, 14), (29, 14), (30, 14), (31, 14), (30, 14), (29, 14), (29, 13), (29, 12), (29, 11), (29, 10), (30, 10), (29, 10), (28, 10), (28, 9), (28, 8), (28, 7), (28, 6), (28, 5), (28, 4), (28, 3), (28, 2), (27, 2), (27, 3), (27, 4), (27, 5), (27, 6), (27, 7), (27, 8), (27, 9), (27, 10), (27, 11), (27, 11)], 8: [(26, 23), (26, 24), (25, 24), (24, 24), (23, 24), (22, 24), (22, 25), (22, 26), (22, 27), (21, 27), (20, 27), (19, 27), (18, 27), (17, 27), (16, 27), (15, 27), (14, 27), (15, 27), (15, 26), (15, 25), (15, 24), (15, 23), (15, 22), (15, 21), (16, 21), (17, 21), (18, 21), (19, 21), (20, 21), (21, 21), (22, 21), (23, 21), (24, 21), (25, 21), (25, 21)], 9: [(11, 1), (12, 1), (12, 2), (12, 1), (13, 1), (14, 1), (15, 1), (16, 1), (17, 1), (18, 1), (19, 1), (20, 1), (20, 2), (21, 2), (21, 3), (21, 4), (21, 5), (21, 6), (21, 7), (22, 7), (22, 8), (22, 9), (22, 10), (22, 11), (22, 11)]}, 66)