

CBSS-C STATS
starts:[368, 473, 237, 621, 878, 660, 875, 787, 56, 708]
targets:[122, 301, 527, 159, 715, 998, 351, 677, 565, 40, 568, 730, 767, 390, 713, 834, 598, 977, 646, 665, 317, 402, 434, 407, 441, 316, 672, 599, 989, 1003, 1023, 848, 854, 997, 50, 902, 908, 849, 958, 77]
dests:[19, 115, 178, 776, 214, 487, 175, 267, 336, 103]
ac_dict:{122: {0, 1}, 301: {1, 2}, 527: {2, 3}, 159: {3, 4}, 715: {4, 5}, 998: {5, 6}, 351: {6, 7}, 677: {8, 7}, 565: {8, 9}, 19: {0}, 115: {1}, 178: {2}, 776: {3}, 214: {4}, 487: {5}, 175: {6}, 267: {7}, 336: {8}, 103: {9}}
clusters:[ 0  4  5  0 32 12  4  7 13  9 30 27 10  3  3  6 23 11 22 17  8 16 26  2
 31  1 34 21  2 29 18  1 20 19 24 14 15 33 25 28]

round: 1
best_g_value: 322.0
open_list_size: 0
num_low_level_expanded: 838
search_success: 1
search_time: 11.80759972099986
n_tsp_call: 1
n_tsp_time: 11.704451273000814
n_roots: 1
num_conflicts: 0
target_assignment: {50: 0, 317: 1, 316: 1, 122: 1, 441: 8, 568: 8, 565: 8, 434: 8, 402: 8, 977: 4, 849: 4, 854: 4, 989: 4, 1023: 4, 958: 4, 767: 4, 730: 4, 665: 4, 599: 4, 598: 4, 677: 7, 646: 7, 672: 9, 390: 9, 715: 5, 301: 2, 908: 6, 1003: 6, 998: 6, 997: 6, 902: 6, 834: 6, 40: 6, 77: 6, 527: 3}
cluster_target_selection: {24: 50, 8: 317, 1: 316, 0: 122, 31: 441, 30: 568, 13: 565, 26: 434, 16: 402, 11: 977, 33: 849, 20: 854, 2: 989, 18: 1023, 25: 958, 10: 767, 27: 730, 17: 665, 21: 599, 23: 598, 7: 677, 22: 646, 34: 672, 3: 390, 32: 715, 4: 301, 15: 908, 29: 1003, 12: 998, 19: 997, 14: 902, 6: 834, 9: 40, 28: 77, 5: 527}
num_nodes_transformed_graph: 170
agent_paths:({0: [(16, 11), (16, 10), (16, 9), (16, 8), (16, 7), (16, 6), (16, 5), (16, 4), (16, 3), (16, 2), (16, 1), (17, 1), (18, 1), (19, 1), (19, 0), (19, 0)], 1: [(25, 14), (25, 13), (25, 12), (25, 11), (25, 10), (26, 10), (27, 10), (27, 9), (28, 9), (29, 9), (28, 9), (27, 9), (27, 8), (27, 7), (26, 7), (26, 6), (26, 5), (26, 4), (26, 3), (25, 3), (24, 3), (23, 3), (22, 3), (21, 3), (20, 3), (19, 3), (19, 3)], 2: [(13, 7), (13, 8), (13, 9), (13, 8), (13, 7), (13, 6), (13, 5), (14, 5), (15, 5), (16, 5), (17, 5), (18, 5), (18, 5)], 3: [(13, 19), (13, 18), (13, 17), (13, 16), (14, 16), (15, 16), (14, 16), (13, 16), (12, 16), (11, 16), (10, 16), (9, 16), (8, 16), (8, 17), (8, 18), (8, 19), (8, 20), (8, 21), (8, 22), (8, 23), (8, 24), (8, 24)], 4: [(14, 27), (15, 27), (16, 27), (17, 27), (17, 28), (17, 29), (17, 30), (17, 29), (17, 28), (17, 27), (17, 26), (18, 26), (19, 26), (20, 26), (20, 25), (21, 25), (22, 25), (22, 26), (23, 26), (24, 26), (25, 26), (26, 26), (27, 26), (27, 27), (28, 27), (29, 27), (29, 28), (29, 29), (29, 30), (30, 30), (31, 30), (31, 31), (30, 31), (30, 30), (30, 29), (30, 28), (30, 27), (30, 26), (30, 25), (30, 24), (30, 23), (31, 23), (30, 23), (29, 23), (29, 22), (28, 22), (27, 22), (26, 22), (26, 21), (25, 21), (25, 20), (24, 20), (23, 20), (23, 19), (23, 18), (22, 18), (22, 17), (22, 16), (22, 15), (22, 14), (22, 13), (22, 12), (22, 11), (22, 10), (22, 9), (22, 8), (22, 7), (22, 6), (22, 6)], 5: [(20, 20), (19, 20), (18, 20), (17, 20), (16, 20), (15, 20), (14, 20), (13, 20), (12, 20), (11, 20), (11, 21), (11, 22), (10, 22), (9, 22), (8, 22), (7, 22), (7, 21), (7, 20), (7, 19), (7, 18), (7, 17), (7, 16), (7, 15), (7, 15)], 6: [(11, 27), (12, 27), (12, 28), (11, 28), (11, 29), (11, 30), (11, 31), (10, 31), (9, 31), (8, 31), (7, 31), (6, 31), (5, 31), (5, 30), (5, 29), (5, 28), (6, 28), (5, 28), (4, 28), (4, 27), (3, 27), (2, 27), (2, 26), (2, 25), (2, 24), (2, 23), (2, 22), (2, 21), (2, 20), (2, 19), (2, 18), (2, 17), (2, 16), (2, 15), (2, 14), (2, 13), (2, 12), (2, 11), (2, 10), (2, 9), (3, 9), (3, 8), (3, 7), (3, 6), (3, 5), (3, 4), (3, 3), (3, 2), (3, 1), (4, 1), (5, 1), (6, 1), (7, 1), (8, 1), (9, 1), (10, 1), (11, 1), (12, 1), (13, 1), (13, 2), (14, 2), (14, 3), (14, 4), (14, 5), (15, 5), (15, 5)], 7: [(19, 24), (18, 24), (17, 24), (16, 24), (15, 24), (14, 24), (13, 24), (12, 24), (11, 24), (10, 24), (9, 24), (8, 24), (7, 24), (7, 23), (6, 23), (5, 23), (5, 22), (5, 21), (5, 20), (6, 20), (6, 19), (7, 19), (7, 18), (7, 17), (7, 16), (8, 16), (9, 16), (9, 15), (9, 14), (10, 14), (10, 13), (10, 12), (10, 11), (10, 10), (10, 9), (10, 8), (11, 8), (11, 8)], 8: [(24, 1), (24, 2), (25, 2), (25, 3), (25, 4), (25, 5), (25, 6), (25, 7), (25, 8), (25, 9), (25, 10), (25, 11), (25, 12), (25, 13), (24, 13), (24, 14), (24, 15), (24, 16), (24, 17), (23, 17), (22, 17), (21, 17), (20, 17), (19, 17), (19, 16), (19, 15), (18, 15), (18, 14), (18, 13), (18, 12), (17, 12), (16, 12), (16, 11), (16, 10), (16, 10)], 9: [(4, 22), (3, 22), (2, 22), (1, 22), (1, 21), (0, 21), (0, 20), (0, 19), (1, 19), (2, 19), (2, 18), (2, 17), (2, 16), (2, 15), (2, 14), (2, 13), (3, 13), (4, 13), (5, 13), (6, 13), (6, 12), (6, 11), (6, 10), (6, 9), (7, 9), (7, 8), (7, 7), (7, 6), (7, 5), (7, 4), (7, 3), (7, 3)]}, 67)