

CBSS-C STATS
starts:[711, 526, 545, 870, 147, 733, 346, 595, 24, 630]
targets:[639, 515, 121, 623, 219, 32, 266, 16, 265, 426, 723, 792, 419, 126, 664, 135, 81, 851, 626, 687, 449, 239, 968, 460, 114, 727, 228, 934, 5, 473, 98, 916, 549, 883, 66, 351, 223, 670, 661, 594]
dests:[493, 859, 442, 867, 85, 461, 96, 189, 828, 375]
ac_dict:{639: {0, 1}, 515: {1, 2}, 121: {2, 3}, 623: {3, 4}, 219: {4, 5}, 32: {5, 6}, 266: {6, 7}, 16: {8, 7}, 265: {8, 9}, 493: {0}, 859: {1}, 442: {2}, 867: {3}, 85: {4}, 461: {5}, 96: {6}, 189: {7}, 828: {8}, 375: {9}}
clusters:[29 19 21  5 31 11 27 26 12 18 15 10  8 13  0 30 16  1  3 24 32  2 34  4
  7 28  0 22 20  6 33  3 23 17 14  9  2  4  1 25]

round: 4
best_g_value: 344.0
open_list_size: 3
num_low_level_expanded: 1892
search_success: 1
search_time: 15.342099260997202
n_tsp_call: 1
n_tsp_time: 15.202236771998287
n_roots: 1
num_conflicts: 3
target_assignment: {549: 0, 473: 7, 351: 7, 126: 7, 16: 8, 239: 8, 265: 8, 426: 8, 460: 8, 626: 8, 723: 8, 883: 8, 851: 8, 792: 8, 727: 5, 594: 5, 934: 3, 968: 3, 623: 3, 687: 3, 219: 4, 449: 2, 515: 2, 419: 2, 228: 2, 81: 2, 114: 2, 121: 2, 639: 1, 266: 6, 135: 6, 5: 6, 66: 6, 98: 6, 32: 6}
cluster_target_selection: {23: 549, 6: 473, 9: 351, 13: 126, 26: 16, 2: 239, 12: 265, 18: 426, 4: 460, 3: 626, 15: 723, 17: 883, 1: 851, 10: 792, 28: 727, 25: 594, 22: 934, 34: 968, 5: 623, 24: 687, 31: 219, 32: 449, 19: 515, 8: 419, 0: 228, 16: 81, 7: 114, 21: 121, 29: 639, 27: 266, 30: 135, 20: 5, 14: 66, 33: 98, 11: 32}
num_nodes_transformed_graph: 178
agent_paths:({0: [(7, 22), (6, 22), (5, 22), (5, 21), (5, 20), (5, 19), (5, 18), (5, 17), (5, 16), (6, 16), (7, 16), (8, 16), (9, 16), (9, 15), (10, 15), (11, 15), (12, 15), (13, 15), (13, 15)], 1: [(14, 16), (15, 16), (16, 16), (17, 16), (17, 17), (18, 17), (19, 17), (20, 17), (21, 17), (22, 17), (23, 17), (24, 17), (25, 17), (26, 17), (27, 17), (27, 18), (28, 18), (29, 18), (30, 18), (31, 18), (31, 19), (30, 19), (29, 19), (29, 20), (28, 20), (27, 20), (27, 21), (27, 22), (27, 23), (27, 24), (27, 25), (27, 26), (27, 26)], 2: [(1, 17), (1, 16), (1, 15), (1, 14), (2, 14), (3, 14), (3, 15), (3, 16), (3, 15), (3, 14), (3, 13), (3, 12), (3, 11), (3, 10), (3, 9), (3, 8), (3, 7), (4, 7), (5, 7), (6, 7), (7, 7), (7, 6), (8, 6), (9, 6), (10, 6), (10, 5), (11, 5), (12, 5), (13, 5), (14, 5), (15, 5), (16, 5), (16, 4), (16, 3), (16, 2), (17, 2), (17, 3), (18, 3), (19, 3), (20, 3), (21, 3), (22, 3), (23, 3), (24, 3), (25, 3), (25, 4), (25, 5), (25, 6), (25, 7), (25, 8), (25, 9), (25, 10), (26, 10), (26, 11), (26, 12), (26, 13), (26, 13)], 3: [(6, 27), (6, 28), (6, 29), (7, 29), (8, 29), (8, 30), (8, 29), (8, 28), (8, 27), (8, 26), (8, 25), (8, 24), (8, 23), (8, 22), (8, 21), (8, 20), (8, 19), (9, 19), (10, 19), (11, 19), (12, 19), (13, 19), (14, 19), (15, 19), (15, 20), (15, 21), (14, 21), (13, 21), (12, 21), (11, 21), (10, 21), (9, 21), (8, 21), (7, 21), (6, 21), (5, 21), (5, 22), (4, 22), (3, 22), (3, 23), (3, 24), (3, 25), (3, 26), (3, 27), (3, 27)], 4: [(19, 4), (20, 4), (21, 4), (22, 4), (23, 4), (23, 5), (24, 5), (25, 5), (26, 5), (27, 5), (27, 6), (26, 6), (25, 6), (24, 6), (23, 6), (22, 6), (21, 6), (21, 5), (21, 4), (21, 3), (21, 2), (21, 2)], 5: [(29, 22), (28, 22), (27, 22), (26, 22), (26, 21), (25, 21), (24, 21), (23, 21), (23, 22), (23, 21), (22, 21), (21, 21), (20, 21), (19, 21), (18, 21), (18, 20), (18, 19), (18, 18), (18, 17), (17, 17), (16, 17), (15, 17), (14, 17), (14, 16), (14, 15), (14, 14), (13, 14), (13, 14)], 6: [(26, 10), (25, 10), (24, 10), (23, 10), (22, 10), (21, 10), (20, 10), (19, 10), (18, 10), (18, 9), (17, 9), (16, 9), (15, 9), (14, 9), (13, 9), (13, 8), (13, 7), (12, 7), (11, 7), (10, 7), (10, 8), (9, 8), (8, 8), (7, 8), (7, 7), (7, 6), (7, 5), (7, 4), (6, 4), (5, 4), (5, 3), (5, 2), (5, 1), (5, 0), (4, 0), (3, 0), (2, 0), (2, 1), (2, 2), (2, 3), (1, 3), (0, 3), (0, 2), (0, 1), (0, 2), (0, 3), (0, 3)], 7: [(19, 18), (19, 17), (19, 16), (19, 15), (19, 14), (20, 14), (21, 14), (22, 14), (23, 14), (24, 14), (25, 14), (25, 13), (25, 12), (25, 11), (25, 10), (26, 10), (27, 10), (28, 10), (29, 10), (30, 10), (31, 10), (30, 10), (30, 9), (30, 8), (30, 7), (30, 6), (30, 5), (30, 4), (30, 3), (30, 4), (29, 4), (29, 5), (29, 5)], 8: [(24, 0), (23, 0), (22, 0), (21, 0), (20, 0), (19, 0), (19, 1), (18, 1), (17, 1), (16, 1), (16, 0), (16, 1), (16, 2), (16, 3), (16, 4), (16, 5), (15, 5), (15, 6), (15, 7), (14, 7), (13, 7), (12, 7), (11, 7), (10, 7), (9, 7), (9, 8), (10, 8), (10, 9), (10, 10), (10, 11), (10, 12), (10, 13), (10, 14), (11, 14), (12, 14), (12, 15), (12, 16), (13, 16), (14, 16), (15, 16), (16, 16), (17, 16), (17, 17), (18, 17), (18, 18), (18, 19), (19, 19), (19, 20), (19, 21), (19, 22), (19, 23), (19, 24), (19, 25), (19, 26), (19, 27), (19, 26), (19, 25), (20, 25), (21, 25), (22, 25), (22, 24), (23, 24), (24, 24), (25, 24), (26, 24), (27, 24), (28, 24), (28, 25), (28, 25)], 9: [(22, 19), (22, 18), (22, 17), (22, 16), (22, 15), (22, 14), (22, 13), (22, 12), (22, 11), (23, 11), (23, 11)]}, 67)