

CBSS-C STATS
starts:[363, 75, 876, 205, 222, 431, 215, 117, 531, 432]
targets:[164, 464, 669, 234, 865, 93, 563, 25, 590, 1021, 604, 146, 535, 11, 650, 116, 781, 596, 711, 990, 840, 453, 290, 148, 741, 400, 84, 208, 861, 851, 499, 989, 463, 435, 108, 29, 583, 132, 979, 926]
dests:[70, 803, 770, 115, 679, 88, 994, 551, 545, 21]
ac_dict:{164: {0, 1}, 464: {1, 2}, 669: {2, 3}, 234: {3, 4}, 865: {4, 5}, 93: {5, 6}, 563: {6, 7}, 25: {8, 7}, 590: {8, 9}, 70: {0}, 803: {1}, 770: {2}, 115: {3}, 679: {4}, 88: {5}, 994: {6}, 551: {7}, 545: {8}, 21: {9}}
clusters:[22 13 29  0 12 17 23  0 21  2  4 15 20 14  9  6  1 11 34  5  1 27  2  8
 31 33  7 19 24 28 30 25 26  3  4  3 10 18 32 16]

round: 4
best_g_value: 344.0
open_list_size: 3
num_low_level_expanded: 1653
search_success: 1
search_time: 70.08994162199997
n_tsp_call: 1
n_tsp_time: 69.87774029100001
n_roots: 1
num_conflicts: 3
target_assignment: {146: 9, 148: 9, 116: 9, 84: 9, 590: 8, 583: 8, 11: 1, 132: 1, 164: 1, 290: 1, 596: 6, 781: 6, 435: 7, 563: 7, 851: 2, 979: 2, 989: 2, 990: 2, 926: 2, 861: 2, 669: 2, 604: 2, 535: 2, 499: 2, 464: 2, 463: 2, 650: 2, 711: 2, 400: 5, 208: 5, 93: 5, 234: 4, 453: 4, 741: 4, 865: 4}
cluster_target_selection: {15: 146, 8: 148, 6: 116, 7: 84, 21: 590, 10: 583, 14: 11, 18: 132, 22: 164, 2: 290, 11: 596, 1: 781, 3: 435, 23: 563, 28: 851, 32: 979, 25: 989, 5: 990, 16: 926, 24: 861, 29: 669, 4: 604, 20: 535, 30: 499, 13: 464, 26: 463, 9: 650, 34: 711, 33: 400, 19: 208, 17: 93, 0: 234, 27: 453, 31: 741, 12: 865}
num_nodes_transformed_graph: 348
agent_paths:({0: [(11, 11), (10, 11), (9, 11), (9, 10), (8, 10), (7, 10), (7, 9), (7, 8), (7, 7), (7, 6), (7, 5), (6, 5), (6, 4), (6, 3), (6, 2), (6, 2)], 1: [(11, 2), (11, 1), (11, 0), (10, 0), (9, 0), (8, 0), (8, 1), (7, 1), (6, 1), (5, 1), (4, 1), (4, 2), (4, 3), (4, 4), (4, 5), (3, 5), (3, 6), (3, 7), (3, 8), (3, 9), (2, 9), (2, 10), (2, 11), (2, 12), (2, 13), (2, 14), (2, 15), (2, 16), (2, 17), (2, 18), (2, 19), (2, 20), (3, 20), (3, 21), (3, 22), (3, 23), (3, 24), (3, 25), (3, 25)], 2: [(12, 27), (13, 27), (14, 27), (15, 27), (15, 26), (16, 26), (17, 26), (18, 26), (19, 26), (19, 27), (19, 28), (19, 29), (19, 30), (20, 30), (21, 30), (22, 30), (23, 30), (24, 30), (25, 30), (26, 30), (27, 30), (28, 30), (29, 30), (30, 30), (30, 29), (30, 28), (29, 28), (29, 27), (29, 26), (29, 25), (29, 24), (29, 23), (29, 22), (29, 21), (29, 20), (29, 19), (29, 18), (28, 18), (27, 18), (26, 18), (25, 18), (24, 18), (23, 18), (23, 17), (23, 16), (22, 16), (21, 16), (20, 16), (19, 16), (19, 15), (18, 15), (17, 15), (16, 15), (16, 14), (15, 14), (14, 14), (13, 14), (12, 14), (11, 14), (10, 14), (10, 15), (10, 16), (10, 17), (10, 18), (10, 19), (10, 20), (9, 20), (8, 20), (8, 21), (8, 22), (7, 22), (6, 22), (5, 22), (4, 22), (3, 22), (2, 22), (2, 23), (2, 24), (2, 24)], 3: [(13, 6), (13, 5), (14, 5), (15, 5), (16, 5), (16, 4), (16, 3), (17, 3), (18, 3), (19, 3), (19, 3)], 4: [(30, 6), (29, 6), (28, 6), (27, 6), (26, 6), (25, 6), (24, 6), (23, 6), (22, 6), (21, 6), (20, 6), (19, 6), (18, 6), (17, 6), (16, 6), (15, 6), (14, 6), (13, 6), (12, 6), (11, 6), (10, 6), (10, 7), (9, 7), (9, 8), (8, 8), (7, 8), (7, 9), (6, 9), (6, 10), (6, 11), (6, 12), (6, 13), (5, 13), (5, 14), (5, 15), (5, 16), (5, 17), (5, 18), (5, 19), (5, 20), (5, 21), (5, 22), (5, 23), (4, 23), (3, 23), (2, 23), (2, 24), (2, 25), (2, 26), (2, 27), (1, 27), (2, 27), (2, 26), (2, 25), (2, 24), (2, 23), (2, 22), (3, 22), (4, 22), (5, 22), (5, 21), (6, 21), (7, 21), (7, 21)], 5: [(15, 13), (15, 12), (16, 12), (16, 11), (16, 10), (16, 9), (16, 8), (16, 7), (16, 6), (16, 5), (16, 4), (17, 4), (18, 4), (19, 4), (20, 4), (20, 3), (21, 3), (22, 3), (23, 3), (24, 3), (25, 3), (26, 3), (27, 3), (27, 2), (28, 2), (29, 2), (28, 2), (27, 2), (27, 3), (26, 3), (25, 3), (24, 3), (24, 2), (24, 2)], 6: [(23, 6), (22, 6), (21, 6), (21, 7), (21, 8), (21, 9), (21, 10), (21, 11), (21, 12), (21, 13), (21, 14), (21, 15), (21, 16), (20, 16), (20, 17), (20, 18), (19, 18), (18, 18), (18, 19), (17, 19), (16, 19), (15, 19), (14, 19), (13, 19), (13, 20), (13, 21), (13, 22), (13, 23), (13, 24), (12, 24), (11, 24), (10, 24), (9, 24), (8, 24), (7, 24), (7, 25), (6, 25), (5, 25), (4, 25), (4, 26), (3, 26), (2, 26), (2, 27), (2, 28), (2, 29), (2, 30), (2, 31), (2, 31)], 7: [(21, 3), (21, 4), (21, 5), (21, 6), (20, 6), (20, 7), (20, 8), (20, 9), (19, 9), (19, 10), (19, 11), (19, 12), (19, 13), (19, 14), (19, 15), (19, 16), (19, 17), (18, 17), (17, 17), (16, 17), (15, 17), (14, 17), (13, 17), (12, 17), (11, 17), (10, 17), (9, 17), (8, 17), (7, 17), (7, 17)], 8: [(19, 16), (19, 17), (18, 17), (17, 17), (16, 17), (15, 17), (14, 17), (14, 18), (13, 18), (12, 18), (11, 18), (10, 18), (9, 18), (8, 18), (7, 18), (7, 17), (6, 17), (5, 17), (4, 17), (3, 17), (2, 17), (1, 17), (1, 17)], 9: [(16, 13), (16, 12), (16, 11), (16, 10), (16, 9), (16, 8), (16, 7), (16, 6), (16, 5), (16, 4), (17, 4), (18, 4), (19, 4), (20, 4), (20, 3), (20, 2), (20, 1), (20, 0), (21, 0), (21, 0)]}, 77)