

CBSS-C STATS
starts:[847, 148, 483, 364, 1017, 767, 316, 736, 911, 623]
targets:[848, 662, 642, 564, 323, 96, 301, 502, 835, 4, 961, 370, 518, 1002, 775, 693, 879, 851, 841, 707, 522, 332, 229, 791, 6, 386, 977, 91, 967, 694, 511, 655, 92, 95, 188, 179, 190, 829, 581, 935]
dests:[709, 730, 803, 191, 459, 594, 64, 22, 260, 675]
ac_dict:{848: {0, 1}, 662: {1, 2}, 642: {2, 3}, 564: {3, 4}, 323: {4, 5}, 96: {5, 6}, 301: {6, 7}, 502: {8, 7}, 835: {8, 9}, 709: {0}, 730: {1}, 803: {2}, 191: {3}, 459: {4}, 594: {5}, 64: {6}, 22: {7}, 260: {8}, 675: {9}}
clusters:[ 7 32  4  1 27 29 19  5 12 24 22  6 34  8 21  9 18  1  0 10 15  3 23 14
  4  2 16 17 13  3  2 11 28 31  0 33 20 25 30 26]

round: 1
best_g_value: 323.0
open_list_size: 0
num_low_level_expanded: 697
search_success: 1
search_time: 34.31102770100006
n_tsp_call: 1
n_tsp_time: 34.1238435159994
n_roots: 1
num_conflicts: 0
target_assignment: {851: 0, 848: 0, 775: 0, 879: 8, 841: 8, 835: 8, 386: 8, 662: 1, 694: 1, 179: 3, 91: 3, 92: 3, 95: 3, 190: 3, 977: 4, 1002: 4, 967: 4, 935: 4, 961: 4, 323: 4, 829: 5, 791: 5, 693: 5, 642: 2, 707: 2, 655: 9, 370: 6, 301: 6, 229: 6, 4: 6, 96: 6, 581: 7, 518: 7, 522: 7, 502: 7}
cluster_target_selection: {1: 851, 7: 848, 21: 775, 18: 879, 0: 841, 12: 835, 2: 386, 32: 662, 3: 694, 33: 179, 17: 91, 28: 92, 31: 95, 20: 190, 16: 977, 8: 1002, 13: 967, 26: 935, 22: 961, 27: 323, 25: 829, 14: 791, 9: 693, 4: 642, 10: 707, 11: 655, 6: 370, 19: 301, 23: 229, 24: 4, 29: 96, 30: 581, 34: 518, 15: 522, 5: 502}
num_nodes_transformed_graph: 348
agent_paths:({0: [(15, 26), (16, 26), (17, 26), (18, 26), (19, 26), (18, 26), (17, 26), (16, 26), (15, 26), (15, 25), (14, 25), (13, 25), (12, 25), (11, 25), (10, 25), (9, 25), (8, 25), (7, 25), (7, 24), (7, 23), (6, 23), (5, 23), (5, 22), (5, 22)], 1: [(20, 4), (21, 4), (21, 5), (21, 6), (22, 6), (22, 7), (22, 8), (22, 9), (22, 10), (22, 11), (22, 12), (22, 13), (22, 14), (22, 15), (22, 16), (22, 17), (22, 18), (22, 19), (22, 20), (22, 21), (23, 21), (24, 21), (25, 21), (26, 21), (26, 22), (26, 22)], 2: [(3, 15), (2, 15), (2, 16), (2, 17), (2, 18), (2, 19), (2, 20), (3, 20), (3, 21), (3, 22), (3, 23), (3, 24), (3, 25), (3, 25)], 3: [(12, 11), (12, 10), (13, 10), (13, 9), (13, 8), (13, 7), (13, 6), (13, 5), (14, 5), (15, 5), (16, 5), (17, 5), (18, 5), (19, 5), (19, 4), (19, 3), (20, 3), (21, 3), (22, 3), (23, 3), (24, 3), (25, 3), (26, 3), (27, 3), (27, 2), (28, 2), (29, 2), (30, 2), (31, 2), (30, 2), (30, 3), (30, 4), (30, 5), (31, 5), (31, 5)], 4: [(25, 31), (24, 31), (24, 30), (23, 30), (22, 30), (21, 30), (20, 30), (19, 30), (18, 30), (17, 30), (16, 30), (16, 31), (15, 31), (14, 31), (13, 31), (12, 31), (11, 31), (10, 31), (9, 31), (8, 31), (7, 31), (7, 30), (7, 29), (6, 29), (5, 29), (4, 29), (3, 29), (2, 29), (1, 29), (1, 30), (1, 29), (1, 28), (1, 27), (2, 27), (2, 26), (2, 25), (2, 24), (2, 23), (2, 22), (2, 21), (2, 20), (2, 19), (2, 18), (2, 17), (2, 16), (2, 15), (2, 14), (2, 13), (2, 12), (2, 11), (2, 10), (3, 10), (4, 10), (5, 10), (6, 10), (7, 10), (8, 10), (9, 10), (10, 10), (10, 11), (10, 12), (10, 13), (10, 14), (11, 14), (11, 14)], 5: [(31, 23), (30, 23), (29, 23), (29, 24), (29, 25), (28, 25), (27, 25), (26, 25), (25, 25), (24, 25), (23, 25), (23, 24), (22, 24), (22, 23), (21, 23), (21, 22), (21, 21), (20, 21), (19, 21), (18, 21), (18, 20), (18, 19), (18, 18), (18, 18)], 6: [(28, 9), (27, 9), (27, 10), (26, 10), (25, 10), (24, 10), (23, 10), (22, 10), (21, 10), (20, 10), (19, 10), (18, 10), (18, 11), (17, 11), (16, 11), (15, 11), (14, 11), (14, 10), (13, 10), (13, 9), (13, 8), (13, 7), (12, 7), (11, 7), (10, 7), (9, 7), (9, 6), (8, 6), (7, 6), (7, 7), (6, 7), (5, 7), (5, 6), (5, 5), (4, 5), (4, 4), (4, 3), (4, 2), (4, 1), (4, 0), (3, 0), (2, 0), (1, 0), (0, 0), (0, 1), (0, 2), (0, 3), (0, 2), (0, 2)], 7: [(0, 23), (1, 23), (1, 22), (1, 21), (1, 20), (1, 19), (2, 19), (2, 18), (3, 18), (4, 18), (5, 18), (5, 17), (5, 16), (6, 16), (7, 16), (8, 16), (9, 16), (10, 16), (11, 16), (12, 16), (13, 16), (14, 16), (15, 16), (16, 16), (16, 15), (17, 15), (18, 15), (19, 15), (19, 14), (20, 14), (21, 14), (22, 14), (22, 15), (22, 14), (22, 13), (22, 12), (22, 11), (22, 10), (22, 9), (22, 8), (22, 7), (22, 6), (21, 6), (21, 5), (21, 4), (21, 3), (21, 2), (22, 2), (22, 1), (22, 0), (22, 0)], 8: [(15, 28), (15, 27), (14, 27), (13, 27), (12, 27), (11, 27), (10, 27), (9, 27), (9, 26), (8, 26), (7, 26), (6, 26), (5, 26), (4, 26), (3, 26), (2, 26), (2, 25), (2, 24), (2, 23), (2, 22), (2, 21), (2, 20), (2, 19), (2, 18), (2, 17), (2, 16), (2, 15), (2, 14), (2, 13), (2, 12), (2, 11), (2, 10), (2, 9), (3, 9), (3, 8), (4, 8), (4, 8)], 9: [(15, 19), (15, 20), (14, 20), (13, 20), (12, 20), (11, 20), (10, 20), (9, 20), (8, 20), (7, 20), (6, 20), (5, 20), (5, 21), (5, 22), (4, 22), (3, 22), (3, 21), (3, 21)]}, 63)