

CBSS-C STATS
starts:[10, 164, 413, 403, 769, 1008, 598, 186, 852, 84]
targets:[568, 560, 140, 916, 879, 202, 720, 571, 264, 298, 652, 422, 20, 772, 664, 126, 0, 158, 626, 531, 911, 233, 94, 92, 392, 985, 927, 135, 302, 864, 963, 80, 211, 895, 481, 699, 881, 874, 16, 272]
dests:[557, 933, 625, 511, 768, 894, 429, 310, 254, 214]
ac_dict:{568: {0, 1}, 560: {1, 2}, 140: {2, 3}, 916: {3, 4}, 879: {4, 5}, 202: {5, 6}, 720: {6, 7}, 571: {8, 7}, 264: {8, 9}, 557: {0}, 933: {1}, 625: {2}, 511: {3}, 768: {4}, 894: {5}, 429: {6}, 310: {7}, 254: {8}, 214: {9}}
clusters:[ 6  0 29 33 27  4  8 23 17 10  7  5  2 15 22 28 12  1 26 13  0 14 34 31
 24  3 19 32  2 20  9  4 21 25 16 11  3 30 18  1]

round: 1
best_g_value: 331.0
open_list_size: 0
num_low_level_expanded: 723
search_success: 1
search_time: 16.640988851999282
n_tsp_call: 1
n_tsp_time: 16.53471146800075
n_roots: 1
num_conflicts: 0
target_assignment: {16: 0, 80: 0, 211: 0, 568: 0, 135: 9, 264: 9, 233: 9, 0: 1, 481: 1, 772: 1, 963: 1, 699: 8, 571: 8, 92: 8, 94: 8, 126: 8, 158: 8, 302: 3, 140: 3, 298: 3, 392: 3, 422: 3, 874: 3, 881: 3, 916: 3, 664: 3, 720: 6, 652: 6, 911: 5, 879: 5, 895: 5, 927: 5, 864: 4, 531: 2, 626: 2}
cluster_target_selection: {18: 16, 4: 80, 21: 211, 6: 568, 32: 135, 17: 264, 14: 233, 12: 0, 16: 481, 15: 772, 9: 963, 11: 699, 23: 571, 31: 92, 34: 94, 28: 126, 1: 158, 2: 302, 29: 140, 10: 298, 24: 392, 5: 422, 30: 874, 3: 881, 33: 916, 22: 664, 8: 720, 7: 652, 0: 911, 27: 879, 25: 895, 19: 927, 20: 864, 13: 531, 26: 626}
num_nodes_transformed_graph: 180
agent_paths:({0: [(10, 0), (11, 0), (12, 0), (13, 0), (14, 0), (15, 0), (16, 0), (16, 1), (16, 2), (17, 2), (17, 3), (18, 3), (19, 3), (19, 4), (19, 5), (19, 6), (20, 6), (21, 6), (22, 6), (22, 7), (22, 8), (23, 8), (24, 8), (24, 9), (24, 10), (24, 11), (24, 12), (24, 13), (24, 14), (24, 15), (24, 16), (24, 17), (23, 17), (22, 17), (21, 17), (20, 17), (19, 17), (18, 17), (17, 17), (16, 17), (15, 17), (14, 17), (13, 17), (13, 17)], 1: [(4, 5), (3, 5), (2, 5), (1, 5), (1, 4), (1, 3), (0, 3), (0, 2), (0, 1), (0, 0), (1, 0), (1, 1), (1, 2), (1, 3), (1, 4), (1, 5), (1, 6), (1, 7), (1, 8), (1, 9), (1, 10), (1, 11), (1, 12), (1, 13), (1, 14), (1, 15), (2, 15), (2, 16), (2, 17), (2, 18), (2, 19), (2, 20), (3, 20), (3, 21), (3, 22), (4, 22), (4, 23), (4, 24), (4, 25), (4, 26), (4, 27), (4, 28), (4, 29), (3, 29), (3, 30), (3, 29), (4, 29), (5, 29), (5, 29)], 2: [(29, 12), (28, 12), (28, 13), (27, 13), (26, 13), (25, 13), (24, 13), (23, 13), (22, 13), (21, 13), (20, 13), (19, 13), (19, 14), (19, 15), (19, 16), (19, 17), (18, 17), (18, 18), (18, 19), (17, 19), (17, 19)], 3: [(19, 12), (18, 12), (17, 12), (16, 12), (15, 12), (14, 12), (14, 11), (14, 10), (14, 9), (13, 9), (13, 8), (13, 7), (12, 7), (12, 6), (12, 5), (12, 4), (11, 4), (10, 4), (10, 5), (10, 6), (10, 7), (10, 8), (10, 9), (9, 9), (9, 10), (9, 11), (9, 12), (8, 12), (8, 13), (7, 13), (6, 13), (6, 14), (6, 15), (7, 15), (7, 16), (8, 16), (9, 16), (10, 16), (10, 17), (10, 18), (10, 19), (10, 20), (10, 21), (10, 22), (10, 23), (10, 24), (10, 25), (10, 26), (10, 27), (11, 27), (12, 27), (13, 27), (14, 27), (15, 27), (16, 27), (17, 27), (18, 27), (19, 27), (20, 27), (20, 28), (20, 27), (20, 26), (20, 25), (21, 25), (22, 25), (22, 24), (23, 24), (24, 24), (24, 23), (24, 22), (24, 21), (24, 20), (24, 19), (24, 18), (24, 17), (24, 16), (24, 15), (25, 15), (26, 15), (27, 15), (28, 15), (29, 15), (30, 15), (31, 15), (31, 15)], 4: [(1, 24), (0, 24), (0, 25), (0, 26), (0, 27), (0, 26), (0, 25), (0, 24), (0, 24)], 5: [(16, 31), (16, 30), (16, 29), (15, 29), (15, 28), (15, 27), (16, 27), (17, 27), (18, 27), (19, 27), (20, 27), (21, 27), (22, 27), (23, 27), (24, 27), (25, 27), (26, 27), (27, 27), (28, 27), (29, 27), (30, 27), (31, 27), (31, 28), (30, 28), (30, 27), (30, 27)], 6: [(22, 18), (21, 18), (20, 18), (19, 18), (18, 18), (18, 19), (17, 19), (16, 19), (16, 20), (16, 21), (16, 22), (15, 22), (15, 21), (14, 21), (13, 21), (12, 21), (12, 20), (12, 19), (12, 18), (12, 17), (12, 16), (12, 15), (12, 14), (12, 13), (13, 13), (13, 13)], 7: [(26, 5), (25, 5), (24, 5), (23, 5), (23, 6), (22, 6), (22, 7), (22, 8), (22, 9), (22, 9)], 8: [(20, 26), (20, 25), (21, 25), (22, 25), (22, 24), (23, 24), (24, 24), (24, 23), (24, 22), (24, 21), (25, 21), (26, 21), (27, 21), (27, 20), (27, 19), (27, 18), (27, 17), (27, 16), (27, 15), (27, 14), (27, 13), (28, 13), (28, 12), (28, 11), (28, 10), (28, 9), (28, 8), (28, 7), (28, 6), (28, 5), (28, 4), (28, 3), (28, 2), (29, 2), (30, 2), (30, 3), (30, 4), (30, 5), (30, 6), (30, 7), (30, 7)], 9: [(20, 2), (20, 3), (19, 3), (18, 3), (17, 3), (16, 3), (16, 4), (16, 5), (15, 5), (14, 5), (13, 5), (12, 5), (11, 5), (10, 5), (10, 4), (9, 4), (8, 4), (7, 4), (7, 5), (7, 6), (7, 7), (7, 8), (8, 8), (9, 8), (9, 7), (9, 6), (10, 6), (11, 6), (12, 6), (13, 6), (14, 6), (15, 6), (16, 6), (17, 6), (18, 6), (19, 6), (20, 6), (21, 6), (22, 6), (22, 6)]}, 83)