

CBSS-C STATS
starts:[786, 315, 432, 298, 251, 770, 70, 366, 114, 333]
targets:[994, 208, 892, 219, 1005, 678, 832, 338, 150, 624, 775, 347, 371, 497, 113]
dests:[156, 587, 352, 151, 492, 499, 295, 721, 290, 453]
ac_dict:{994: {0, 1}, 208: {1, 2}, 892: {2, 3}, 219: {3, 4}, 1005: {4, 5}, 678: {5, 6}, 832: {6, 7}, 338: {8, 7}, 150: {8, 9}, 156: {0}, 587: {1}, 352: {2}, 151: {3}, 492: {4}, 499: {5}, 295: {6}, 721: {7}, 290: {8}, 453: {9}}
clusters:[1 6 2 5 6 6 7 6 9 0 8 1 4 5 3]

round: 3
best_g_value: 290.0
open_list_size: 2
num_low_level_expanded: 1643
search_success: 1
search_time: 0.6735470620915294
n_tsp_call: 1
n_tsp_time: 0.6046209670603275
n_roots: 1
num_conflicts: 2
target_assignment: {113: 8, 150: 8, 497: 3, 892: 3, 347: 4, 371: 4, 832: 7, 775: 7, 678: 5, 624: 5}
cluster_target_selection: {3: 113, 9: 150, 5: 497, 2: 892, 1: 347, 4: 371, 7: 832, 8: 775, 6: 678, 0: 624}
num_nodes_transformed_graph: 57
agent_paths:({0: [(18, 24), (18, 23), (18, 22), (18, 21), (18, 20), (18, 19), (18, 18), (18, 17), (19, 17), (19, 16), (19, 15), (19, 14), (19, 13), (19, 12), (19, 11), (19, 10), (19, 9), (20, 9), (20, 8), (20, 7), (20, 6), (21, 6), (22, 6), (23, 6), (23, 5), (24, 5), (25, 5), (25, 4), (26, 4), (27, 4), (28, 4), (28, 4)], 1: [(27, 9), (27, 10), (26, 10), (25, 10), (24, 10), (23, 10), (22, 10), (21, 10), (20, 10), (19, 10), (18, 10), (18, 11), (17, 11), (16, 11), (15, 11), (14, 11), (14, 12), (14, 13), (13, 13), (12, 13), (12, 14), (11, 14), (11, 15), (11, 16), (11, 17), (11, 18), (11, 18)], 2: [(16, 13), (15, 13), (15, 12), (14, 12), (14, 11), (14, 10), (13, 10), (12, 10), (11, 10), (10, 10), (9, 10), (8, 10), (7, 10), (6, 10), (5, 10), (4, 10), (3, 10), (2, 10), (1, 10), (0, 10), (0, 11), (0, 11)], 3: [(10, 9), (10, 10), (10, 11), (11, 11), (12, 11), (12, 12), (12, 13), (13, 13), (14, 13), (15, 13), (16, 13), (17, 13), (17, 14), (17, 15), (18, 15), (19, 15), (19, 16), (20, 16), (21, 16), (22, 16), (23, 16), (24, 16), (25, 16), (26, 16), (27, 16), (27, 17), (27, 18), (27, 19), (27, 20), (27, 21), (27, 22), (27, 23), (27, 24), (27, 25), (27, 26), (27, 27), (28, 27), (27, 27), (26, 27), (26, 26), (26, 25), (26, 24), (26, 23), (26, 22), (26, 21), (25, 21), (25, 20), (25, 19), (25, 18), (25, 17), (25, 16), (25, 15), (25, 14), (25, 13), (25, 12), (25, 11), (25, 10), (25, 9), (25, 8), (25, 7), (25, 6), (24, 6), (23, 6), (23, 5), (23, 4), (23, 4)], 4: [(27, 7), (27, 8), (27, 9), (27, 10), (26, 10), (25, 10), (24, 10), (23, 10), (22, 10), (21, 10), (20, 10), (19, 10), (19, 11), (18, 11), (17, 11), (16, 11), (15, 11), (14, 11), (14, 12), (14, 13), (13, 13), (12, 13), (12, 14), (12, 15), (12, 15)], 5: [(2, 24), (2, 23), (2, 22), (3, 22), (4, 22), (5, 22), (5, 21), (6, 21), (6, 20), (6, 19), (7, 19), (8, 19), (9, 19), (10, 19), (11, 19), (12, 19), (13, 19), (14, 19), (15, 19), (16, 19), (16, 18), (16, 17), (16, 16), (16, 15), (17, 15), (18, 15), (19, 15), (19, 15)], 6: [(6, 2), (6, 3), (7, 3), (7, 4), (7, 5), (7, 6), (7, 7), (7, 8), (7, 9), (7, 9)], 7: [(14, 11), (14, 12), (14, 13), (13, 13), (12, 13), (12, 14), (11, 14), (10, 14), (9, 14), (9, 15), (9, 16), (8, 16), (7, 16), (6, 16), (5, 16), (4, 16), (3, 16), (2, 16), (2, 17), (2, 18), (2, 19), (1, 19), (1, 20), (1, 21), (1, 22), (1, 23), (0, 23), (0, 24), (0, 25), (0, 26), (0, 25), (1, 25), (2, 25), (3, 25), (4, 25), (5, 25), (6, 25), (7, 25), (7, 24), (7, 23), (8, 23), (9, 23), (10, 23), (11, 23), (12, 23), (13, 23), (14, 23), (15, 23), (15, 22), (16, 22), (17, 22), (17, 22)], 8: [(18, 3), (17, 3), (18, 3), (19, 3), (20, 3), (21, 3), (22, 3), (22, 4), (21, 4), (20, 4), (19, 4), (18, 4), (17, 4), (16, 4), (16, 5), (15, 5), (14, 5), (13, 5), (12, 5), (11, 5), (10, 5), (10, 6), (9, 6), (8, 6), (7, 6), (7, 7), (6, 7), (5, 7), (4, 7), (3, 7), (3, 8), (3, 9), (2, 9), (2, 9)], 9: [(13, 10), (12, 10), (11, 10), (10, 10), (9, 10), (8, 10), (7, 10), (6, 10), (6, 11), (6, 12), (6, 13), (5, 13), (5, 14), (5, 14)]}, 64)