

CBSS-C STATS
starts:[563, 27, 107, 656, 928]
targets:[308, 721, 191, 101, 431, 894, 85, 685, 124, 403, 736, 333, 996, 934, 550, 318, 235, 978, 957, 482, 54, 840, 678, 523, 537, 802, 0, 336, 492, 364, 952, 719, 297, 288, 926, 782, 777, 123, 893, 922, 142, 723, 466, 179, 1017, 888, 645, 130, 76, 413]
dests:[903, 990, 149, 564, 849]
ac_dict:{308: {0, 1}, 721: {1, 2}, 191: {2, 3}, 101: {3, 4}, 903: {0}, 990: {1}, 149: {2}, 564: {3}, 849: {4}}
clusters:[ 0 10  9 29 22 21 11 33  4 23 35 38 20  1 14  6  5  8 19 13 34  8 31 15
 12  2 39  6 17  7 32  5  1  2 28 27 16  9  7  3  0  3 25 26 18 37 36  4
 24 30]

round: 1
best_g_value: 258.0
open_list_size: 0
num_low_level_expanded: 586
search_success: 1
search_time: 6.0638600070014945
n_tsp_call: 1
n_tsp_time: 6.001371846999973
n_roots: 1
num_conflicts: 0
target_assignment: {466: 0, 431: 0, 492: 0, 523: 0, 482: 0, 645: 0, 678: 0, 840: 0, 934: 0, 996: 0, 123: 1, 124: 1, 413: 1, 537: 1, 721: 1, 723: 1, 888: 1, 952: 1, 1017: 1, 957: 1, 893: 1, 894: 1, 926: 1, 736: 4, 802: 4, 777: 4, 782: 4, 0: 2, 76: 2, 142: 2, 179: 2, 85: 2, 54: 2, 685: 3, 550: 3, 101: 3, 235: 3, 333: 3, 336: 3, 403: 3}
cluster_target_selection: {25: 466, 22: 431, 17: 492, 15: 523, 13: 482, 36: 645, 31: 678, 8: 840, 1: 934, 20: 996, 9: 123, 4: 124, 30: 413, 12: 537, 10: 721, 3: 723, 37: 888, 32: 952, 18: 1017, 19: 957, 7: 893, 21: 894, 28: 926, 35: 736, 2: 802, 16: 777, 27: 782, 39: 0, 24: 76, 0: 142, 26: 179, 11: 85, 34: 54, 33: 685, 14: 550, 29: 101, 5: 235, 38: 333, 6: 336, 23: 403}
num_nodes_transformed_graph: 120
agent_paths:({0: [(19, 17), (19, 16), (19, 15), (18, 15), (18, 14), (17, 14), (16, 14), (15, 14), (15, 13), (14, 13), (13, 13), (12, 13), (12, 14), (12, 15), (11, 15), (11, 16), (10, 16), (9, 16), (8, 16), (7, 16), (6, 16), (5, 16), (4, 16), (3, 16), (2, 16), (2, 15), (3, 15), (4, 15), (5, 15), (5, 16), (5, 17), (5, 18), (5, 19), (5, 20), (6, 20), (6, 21), (7, 21), (8, 21), (8, 22), (8, 23), (8, 24), (8, 25), (8, 26), (7, 26), (6, 26), (6, 27), (6, 28), (6, 29), (5, 29), (5, 30), (5, 31), (4, 31), (5, 31), (5, 30), (5, 29), (5, 28), (6, 28), (7, 28), (7, 28)], 1: [(27, 0), (27, 1), (27, 2), (27, 3), (28, 3), (28, 4), (29, 4), (29, 5), (29, 6), (29, 7), (29, 8), (29, 9), (29, 10), (29, 11), (29, 12), (28, 12), (28, 13), (27, 13), (26, 13), (25, 13), (25, 14), (25, 15), (25, 16), (24, 16), (23, 16), (22, 16), (21, 16), (20, 16), (19, 16), (19, 17), (18, 17), (18, 18), (18, 19), (17, 19), (17, 20), (17, 21), (17, 22), (18, 22), (19, 22), (20, 22), (21, 22), (21, 23), (22, 23), (22, 24), (23, 24), (24, 24), (24, 25), (24, 26), (24, 27), (24, 28), (24, 29), (25, 29), (25, 30), (25, 31), (25, 30), (25, 29), (26, 29), (27, 29), (28, 29), (29, 29), (29, 28), (29, 27), (30, 27), (30, 28), (30, 29), (30, 30), (30, 30)], 2: [(11, 3), (10, 3), (9, 3), (8, 3), (7, 3), (6, 3), (5, 3), (4, 3), (3, 3), (2, 3), (1, 3), (0, 3), (0, 2), (0, 1), (0, 0), (1, 0), (2, 0), (3, 0), (4, 0), (5, 0), (6, 0), (6, 1), (7, 1), (8, 1), (9, 1), (10, 1), (11, 1), (12, 1), (12, 2), (13, 2), (14, 2), (14, 3), (14, 4), (14, 5), (15, 5), (16, 5), (17, 5), (18, 5), (19, 5), (19, 4), (19, 3), (20, 3), (20, 2), (21, 2), (22, 2), (22, 1), (22, 2), (21, 2), (21, 3), (21, 4), (21, 4)], 3: [(16, 20), (15, 20), (14, 20), (13, 20), (13, 21), (12, 21), (11, 21), (10, 21), (9, 21), (8, 21), (7, 21), (7, 20), (7, 19), (7, 18), (7, 17), (6, 17), (6, 16), (6, 15), (6, 14), (6, 13), (6, 12), (6, 11), (5, 11), (5, 10), (5, 9), (5, 8), (5, 7), (5, 6), (5, 5), (5, 4), (5, 3), (6, 3), (7, 3), (8, 3), (9, 3), (10, 3), (11, 3), (11, 4), (11, 5), (11, 6), (11, 7), (12, 7), (13, 7), (13, 8), (13, 9), (13, 10), (14, 10), (15, 10), (16, 10), (16, 11), (17, 11), (18, 11), (19, 11), (19, 12), (19, 13), (19, 14), (19, 15), (19, 16), (20, 16), (20, 17), (20, 17)], 4: [(0, 29), (0, 28), (0, 27), (0, 26), (0, 25), (0, 24), (0, 23), (1, 23), (2, 23), (2, 24), (2, 25), (3, 25), (4, 25), (5, 25), (6, 25), (7, 25), (7, 24), (8, 24), (9, 24), (10, 24), (11, 24), (12, 24), (13, 24), (14, 24), (15, 24), (16, 24), (17, 24), (17, 25), (17, 26), (17, 26)]}, 65)