

CBSS-C STATS
starts:[1021, 107, 96, 861, 945, 993, 897, 941, 840, 153]
targets:[444, 656, 763, 225, 339, 639, 959, 908, 59, 136, 291, 570, 955, 27, 288, 438, 568, 931, 910, 117, 290, 753, 970, 334, 741, 315, 43, 912, 163, 54, 8, 814, 129, 454, 635, 951, 184, 403, 956, 308]
dests:[467, 683, 183, 95, 85, 533, 491, 715, 984, 33]
ac_dict:{444: {0, 1}, 656: {1, 2}, 763: {2, 3}, 225: {3, 4}, 339: {4, 5}, 639: {5, 6}, 959: {6, 7}, 908: {8, 7}, 59: {8, 9}, 467: {0}, 683: {1}, 183: {2}, 95: {3}, 85: {4}, 533: {5}, 491: {6}, 715: {7}, 984: {8}, 33: {9}}
clusters:[ 8 20 13 27  5  4 16  0  3 15  1 33 14  3 26 34  2 29 10  7 17 21  2 18
 22  6 31 11  1  9 25 12 28 32  0  4 24 19 30 23]

round: 2
best_g_value: 361.0
open_list_size: 1
num_low_level_expanded: 1757
search_success: 1
search_time: 45.089191625997046
n_tsp_call: 1
n_tsp_time: 44.88761783600057
n_roots: 1
num_conflicts: 1
target_assignment: {444: 0, 438: 0, 129: 2, 136: 2, 763: 3, 635: 3, 570: 3, 315: 3, 27: 3, 951: 8, 334: 1, 656: 1, 912: 4, 910: 4, 454: 4, 225: 4, 288: 4, 290: 4, 291: 4, 403: 4, 339: 4, 308: 4, 117: 4, 184: 9, 54: 9, 43: 9, 8: 9, 931: 6, 970: 6, 955: 6, 956: 6, 959: 6, 814: 6, 741: 5, 753: 5}
cluster_target_selection: {8: 444, 34: 438, 28: 129, 15: 136, 13: 763, 0: 635, 33: 570, 6: 315, 3: 27, 4: 951, 18: 334, 20: 656, 11: 912, 10: 910, 32: 454, 27: 225, 26: 288, 17: 290, 1: 291, 19: 403, 5: 339, 23: 308, 7: 117, 24: 184, 9: 54, 31: 43, 25: 8, 29: 931, 2: 970, 14: 955, 30: 956, 16: 959, 12: 814, 22: 741, 21: 753}
num_nodes_transformed_graph: 348
agent_paths:({0: [(29, 31), (29, 30), (29, 29), (29, 28), (29, 27), (29, 26), (29, 25), (29, 24), (29, 23), (29, 22), (29, 21), (29, 20), (29, 19), (29, 18), (29, 17), (29, 16), (28, 16), (28, 15), (28, 14), (28, 13), (27, 13), (26, 13), (25, 13), (24, 13), (23, 13), (22, 13), (21, 13), (20, 13), (19, 13), (19, 14), (19, 14)], 1: [(11, 3), (12, 3), (13, 3), (13, 4), (13, 5), (13, 6), (13, 7), (13, 8), (13, 9), (14, 9), (14, 10), (15, 10), (16, 10), (16, 11), (16, 12), (16, 13), (16, 14), (16, 15), (16, 16), (16, 17), (16, 18), (16, 19), (16, 20), (15, 20), (14, 20), (13, 20), (12, 20), (11, 20), (11, 21), (11, 21)], 2: [(0, 3), (1, 3), (1, 4), (2, 4), (3, 4), (4, 4), (5, 4), (6, 4), (7, 4), (8, 4), (9, 4), (10, 4), (11, 4), (12, 4), (13, 4), (14, 4), (14, 5), (15, 5), (16, 5), (17, 5), (18, 5), (19, 5), (19, 4), (20, 4), (21, 4), (22, 4), (23, 4), (23, 5), (23, 5)], 3: [(29, 26), (29, 25), (28, 25), (27, 25), (27, 24), (27, 23), (27, 22), (27, 21), (27, 20), (27, 19), (27, 18), (26, 18), (26, 17), (26, 16), (26, 15), (26, 14), (26, 13), (26, 12), (26, 11), (26, 10), (27, 10), (27, 9), (27, 8), (27, 7), (27, 6), (27, 5), (27, 4), (27, 3), (27, 2), (27, 1), (27, 0), (28, 0), (29, 0), (30, 0), (30, 1), (30, 2), (31, 2), (31, 2)], 4: [(17, 29), (16, 29), (16, 28), (15, 28), (14, 28), (13, 28), (12, 28), (11, 28), (10, 28), (9, 28), (8, 28), (8, 27), (8, 26), (7, 26), (7, 25), (7, 24), (7, 23), (7, 22), (7, 21), (7, 20), (7, 19), (7, 18), (7, 17), (6, 17), (6, 16), (6, 15), (6, 14), (5, 14), (5, 13), (4, 13), (3, 13), (2, 13), (1, 13), (1, 12), (1, 11), (1, 10), (1, 9), (1, 8), (1, 7), (0, 7), (0, 8), (0, 9), (1, 9), (2, 9), (3, 9), (4, 9), (5, 9), (6, 9), (7, 9), (7, 10), (8, 10), (9, 10), (10, 10), (11, 10), (12, 10), (13, 10), (14, 10), (15, 10), (16, 10), (16, 11), (17, 11), (18, 11), (19, 11), (19, 12), (19, 11), (19, 10), (19, 9), (20, 9), (20, 8), (20, 7), (20, 6), (21, 6), (21, 5), (21, 4), (21, 3), (21, 2), (21, 2)], 5: [(1, 31), (1, 30), (1, 29), (1, 28), (1, 27), (2, 27), (2, 26), (2, 25), (2, 24), (2, 23), (3, 23), (4, 23), (5, 23), (6, 23), (7, 23), (8, 23), (9, 23), (10, 23), (11, 23), (12, 23), (13, 23), (14, 23), (15, 23), (16, 23), (17, 23), (17, 22), (17, 21), (17, 20), (17, 19), (18, 19), (18, 18), (18, 17), (19, 17), (19, 16), (20, 16), (21, 16), (21, 16)], 6: [(1, 28), (2, 28), (2, 29), (3, 29), (4, 29), (5, 29), (6, 29), (7, 29), (8, 29), (8, 30), (9, 30), (10, 30), (10, 29), (11, 29), (12, 29), (13, 29), (14, 29), (15, 29), (16, 29), (17, 29), (18, 29), (19, 29), (20, 29), (21, 29), (21, 30), (22, 30), (23, 30), (23, 29), (24, 29), (25, 29), (26, 29), (27, 29), (28, 29), (29, 29), (30, 29), (31, 29), (30, 29), (29, 29), (28, 29), (27, 29), (26, 29), (25, 29), (24, 29), (23, 29), (23, 28), (23, 27), (22, 27), (21, 27), (20, 27), (19, 27), (18, 27), (17, 27), (16, 27), (15, 27), (15, 26), (15, 25), (14, 25), (13, 25), (12, 25), (12, 24), (12, 23), (12, 22), (12, 21), (12, 20), (11, 20), (11, 19), (11, 18), (11, 17), (11, 16), (11, 15), (11, 15)], 7: [(13, 29), (12, 29), (11, 29), (11, 28), (11, 27), (11, 26), (11, 25), (11, 24), (11, 23), (11, 22), (11, 22)], 8: [(8, 26), (9, 26), (10, 26), (11, 26), (12, 26), (13, 26), (13, 27), (14, 27), (15, 27), (16, 27), (17, 27), (18, 27), (19, 27), (20, 27), (21, 27), (22, 27), (23, 27), (23, 28), (23, 29), (24, 29), (24, 30), (24, 30)], 9: [(25, 4), (25, 5), (24, 5), (23, 5), (23, 4), (22, 4), (22, 3), (22, 2), (22, 1), (22, 0), (21, 0), (20, 0), (19, 0), (19, 1), (18, 1), (17, 1), (16, 1), (15, 1), (14, 1), (13, 1), (12, 1), (11, 1), (10, 1), (9, 1), (8, 1), (8, 0), (8, 1), (7, 1), (6, 1), (5, 1), (4, 1), (3, 1), (2, 1), (1, 1), (1, 1)]}, 75)