

CBSS-C STATS
starts:[509, 930, 575, 561, 347]
targets:[969, 893, 963, 191, 814, 276, 482, 479, 765, 104, 471, 879, 193, 889, 324, 295, 683, 598, 5, 769, 581, 447, 799, 626, 404, 843, 559, 993, 532, 131, 584, 898, 181, 494, 503, 244, 752, 803, 672, 719, 778, 219, 110, 953, 811, 266, 332, 991, 954, 573]
dests:[974, 123, 473, 441, 354]
ac_dict:{969: {0, 1}, 893: {1, 2}, 963: {2, 3}, 191: {3, 4}, 974: {0}, 123: {1}, 473: {2}, 441: {3}, 354: {4}}
clusters:[ 2  3 31 13  8 26 24 38 36 16 19  5  9  3 11  4 29 30 10 32 34 33  0 23
  7 39  1 15  5 25 28 14  6  2 27 18  0 17  6 12  8  1 22 35  4  9 37 21
 20  7]

round: 1
best_g_value: 298.0
open_list_size: 0
num_low_level_expanded: 714
search_success: 1
search_time: 9.16381384899978
n_tsp_call: 1
n_tsp_time: 9.091253340999174
n_roots: 1
num_conflicts: 0
target_assignment: {573: 0, 765: 0, 889: 0, 879: 0, 559: 3, 494: 3, 584: 3, 769: 3, 803: 3, 898: 3, 993: 3, 963: 3, 843: 3, 811: 3, 814: 3, 752: 3, 626: 3, 598: 3, 503: 3, 471: 3, 991: 1, 954: 1, 953: 1, 719: 1, 683: 1, 581: 1, 482: 1, 193: 1, 131: 1, 5: 1, 104: 1, 110: 1, 276: 1, 244: 1, 181: 1, 479: 2, 447: 2, 191: 4, 332: 4, 324: 4}
cluster_target_selection: {7: 573, 36: 765, 3: 889, 5: 879, 1: 559, 2: 494, 28: 584, 32: 769, 17: 803, 14: 898, 15: 993, 31: 963, 39: 843, 4: 811, 8: 814, 0: 752, 23: 626, 30: 598, 27: 503, 19: 471, 21: 991, 20: 954, 35: 953, 12: 719, 29: 683, 34: 581, 24: 482, 9: 193, 25: 131, 10: 5, 16: 104, 22: 110, 26: 276, 18: 244, 6: 181, 38: 479, 33: 447, 13: 191, 37: 332, 11: 324}
num_nodes_transformed_graph: 123
agent_paths:({0: [(29, 15), (29, 16), (29, 17), (29, 18), (29, 19), (29, 20), (29, 21), (29, 22), (29, 23), (29, 24), (28, 24), (27, 24), (26, 24), (25, 24), (25, 25), (25, 26), (25, 27), (24, 27), (23, 27), (22, 27), (21, 27), (20, 27), (19, 27), (18, 27), (17, 27), (16, 27), (15, 27), (14, 27), (14, 28), (14, 29), (14, 30), (14, 30)], 1: [(2, 29), (3, 29), (4, 29), (5, 29), (6, 29), (7, 29), (8, 29), (8, 30), (9, 30), (10, 30), (11, 30), (12, 30), (13, 30), (14, 30), (14, 29), (15, 29), (16, 29), (17, 29), (18, 29), (19, 29), (20, 29), (21, 29), (21, 30), (22, 30), (23, 30), (24, 30), (25, 30), (26, 30), (27, 30), (28, 30), (29, 30), (30, 30), (31, 30), (30, 30), (29, 30), (28, 30), (27, 30), (26, 30), (26, 29), (25, 29), (24, 29), (23, 29), (23, 28), (23, 27), (22, 27), (21, 27), (20, 27), (19, 27), (18, 27), (17, 27), (16, 27), (15, 27), (15, 26), (15, 25), (15, 24), (15, 23), (15, 22), (15, 21), (14, 21), (13, 21), (12, 21), (11, 21), (10, 21), (9, 21), (8, 21), (7, 21), (6, 21), (5, 21), (5, 20), (5, 19), (5, 18), (4, 18), (3, 18), (2, 18), (2, 17), (2, 16), (2, 15), (1, 15), (1, 14), (1, 13), (1, 12), (1, 11), (1, 10), (1, 9), (1, 8), (1, 7), (1, 6), (1, 5), (1, 4), (2, 4), (3, 4), (3, 3), (3, 2), (3, 1), (3, 0), (4, 0), (5, 0), (6, 0), (6, 1), (6, 2), (6, 3), (7, 3), (8, 3), (9, 3), (10, 3), (11, 3), (12, 3), (13, 3), (14, 3), (14, 4), (14, 5), (15, 5), (16, 5), (17, 5), (18, 5), (19, 5), (19, 6), (20, 6), (20, 7), (20, 8), (20, 7), (20, 6), (21, 6), (21, 5), (21, 4), (21, 3), (22, 3), (23, 3), (24, 3), (25, 3), (26, 3), (27, 3), (27, 3)], 2: [(31, 17), (30, 17), (30, 16), (30, 15), (30, 14), (31, 14), (31, 13), (31, 14), (30, 14), (29, 14), (28, 14), (27, 14), (26, 14), (25, 14), (25, 14)], 3: [(17, 17), (16, 17), (15, 17), (14, 17), (14, 16), (14, 15), (13, 15), (12, 15), (11, 15), (10, 15), (9, 15), (9, 16), (8, 16), (8, 17), (8, 18), (7, 18), (7, 19), (6, 19), (5, 19), (5, 20), (5, 21), (5, 22), (4, 22), (3, 22), (2, 22), (1, 22), (1, 23), (1, 24), (2, 24), (3, 24), (3, 25), (2, 25), (2, 26), (2, 27), (2, 28), (1, 28), (1, 29), (1, 30), (1, 31), (1, 30), (2, 30), (3, 30), (3, 29), (4, 29), (4, 28), (4, 27), (4, 26), (5, 26), (6, 26), (7, 26), (8, 26), (9, 26), (10, 26), (11, 26), (11, 25), (12, 25), (13, 25), (14, 25), (14, 24), (14, 23), (15, 23), (16, 23), (16, 22), (16, 21), (16, 20), (16, 19), (17, 19), (18, 19), (18, 18), (19, 18), (20, 18), (21, 18), (22, 18), (22, 17), (22, 16), (22, 15), (23, 15), (23, 14), (23, 13), (24, 13), (25, 13), (25, 13)], 4: [(27, 10), (27, 9), (27, 8), (27, 7), (27, 6), (27, 5), (28, 5), (29, 5), (30, 5), (31, 5), (30, 5), (29, 5), (28, 5), (27, 5), (26, 5), (25, 5), (24, 5), (23, 5), (23, 6), (22, 6), (21, 6), (20, 6), (19, 6), (18, 6), (17, 6), (16, 6), (15, 6), (14, 6), (13, 6), (13, 7), (13, 8), (13, 9), (13, 10), (12, 10), (11, 10), (10, 10), (9, 10), (8, 10), (7, 10), (6, 10), (5, 10), (4, 10), (3, 10), (2, 10), (2, 11), (2, 11)]}, 131)