

CBSS-C STATS
starts:[476, 606, 348, 652, 28]
targets:[226, 43, 876, 730, 531, 255, 457, 50, 190, 758, 635, 614, 804, 272, 984, 677, 144, 323, 1, 924, 795, 101, 228, 552, 602, 617, 778, 783, 568, 994, 225, 601, 739, 170, 32, 661, 631, 728, 990, 919, 564, 370, 47, 925, 558, 721, 141, 106, 179, 64]
dests:[625, 877, 809, 68, 375]
ac_dict:{226: {0, 1}, 43: {1, 2}, 876: {2, 3}, 730: {3, 4}, 625: {0}, 877: {1}, 809: {2}, 68: {3}, 375: {4}}
clusters:[17 13  9  1 10  9 36 35  7 32 31 24  0  4 30  6 38 12 39  7  5  0 28  3
 29  1 20  2 27  4 23 33 15  6 37 25 18 16 19 14  2  8 34 11 26 22 21  3
  5  8]

round: 1
best_g_value: 262.0
open_list_size: 0
num_low_level_expanded: 594
search_success: 1
search_time: 5.267163315000289
n_tsp_call: 1
n_tsp_time: 5.201586286000747
n_roots: 1
num_conflicts: 0
target_assignment: {602: 0, 601: 0, 568: 0, 728: 0, 631: 0, 661: 0, 564: 0, 531: 0, 228: 0, 226: 0, 323: 0, 552: 0, 558: 0, 190: 4, 255: 4, 635: 1, 795: 1, 925: 1, 990: 1, 984: 1, 919: 1, 758: 1, 721: 1, 272: 2, 144: 2, 50: 2, 47: 2, 43: 2, 141: 2, 457: 2, 778: 2, 617: 3, 614: 3, 677: 3, 804: 3, 739: 3, 225: 3, 1: 3, 32: 3, 64: 3}
cluster_target_selection: {29: 602, 33: 601, 27: 568, 16: 728, 18: 631, 25: 661, 2: 564, 10: 531, 28: 228, 17: 226, 12: 323, 3: 552, 26: 558, 7: 190, 9: 255, 31: 635, 5: 795, 11: 925, 19: 990, 30: 984, 14: 919, 32: 758, 22: 721, 4: 272, 38: 144, 35: 50, 34: 47, 13: 43, 21: 141, 36: 457, 20: 778, 1: 617, 24: 614, 6: 677, 0: 804, 15: 739, 23: 225, 39: 1, 37: 32, 8: 64}
num_nodes_transformed_graph: 122
agent_paths:({0: [(28, 14), (27, 14), (26, 14), (26, 15), (26, 16), (26, 17), (26, 18), (25, 18), (24, 18), (24, 17), (24, 18), (24, 19), (24, 20), (24, 21), (24, 22), (23, 22), (23, 21), (23, 20), (23, 19), (22, 19), (21, 19), (21, 20), (20, 20), (20, 19), (20, 18), (20, 17), (19, 17), (19, 16), (19, 15), (18, 15), (17, 15), (16, 15), (16, 14), (15, 14), (14, 14), (13, 14), (12, 14), (11, 14), (10, 14), (10, 13), (10, 12), (9, 12), (9, 11), (9, 10), (8, 10), (7, 10), (6, 10), (5, 10), (4, 10), (4, 9), (4, 8), (4, 7), (3, 7), (2, 7), (3, 7), (3, 8), (3, 9), (3, 10), (4, 10), (5, 10), (6, 10), (6, 11), (6, 12), (6, 13), (6, 14), (6, 15), (7, 15), (7, 16), (8, 16), (8, 17), (9, 17), (10, 17), (11, 17), (12, 17), (13, 17), (14, 17), (15, 17), (16, 17), (16, 18), (16, 19), (17, 19), (17, 19)], 1: [(30, 18), (29, 18), (28, 18), (27, 18), (27, 19), (27, 20), (27, 21), (27, 22), (27, 23), (27, 24), (28, 24), (29, 24), (29, 25), (29, 26), (29, 27), (29, 28), (30, 28), (30, 29), (30, 30), (29, 30), (28, 30), (27, 30), (26, 30), (25, 30), (24, 30), (23, 30), (23, 29), (23, 28), (23, 27), (22, 27), (22, 26), (22, 25), (22, 24), (22, 23), (21, 23), (21, 22), (20, 22), (19, 22), (18, 22), (17, 22), (16, 22), (15, 22), (15, 23), (14, 23), (13, 23), (13, 24), (13, 25), (13, 26), (13, 27), (13, 27)], 2: [(28, 10), (27, 10), (26, 10), (25, 10), (24, 10), (23, 10), (22, 10), (21, 10), (20, 10), (19, 10), (18, 10), (18, 9), (17, 9), (16, 9), (16, 8), (16, 7), (16, 6), (16, 5), (16, 4), (16, 3), (16, 2), (16, 1), (17, 1), (18, 1), (17, 1), (16, 1), (15, 1), (14, 1), (13, 1), (12, 1), (11, 1), (12, 1), (13, 1), (13, 2), (13, 3), (13, 4), (12, 4), (11, 4), (10, 4), (10, 5), (10, 6), (10, 7), (10, 8), (10, 9), (10, 10), (10, 11), (10, 12), (10, 13), (10, 14), (9, 14), (10, 14), (10, 15), (10, 16), (10, 17), (10, 18), (10, 19), (10, 20), (10, 21), (10, 22), (10, 23), (10, 24), (9, 24), (9, 25), (9, 25)], 3: [(12, 20), (11, 20), (10, 20), (9, 20), (9, 19), (8, 19), (7, 19), (6, 19), (5, 19), (5, 20), (5, 21), (5, 22), (4, 22), (4, 23), (4, 24), (4, 25), (3, 25), (3, 24), (3, 23), (2, 23), (2, 22), (2, 21), (2, 20), (2, 19), (2, 18), (2, 17), (1, 17), (1, 16), (1, 15), (1, 14), (1, 13), (1, 12), (1, 11), (1, 10), (1, 9), (1, 8), (1, 7), (1, 6), (1, 5), (1, 4), (1, 3), (1, 2), (1, 1), (1, 0), (0, 0), (0, 1), (0, 2), (1, 2), (2, 2), (3, 2), (4, 2), (4, 2)], 4: [(28, 0), (29, 0), (30, 0), (30, 1), (30, 2), (30, 3), (30, 4), (30, 5), (31, 5), (31, 6), (31, 7), (30, 7), (29, 7), (28, 7), (27, 7), (26, 7), (25, 7), (25, 8), (24, 8), (23, 8), (23, 9), (23, 10), (23, 11), (23, 11)]}, 80)