

CBSS-C STATS
starts:[938, 601, 302, 989, 472, 913, 903, 481, 420, 896]
targets:[580, 583, 664, 1019, 66, 491, 682, 39, 115, 2, 671, 156, 596, 567, 928]
dests:[245, 660, 313, 448, 793, 573, 80, 23, 574, 450]
ac_dict:{580: {0, 1}, 583: {1, 2}, 664: {2, 3}, 1019: {3, 4}, 66: {4, 5}, 491: {5, 6}, 682: {6, 7}, 39: {8, 7}, 115: {8, 9}, 245: {0}, 660: {1}, 313: {2}, 448: {3}, 793: {4}, 573: {5}, 80: {6}, 23: {7}, 574: {8}, 450: {9}}
clusters:[8 0 5 9 3 1 6 4 2 6 2 0 6 7 9]

round: 2
best_g_value: 330.0
open_list_size: 1
num_low_level_expanded: 1720
search_success: 1
search_time: 1.8652642988599837
n_tsp_call: 1
n_tsp_time: 1.7972581507638097
n_roots: 1
num_conflicts: 1
target_assignment: {580: 0, 66: 5, 156: 5, 671: 3, 664: 3, 928: 9, 567: 8, 39: 7, 682: 6, 491: 6}
cluster_target_selection: {8: 580, 3: 66, 0: 156, 2: 671, 5: 664, 9: 928, 7: 567, 4: 39, 6: 682, 1: 491}
num_nodes_transformed_graph: 98
agent_paths:({0: [(10, 29), (10, 28), (9, 28), (8, 28), (8, 27), (8, 26), (7, 26), (7, 25), (7, 24), (7, 23), (6, 23), (5, 23), (5, 22), (5, 21), (5, 20), (5, 19), (4, 19), (4, 18), (4, 17), (4, 16), (4, 15), (5, 15), (5, 14), (5, 13), (6, 13), (6, 12), (6, 11), (6, 10), (6, 9), (7, 9), (7, 8), (8, 8), (9, 8), (9, 7), (10, 7), (11, 7), (12, 7), (13, 7), (14, 7), (15, 7), (16, 7), (17, 7), (18, 7), (19, 7), (20, 7), (21, 7), (21, 7)], 1: [(25, 18), (24, 18), (23, 18), (22, 18), (21, 18), (20, 18), (20, 19), (20, 20), (20, 20)], 2: [(14, 9), (15, 9), (16, 9), (17, 9), (18, 9), (19, 9), (20, 9), (21, 9), (22, 9), (23, 9), (24, 9), (25, 9), (25, 9)], 3: [(29, 30), (29, 29), (29, 28), (29, 27), (29, 26), (29, 25), (29, 24), (29, 23), (29, 22), (29, 21), (29, 20), (30, 20), (31, 20), (30, 20), (29, 20), (28, 20), (27, 20), (26, 20), (25, 20), (24, 20), (23, 20), (22, 20), (21, 20), (21, 19), (20, 19), (19, 19), (18, 19), (17, 19), (16, 19), (15, 19), (14, 19), (13, 19), (12, 19), (11, 19), (10, 19), (9, 19), (8, 19), (7, 19), (6, 19), (5, 19), (4, 19), (4, 18), (3, 18), (2, 18), (2, 17), (1, 17), (1, 16), (1, 15), (0, 15), (0, 14), (0, 14)], 4: [(24, 14), (24, 15), (24, 16), (24, 17), (24, 18), (24, 19), (24, 20), (24, 21), (24, 22), (24, 23), (24, 24), (25, 24), (25, 24)], 5: [(17, 28), (16, 28), (15, 28), (14, 28), (13, 28), (12, 28), (11, 28), (10, 28), (9, 28), (8, 28), (8, 27), (8, 26), (7, 26), (7, 25), (7, 24), (7, 23), (6, 23), (5, 23), (5, 22), (5, 21), (5, 20), (5, 19), (4, 19), (4, 18), (3, 18), (3, 17), (3, 16), (3, 15), (3, 14), (3, 13), (3, 12), (3, 11), (3, 10), (3, 9), (3, 8), (3, 7), (2, 7), (2, 6), (2, 5), (2, 4), (2, 3), (2, 2), (3, 2), (4, 2), (5, 2), (6, 2), (6, 1), (7, 1), (8, 1), (9, 1), (10, 1), (11, 1), (12, 1), (13, 1), (14, 1), (15, 1), (16, 1), (17, 1), (18, 1), (19, 1), (20, 1), (20, 2), (21, 2), (22, 2), (23, 2), (24, 2), (25, 2), (25, 3), (26, 3), (27, 3), (28, 3), (28, 4), (29, 4), (29, 5), (29, 6), (29, 7), (29, 8), (29, 9), (29, 10), (29, 11), (29, 12), (29, 13), (29, 14), (29, 15), (29, 16), (29, 17), (29, 17)], 6: [(7, 28), (8, 28), (8, 27), (8, 26), (8, 25), (8, 24), (8, 23), (8, 22), (8, 21), (9, 21), (10, 21), (10, 20), (10, 19), (10, 18), (10, 17), (10, 16), (10, 15), (11, 15), (11, 14), (12, 14), (12, 13), (12, 12), (12, 11), (12, 10), (13, 10), (13, 9), (13, 8), (13, 7), (13, 6), (13, 5), (14, 5), (15, 5), (16, 5), (16, 4), (16, 3), (16, 2), (16, 2)], 7: [(1, 15), (1, 14), (1, 13), (1, 12), (1, 11), (1, 10), (1, 9), (1, 8), (1, 7), (1, 6), (1, 5), (1, 4), (1, 3), (1, 2), (1, 1), (2, 1), (3, 1), (4, 1), (5, 1), (6, 1), (7, 1), (8, 1), (9, 1), (10, 1), (11, 1), (12, 1), (13, 1), (14, 1), (15, 1), (16, 1), (17, 1), (18, 1), (19, 1), (19, 0), (20, 0), (21, 0), (22, 0), (23, 0), (23, 0)], 8: [(4, 13), (5, 13), (6, 13), (6, 14), (6, 15), (7, 15), (7, 16), (8, 16), (9, 16), (10, 16), (11, 16), (12, 16), (13, 16), (14, 16), (15, 16), (16, 16), (17, 16), (17, 17), (18, 17), (19, 17), (20, 17), (21, 17), (22, 17), (23, 17), (24, 17), (25, 17), (26, 17), (27, 17), (27, 16), (28, 16), (29, 16), (30, 16), (30, 17), (30, 17)], 9: [(0, 28), (0, 29), (0, 28), (0, 27), (0, 26), (0, 25), (0, 24), (0, 23), (1, 23), (1, 22), (1, 21), (1, 20), (1, 19), (2, 19), (2, 18), (2, 17), (2, 16), (2, 15), (2, 14), (2, 14)]}, 85)