

CBSS-C STATS
starts:[15, 231, 541, 60, 468, 635, 755, 413, 753, 509]
targets:[188, 842, 713, 777, 799, 787, 542, 186, 6, 428, 364, 933, 485, 974, 479, 163, 578, 148, 555, 896, 646, 810, 674, 234, 81, 88, 49, 965, 202, 901, 278, 556, 290, 831, 245, 733, 678, 806, 400, 687]
dests:[985, 44, 826, 659, 350, 528, 653, 168, 226, 640]
ac_dict:{188: {0, 1}, 842: {1, 2}, 713: {2, 3}, 777: {3, 4}, 799: {4, 5}, 787: {5, 6}, 542: {6, 7}, 186: {8, 7}, 6: {8, 9}, 985: {0}, 44: {1}, 826: {2}, 659: {3}, 350: {4}, 528: {5}, 653: {6}, 168: {7}, 226: {8}, 640: {9}}
clusters:[34  8 26  7  2  2  0  1 32 12 18 16 30 17  1  3 29 33  4 22 20  3  4 25
 19 14 15  9 13 23 31 11 24 28 21  5  0 27 10  6]

round: 2
best_g_value: 355.0
open_list_size: 1
num_low_level_expanded: 1738
search_success: 1
search_time: 79.47577471300247
n_tsp_call: 1
n_tsp_time: 79.26576501100135
n_roots: 1
num_conflicts: 1
target_assignment: {49: 0, 81: 0, 148: 0, 188: 0, 787: 6, 687: 6, 479: 4, 733: 2, 831: 2, 245: 7, 234: 7, 202: 7, 974: 8, 965: 8, 933: 8, 901: 8, 896: 8, 674: 8, 290: 8, 163: 8, 6: 8, 578: 9, 485: 1, 646: 1, 678: 1, 806: 1, 842: 1, 556: 1, 428: 1, 364: 1, 88: 3, 278: 3, 400: 3, 777: 3, 713: 3}
cluster_target_selection: {15: 49, 19: 81, 33: 148, 34: 188, 2: 787, 6: 687, 1: 479, 5: 733, 28: 831, 21: 245, 25: 234, 13: 202, 17: 974, 9: 965, 16: 933, 23: 901, 22: 896, 4: 674, 24: 290, 3: 163, 32: 6, 29: 578, 30: 485, 20: 646, 0: 678, 27: 806, 8: 842, 11: 556, 12: 428, 18: 364, 14: 88, 31: 278, 10: 400, 7: 777, 26: 713}
num_nodes_transformed_graph: 348
agent_paths:({0: [(15, 0), (16, 0), (16, 1), (17, 1), (17, 2), (17, 3), (18, 3), (19, 3), (20, 3), (20, 4), (21, 4), (22, 4), (23, 4), (23, 5), (24, 5), (25, 5), (26, 5), (27, 5), (28, 5), (28, 6), (28, 7), (28, 8), (28, 9), (28, 10), (28, 11), (28, 12), (28, 13), (27, 13), (27, 14), (27, 15), (27, 16), (27, 17), (27, 18), (27, 19), (27, 20), (26, 20), (26, 21), (26, 22), (26, 23), (26, 24), (25, 24), (25, 25), (25, 26), (25, 27), (25, 28), (25, 29), (25, 30), (25, 30)], 1: [(7, 7), (7, 8), (7, 9), (6, 9), (6, 10), (6, 11), (6, 12), (6, 13), (5, 13), (5, 14), (5, 15), (5, 16), (5, 17), (5, 18), (5, 19), (6, 19), (6, 20), (6, 21), (6, 22), (6, 23), (7, 23), (7, 24), (7, 25), (6, 25), (7, 25), (8, 25), (9, 25), (10, 25), (10, 26), (10, 25), (10, 24), (10, 23), (10, 22), (10, 21), (10, 20), (10, 19), (10, 18), (10, 17), (11, 17), (12, 17), (12, 16), (12, 15), (12, 14), (12, 13), (12, 12), (12, 11), (12, 10), (11, 10), (11, 9), (11, 8), (11, 7), (11, 6), (11, 5), (11, 4), (11, 3), (11, 2), (11, 1), (12, 1), (12, 1)], 2: [(29, 16), (29, 17), (29, 18), (29, 19), (29, 20), (29, 21), (29, 22), (30, 22), (31, 22), (31, 23), (31, 24), (31, 25), (30, 25), (29, 25), (28, 25), (27, 25), (26, 25), (26, 25)], 3: [(28, 1), (27, 1), (27, 2), (27, 3), (26, 3), (25, 3), (24, 3), (24, 2), (23, 2), (23, 3), (23, 4), (23, 5), (23, 6), (22, 6), (22, 7), (22, 8), (21, 8), (20, 8), (20, 9), (19, 9), (18, 9), (17, 9), (16, 9), (16, 10), (16, 11), (16, 12), (15, 12), (14, 12), (14, 13), (13, 13), (12, 13), (12, 14), (11, 14), (10, 14), (9, 14), (9, 15), (9, 16), (9, 17), (9, 18), (9, 19), (9, 20), (9, 21), (9, 22), (9, 23), (9, 24), (9, 23), (9, 22), (9, 21), (10, 21), (11, 21), (12, 21), (13, 21), (14, 21), (14, 20), (15, 20), (16, 20), (17, 20), (18, 20), (19, 20), (19, 20)], 4: [(20, 14), (21, 14), (22, 14), (23, 14), (24, 14), (25, 14), (26, 14), (27, 14), (28, 14), (29, 14), (30, 14), (31, 14), (30, 14), (29, 14), (29, 13), (29, 12), (29, 11), (29, 10), (30, 10), (30, 10)], 5: [(27, 19), (27, 18), (26, 18), (25, 18), (24, 18), (23, 18), (22, 18), (21, 18), (20, 18), (19, 18), (18, 18), (18, 17), (17, 17), (16, 17), (16, 16), (16, 16)], 6: [(19, 23), (19, 24), (18, 24), (17, 24), (16, 24), (15, 24), (15, 23), (15, 22), (15, 21), (14, 21), (13, 21), (13, 20), (13, 20)], 7: [(29, 12), (28, 12), (28, 11), (27, 11), (26, 11), (25, 11), (24, 11), (23, 11), (22, 11), (21, 11), (21, 10), (21, 9), (21, 8), (21, 7), (20, 7), (19, 7), (18, 7), (17, 7), (16, 7), (15, 7), (14, 7), (13, 7), (12, 7), (11, 7), (10, 7), (10, 6), (9, 6), (8, 6), (8, 5), (8, 5)], 8: [(17, 23), (16, 23), (15, 23), (15, 24), (15, 25), (15, 26), (15, 27), (14, 27), (14, 28), (14, 29), (14, 30), (13, 30), (12, 30), (11, 30), (10, 30), (9, 30), (8, 30), (7, 30), (6, 30), (5, 30), (5, 29), (5, 28), (4, 28), (4, 27), (3, 27), (2, 27), (1, 27), (0, 27), (0, 28), (0, 27), (0, 26), (0, 25), (0, 24), (0, 23), (1, 23), (1, 22), (1, 21), (2, 21), (2, 20), (2, 19), (2, 18), (2, 17), (2, 16), (2, 15), (2, 14), (2, 13), (2, 12), (2, 11), (2, 10), (2, 9), (3, 9), (3, 8), (3, 7), (3, 6), (3, 5), (3, 4), (3, 3), (3, 2), (3, 1), (3, 0), (4, 0), (5, 0), (6, 0), (5, 0), (4, 0), (3, 0), (2, 0), (2, 1), (2, 2), (2, 3), (2, 4), (2, 5), (2, 6), (2, 7), (2, 7)], 9: [(29, 15), (28, 15), (27, 15), (26, 15), (25, 15), (24, 15), (23, 15), (22, 15), (21, 15), (21, 16), (20, 16), (19, 16), (19, 17), (18, 17), (17, 17), (16, 17), (15, 17), (14, 17), (13, 17), (12, 17), (11, 17), (10, 17), (9, 17), (8, 17), (7, 17), (6, 17), (5, 17), (4, 17), (3, 17), (2, 17), (2, 18), (2, 19), (1, 19), (0, 19), (0, 20), (0, 20)]}, 73)