

CBSS-C STATS
starts:[2430, 637, 1970, 654, 2002]
targets:[3499, 3813, 634, 2000, 3212, 2695, 1520, 887, 3611, 4918]
dests:[4955, 2231, 4923, 4921, 4764]
ac_dict:{3499: {0, 1}, 3813: {1, 2}, 634: {2, 3}, 2000: {3, 4}, 4955: {0}, 2231: {1}, 4923: {2}, 4921: {3}, 4764: {4}}
clusters:[2 1 2 2 1 2 4 3 0 2]

round: 1
best_g_value: 381.0
open_list_size: 0
num_low_level_expanded: 2421
search_success: 1
search_time: 0.13991315802559257
n_tsp_call: 1
n_tsp_time: 0.0638914373703301
n_roots: 1
num_conflicts: 0
target_assignment: {3212: 0, 887: 1, 1520: 1, 4918: 3, 3611: 4}
cluster_target_selection: {1: 3212, 3: 887, 4: 1520, 2: 4918, 0: 3611}
num_nodes_transformed_graph: 29
agent_paths:({0: [(25, 37), (26, 37), (27, 37), (27, 38), (27, 39), (27, 40), (27, 41), (27, 42), (27, 43), (27, 44), (27, 45), (27, 46), (27, 47), (27, 48), (27, 49), (27, 50), (26, 50), (26, 51), (25, 51), (24, 51), (24, 52), (24, 53), (23, 53), (22, 53), (22, 54), (21, 54), (20, 54), (19, 54), (18, 54), (17, 54), (17, 55), (17, 56), (17, 57), (17, 58), (17, 59), (17, 60), (17, 61), (17, 62), (16, 62), (15, 62), (15, 63), (15, 64), (15, 65), (15, 66), (15, 67), (15, 68), (15, 69), (15, 70), (15, 71), (15, 72), (15, 73), (15, 74), (15, 75), (15, 76), (15, 76)], 1: [(52, 9), (51, 9), (50, 9), (49, 9), (49, 10), (48, 10), (47, 10), (46, 10), (45, 10), (44, 10), (43, 10), (42, 10), (42, 11), (42, 12), (42, 13), (41, 13), (40, 13), (39, 13), (38, 13), (37, 13), (36, 13), (35, 13), (34, 13), (33, 13), (32, 13), (31, 13), (30, 13), (29, 13), (28, 13), (27, 13), (26, 13), (25, 13), (25, 14), (25, 15), (25, 16), (25, 17), (25, 18), (25, 19), (25, 20), (25, 21), (25, 22), (25, 23), (24, 23), (23, 23), (22, 23), (21, 23), (21, 24), (21, 25), (21, 26), (21, 27), (21, 28), (21, 29), (21, 30), (21, 31), (21, 32), (21, 33), (21, 34), (21, 34)], 2: [(20, 30), (21, 30), (22, 30), (23, 30), (24, 30), (25, 30), (26, 30), (27, 30), (27, 31), (27, 32), (27, 33), (27, 34), (27, 35), (27, 36), (27, 37), (27, 38), (27, 39), (27, 40), (27, 41), (27, 42), (27, 43), (27, 44), (27, 45), (27, 46), (27, 47), (27, 48), (27, 49), (27, 50), (27, 51), (27, 52), (27, 53), (27, 54), (27, 55), (27, 56), (27, 57), (27, 58), (27, 59), (27, 60), (27, 61), (27, 62), (27, 63), (27, 64), (27, 65), (27, 66), (28, 66), (29, 66), (29, 67), (30, 67), (31, 67), (32, 67), (33, 67), (34, 67), (35, 67), (36, 67), (37, 67), (38, 67), (39, 67), (40, 67), (41, 67), (42, 67), (43, 67), (44, 67), (45, 67), (46, 67), (47, 67), (48, 67), (48, 68), (48, 69), (48, 70), (48, 71), (48, 72), (48, 73), (48, 74), (48, 75), (48, 75)], 3: [(4, 10), (5, 10), (6, 10), (7, 10), (8, 10), (9, 10), (10, 10), (10, 11), (11, 11), (12, 11), (12, 12), (12, 13), (12, 14), (12, 15), (12, 16), (12, 17), (12, 18), (12, 19), (13, 19), (14, 19), (15, 19), (16, 19), (17, 19), (18, 19), (19, 19), (20, 19), (21, 19), (22, 19), (23, 19), (24, 19), (25, 19), (26, 19), (27, 19), (27, 20), (27, 21), (27, 22), (27, 23), (27, 24), (27, 25), (27, 26), (27, 27), (27, 28), (27, 29), (27, 30), (27, 31), (27, 32), (27, 33), (27, 34), (27, 35), (27, 36), (27, 37), (27, 38), (27, 39), (27, 40), (27, 41), (27, 42), (27, 43), (27, 44), (27, 45), (27, 46), (27, 47), (27, 48), (27, 49), (27, 50), (27, 51), (27, 52), (27, 53), (27, 54), (27, 55), (27, 56), (27, 57), (27, 58), (27, 59), (27, 60), (27, 61), (27, 62), (27, 63), (27, 64), (27, 65), (27, 66), (28, 66), (29, 66), (29, 67), (30, 67), (31, 67), (32, 67), (33, 67), (34, 67), (35, 67), (36, 67), (37, 67), (38, 67), (39, 67), (40, 67), (41, 67), (42, 67), (43, 67), (43, 68), (43, 69), (43, 70), (43, 71), (43, 72), (43, 73), (43, 74), (43, 75), (44, 75), (45, 75), (46, 75), (46, 75)], 4: [(52, 30), (51, 30), (50, 30), (49, 30), (48, 30), (47, 30), (46, 30), (45, 30), (44, 30), (43, 30), (42, 30), (41, 30), (40, 30), (39, 30), (38, 30), (37, 30), (36, 30), (35, 30), (34, 30), (34, 29), (33, 29), (32, 29), (31, 29), (30, 29), (29, 29), (29, 30), (29, 31), (29, 32), (29, 33), (29, 34), (29, 35), (29, 36), (29, 37), (29, 38), (29, 39), (29, 40), (29, 41), (29, 42), (29, 43), (29, 44), (29, 45), (29, 46), (29, 47), (29, 48), (29, 49), (29, 50), (30, 50), (30, 51), (31, 51), (32, 51), (33, 51), (33, 52), (33, 53), (34, 53), (35, 53), (36, 53), (36, 54), (36, 55), (35, 55), (34, 55), (33, 55), (32, 55), (31, 55), (30, 55), (29, 55), (28, 55), (27, 55), (26, 55), (25, 55), (24, 55), (23, 55), (22, 55), (21, 55), (20, 55), (19, 55), (19, 56), (19, 57), (19, 58), (19, 59), (19, 60), (19, 61), (19, 62), (19, 63), (19, 64), (19, 65), (19, 66), (19, 67), (19, 68), (19, 69), (19, 70), (19, 71), (19, 72), (19, 73), (19, 73)]}, 107)