

CBSS-C STATS
starts:[4660, 2624, 557, 2493, 3617, 2823, 3726, 2979, 2168, 3723]
targets:[2512, 4785, 4453, 989, 1725, 2782, 2972, 790, 4056, 1741]
dests:[2584, 4514, 3991, 1912, 2511, 1990, 3667, 2455, 4334, 480]
ac_dict:{2512: {0, 1}, 4785: {1, 2}, 4453: {2, 3}, 989: {3, 4}, 1725: {4, 5}, 2782: {5, 6}, 2972: {6, 7}, 790: {8, 7}, 4056: {8, 9}, 2584: {0}, 4514: {1}, 3991: {2}, 1912: {3}, 2511: {4}, 1990: {5}, 3667: {6}, 2455: {7}, 4334: {8}, 480: {9}}
clusters:[1 0 4 2 1 3 4 3 1 0]

round: 44
best_g_value: 528.0
open_list_size: 43
num_low_level_expanded: 26971
search_success: 1
search_time: 4.997979329898953
n_tsp_call: 13
n_tsp_time: 2.550772668328136
n_roots: 1
num_conflicts: 43
target_assignment: {2782: 5, 1741: 5, 989: 3, 4056: 8, 2972: 7}
cluster_target_selection: {3: 2782, 0: 1741, 2: 989, 1: 4056, 4: 2972}
num_nodes_transformed_graph: 48
agent_paths:({0: [(45, 71), (45, 70), (45, 69), (45, 68), (45, 67), (44, 67), (43, 67), (42, 67), (41, 67), (40, 67), (39, 67), (38, 67), (37, 67), (36, 67), (35, 67), (34, 67), (33, 67), (32, 67), (31, 67), (30, 67), (29, 67), (29, 66), (28, 66), (27, 66), (27, 65), (27, 64), (27, 63), (27, 62), (27, 61), (27, 60), (27, 59), (27, 58), (27, 57), (28, 57), (28, 56), (28, 55), (28, 54), (28, 53), (28, 52), (28, 51), (28, 50), (28, 49), (28, 48), (28, 47), (28, 46), (28, 45), (28, 44), (28, 43), (28, 42), (28, 41), (28, 40), (28, 39), (29, 39), (30, 39), (31, 39), (32, 39), (33, 39), (34, 39), (35, 39), (36, 39), (37, 39), (38, 39), (39, 39), (40, 39), (41, 39), (42, 39), (43, 39), (44, 39), (45, 39), (46, 39), (47, 39), (48, 39), (49, 39), (49, 39)], 1: [(24, 40), (25, 40), (26, 40), (27, 40), (27, 41), (27, 42), (27, 43), (27, 44), (27, 45), (27, 46), (27, 47), (27, 48), (27, 49), (27, 50), (27, 51), (27, 52), (27, 53), (27, 54), (27, 55), (26, 55), (26, 56), (26, 57), (26, 58), (26, 59), (26, 60), (26, 61), (26, 62), (26, 63), (27, 63), (27, 64), (27, 65), (27, 66), (28, 66), (29, 66), (29, 67), (29, 68), (29, 69), (29, 69)], 2: [(37, 8), (36, 8), (36, 9), (36, 10), (35, 10), (34, 10), (34, 11), (33, 11), (32, 11), (31, 11), (30, 11), (29, 11), (28, 11), (27, 11), (27, 12), (27, 13), (27, 14), (27, 15), (27, 16), (27, 17), (27, 18), (27, 19), (27, 20), (27, 21), (27, 22), (27, 23), (27, 24), (27, 25), (27, 26), (27, 27), (27, 28), (27, 29), (27, 30), (27, 31), (27, 32), (27, 33), (27, 34), (27, 35), (27, 36), (27, 37), (27, 38), (27, 39), (27, 40), (27, 41), (27, 42), (27, 43), (27, 44), (27, 45), (27, 46), (27, 47), (27, 48), (27, 49), (27, 50), (26, 50), (26, 51), (26, 52), (26, 53), (26, 54), (26, 55), (26, 56), (26, 57), (26, 58), (26, 59), (26, 60), (26, 61), (26, 61)], 3: [(23, 38), (22, 38), (21, 38), (20, 38), (19, 38), (19, 37), (19, 36), (19, 35), (19, 34), (19, 33), (19, 32), (19, 31), (19, 30), (19, 29), (19, 28), (19, 27), (19, 26), (19, 25), (19, 24), (19, 23), (19, 22), (19, 21), (18, 21), (17, 21), (16, 21), (15, 21), (14, 21), (14, 20), (14, 19), (13, 19), (12, 19), (12, 18), (12, 17), (12, 16), (12, 15), (13, 15), (14, 15), (13, 15), (13, 16), (12, 16), (12, 17), (12, 18), (12, 19), (13, 19), (14, 19), (15, 19), (16, 19), (17, 19), (18, 19), (19, 19), (20, 19), (21, 19), (22, 19), (23, 19), (24, 19), (25, 19), (26, 19), (27, 19), (27, 20), (27, 21), (27, 22), (27, 23), (27, 24), (27, 25), (27, 26), (27, 27), (27, 28), (27, 29), (27, 29)], 4: [(42, 55), (41, 55), (41, 54), (41, 53), (40, 53), (39, 53), (38, 53), (37, 53), (36, 53), (35, 53), (34, 53), (33, 53), (33, 52), (33, 51), (32, 51), (31, 51), (30, 51), (30, 50), (29, 50), (29, 49), (29, 48), (29, 47), (29, 46), (29, 45), (29, 44), (29, 43), (29, 42), (29, 41), (29, 40), (29, 39), (30, 39), (31, 39), (32, 39), (33, 39), (34, 39), (35, 39), (36, 39), (37, 39), (38, 39), (39, 39), (40, 39), (41, 39), (41, 38), (41, 38)], 5: [(28, 43), (28, 42), (29, 42), (30, 42), (31, 42), (32, 42), (33, 42), (34, 42), (35, 42), (36, 42), (37, 42), (38, 42), (39, 42), (40, 42), (41, 42), (42, 42), (43, 42), (44, 42), (45, 42), (46, 42), (47, 42), (48, 42), (49, 42), (50, 42), (51, 42), (52, 42), (51, 42), (51, 41), (51, 40), (51, 39), (51, 38), (50, 38), (49, 38), (48, 38), (47, 38), (46, 38), (45, 38), (44, 38), (43, 38), (42, 38), (41, 38), (40, 38), (39, 38), (38, 38), (38, 37), (37, 37), (36, 37), (35, 37), (34, 37), (34, 36), (34, 35), (33, 35), (32, 35), (31, 35), (30, 35), (29, 35), (29, 34), (29, 33), (29, 32), (29, 31), (29, 30), (29, 29), (29, 28), (29, 27), (30, 27), (31, 27), (32, 27), (33, 27), (34, 27), (35, 27), (36, 27), (37, 27), (38, 27), (39, 27), (40, 27), (41, 27), (42, 27), (43, 27), (44, 27), (45, 27), (46, 27), (47, 27), (48, 27), (49, 27), (50, 27), (51, 27), (51, 26), (51, 27), (50, 27), (49, 27), (48, 27), (47, 27), (46, 27), (45, 27), (44, 27), (43, 27), (42, 27), (41, 27), (40, 27), (40, 28), (40, 29), (40, 30), (40, 30)], 6: [(21, 57), (21, 56), (22, 56), (23, 56), (24, 56), (25, 56), (26, 56), (27, 56), (27, 56)], 7: [(54, 45), (53, 45), (52, 45), (51, 45), (50, 45), (49, 45), (48, 45), (47, 45), (47, 44), (47, 43), (47, 42), (47, 41), (47, 40), (47, 39), (47, 38), (48, 38), (49, 38), (50, 38), (50, 37), (50, 37)], 8: [(23, 33), (24, 33), (25, 33), (26, 33), (26, 34), (26, 35), (26, 36), (26, 37), (26, 38), (26, 39), (26, 40), (26, 41), (26, 42), (26, 43), (26, 44), (26, 45), (27, 45), (27, 46), (28, 46), (28, 47), (27, 47), (27, 48), (27, 49), (27, 50), (26, 50), (26, 51), (26, 52), (26, 53), (26, 54), (26, 55), (26, 56), (26, 57), (26, 58), (26, 59), (26, 60), (26, 61), (26, 62), (27, 62), (27, 63), (27, 64), (27, 65), (27, 66), (28, 66), (29, 66), (29, 67), (30, 67), (31, 67), (32, 67), (33, 67), (34, 67), (34, 66), (35, 66), (36, 66), (37, 66), (38, 66), (39, 66), (40, 66), (41, 66), (42, 66), (43, 66), (44, 66), (44, 66)], 9: [(18, 57), (18, 56), (18, 55), (18, 54), (19, 54), (20, 54), (21, 54), (22, 54), (22, 53), (23, 53), (24, 53), (24, 52), (24, 51), (25, 51), (26, 51), (26, 50), (27, 50), (27, 49), (27, 48), (27, 47), (27, 46), (27, 45), (26, 45), (26, 44), (25, 44), (25, 43), (25, 42), (25, 41), (25, 40), (25, 39), (25, 38), (25, 37), (25, 36), (25, 35), (25, 34), (25, 33), (25, 32), (25, 31), (25, 30), (25, 29), (25, 28), (25, 27), (25, 26), (25, 25), (25, 24), (25, 23), (25, 22), (25, 21), (25, 20), (25, 19), (25, 18), (25, 17), (25, 16), (25, 15), (25, 14), (25, 13), (25, 12), (25, 11), (25, 10), (25, 9), (25, 8), (25, 7), (25, 7)]}, 101)