

CBSS-C STATS
starts:[1501, 3513, 766, 4175, 2436, 1728, 3803, 3789, 2433, 2652]
targets:[4918, 4373, 1289, 4406, 4800, 3728, 4100, 3732, 792, 3388, 4850, 1457, 2309, 4752, 3042]
dests:[4098, 1182, 694, 2370, 1274, 222, 2494, 4112, 4333, 4435]
ac_dict:{4918: {0, 1}, 4373: {1, 2}, 1289: {2, 3}, 4406: {3, 4}, 4800: {4, 5}, 3728: {5, 6}, 4100: {6, 7}, 3732: {8, 7}, 792: {8, 9}, 4098: {0}, 1182: {1}, 694: {2}, 2370: {3}, 1274: {4}, 222: {5}, 2494: {6}, 4112: {7}, 4333: {8}, 4435: {9}}
clusters:[1 6 3 0 5 0 8 1 7 4 9 2 5 5 4]

round: 14
best_g_value: 676.0
open_list_size: 13
num_low_level_expanded: 18530
search_success: 1
search_time: 2.47866535698995
n_tsp_call: 1
n_tsp_time: 1.501578340306878
n_roots: 1
num_conflicts: 13
target_assignment: {1457: 0, 792: 8, 3732: 8, 4850: 8, 3388: 1, 4373: 1, 4100: 7, 1289: 3, 2309: 4, 3728: 6}
cluster_target_selection: {2: 1457, 7: 792, 1: 3732, 9: 4850, 4: 3388, 6: 4373, 8: 4100, 3: 1289, 5: 2309, 0: 3728}
num_nodes_transformed_graph: 98
agent_paths:({0: [(6, 23), (6, 22), (7, 22), (8, 22), (9, 22), (10, 22), (11, 22), (12, 22), (12, 21), (13, 21), (14, 21), (15, 21), (16, 21), (17, 21), (18, 21), (19, 21), (20, 21), (21, 21), (22, 21), (23, 21), (24, 21), (25, 21), (26, 21), (27, 21), (27, 22), (27, 23), (27, 24), (27, 25), (27, 26), (27, 27), (27, 28), (27, 29), (27, 30), (27, 31), (27, 32), (27, 33), (27, 34), (27, 35), (27, 36), (27, 37), (27, 38), (27, 39), (27, 40), (27, 41), (27, 42), (27, 43), (27, 44), (27, 45), (27, 46), (27, 47), (27, 48), (27, 49), (27, 50), (26, 50), (26, 51), (26, 52), (25, 52), (24, 52), (24, 53), (23, 53), (22, 53), (22, 54), (21, 54), (20, 54), (19, 54), (18, 54), (17, 54), (16, 54), (15, 54), (14, 54), (13, 54), (12, 54), (11, 54), (10, 54), (9, 54), (8, 54), (7, 54), (6, 54), (5, 54), (4, 54), (3, 54), (3, 55), (3, 56), (3, 57), (3, 58), (3, 59), (3, 60), (3, 61), (3, 62), (3, 63), (3, 63)], 1: [(3, 54), (4, 54), (5, 54), (6, 54), (7, 54), (8, 54), (8, 53), (8, 52), (9, 52), (9, 53), (9, 54), (10, 54), (11, 54), (12, 54), (13, 54), (14, 54), (15, 54), (16, 54), (17, 54), (18, 54), (18, 55), (18, 56), (18, 57), (18, 58), (18, 59), (18, 60), (18, 61), (18, 62), (18, 63), (18, 64), (18, 65), (18, 66), (18, 67), (18, 66), (18, 65), (18, 64), (18, 63), (18, 62), (18, 61), (18, 60), (18, 59), (18, 58), (18, 57), (18, 56), (18, 55), (19, 55), (20, 55), (20, 54), (21, 54), (22, 54), (22, 53), (23, 53), (24, 53), (24, 52), (24, 51), (25, 51), (26, 51), (26, 50), (27, 50), (27, 49), (27, 48), (27, 47), (27, 46), (27, 45), (26, 45), (26, 44), (25, 44), (24, 44), (23, 44), (22, 44), (21, 44), (20, 44), (20, 43), (20, 42), (19, 42), (19, 41), (19, 40), (19, 39), (19, 38), (19, 37), (19, 36), (19, 35), (19, 34), (19, 33), (19, 32), (19, 31), (19, 30), (19, 29), (19, 28), (19, 27), (19, 26), (19, 25), (19, 24), (19, 23), (19, 22), (19, 21), (18, 21), (17, 21), (16, 21), (15, 21), (14, 21), (13, 21), (12, 21), (12, 20), (12, 19), (12, 18), (12, 18)], 2: [(51, 11), (50, 11), (49, 11), (48, 11), (47, 11), (46, 11), (45, 11), (44, 11), (44, 10), (44, 10)], 3: [(15, 64), (15, 63), (15, 62), (16, 62), (17, 62), (18, 62), (18, 61), (18, 60), (18, 59), (18, 58), (18, 57), (18, 56), (18, 55), (18, 54), (19, 54), (20, 54), (21, 54), (22, 54), (22, 53), (23, 53), (24, 53), (24, 52), (24, 51), (25, 51), (26, 51), (26, 50), (27, 50), (27, 49), (27, 48), (27, 47), (28, 47), (28, 46), (28, 45), (28, 44), (28, 43), (28, 42), (28, 41), (28, 40), (28, 39), (28, 38), (28, 37), (28, 36), (28, 35), (28, 34), (28, 33), (28, 32), (28, 31), (28, 30), (28, 29), (28, 28), (28, 27), (29, 27), (30, 27), (31, 27), (32, 27), (33, 27), (34, 27), (35, 27), (36, 27), (37, 27), (38, 27), (39, 27), (40, 27), (41, 27), (42, 27), (43, 27), (44, 27), (45, 27), (46, 27), (47, 27), (48, 27), (49, 27), (50, 27), (51, 27), (51, 26), (51, 25), (51, 24), (51, 23), (51, 22), (51, 21), (51, 20), (51, 19), (52, 19), (53, 19), (54, 19), (53, 19), (52, 19), (51, 19), (51, 20), (51, 21), (51, 22), (51, 23), (51, 24), (51, 25), (51, 26), (51, 27), (50, 27), (49, 27), (48, 27), (47, 27), (46, 27), (45, 27), (44, 27), (43, 27), (42, 27), (41, 27), (40, 27), (39, 27), (38, 27), (37, 27), (36, 27), (35, 27), (34, 27), (33, 27), (32, 27), (31, 27), (30, 27), (30, 28), (30, 29), (29, 29), (29, 30), (29, 31), (29, 32), (29, 33), (29, 34), (29, 35), (30, 35), (30, 36), (30, 36)], 4: [(31, 37), (31, 36), (31, 35), (32, 35), (33, 35), (34, 35), (33, 35), (32, 35), (31, 35), (30, 35), (29, 35), (29, 34), (29, 33), (29, 32), (29, 31), (29, 30), (29, 29), (29, 28), (29, 27), (30, 27), (31, 27), (32, 27), (33, 27), (34, 27), (34, 26), (35, 26), (35, 25), (35, 24), (35, 23), (35, 22), (35, 21), (36, 21), (36, 20), (36, 19), (37, 19), (38, 19), (39, 19), (39, 19)], 5: [(38, 26), (37, 26), (36, 26), (35, 26), (34, 26), (34, 27), (33, 27), (32, 27), (31, 27), (30, 27), (29, 27), (28, 27), (27, 27), (27, 26), (27, 25), (27, 24), (27, 23), (27, 22), (27, 21), (27, 20), (27, 19), (27, 18), (27, 17), (27, 16), (27, 15), (27, 14), (27, 13), (27, 12), (27, 11), (27, 10), (27, 9), (27, 8), (27, 7), (27, 6), (27, 5), (27, 4), (27, 3), (27, 3)], 6: [(33, 58), (32, 58), (31, 58), (30, 58), (29, 58), (28, 58), (27, 58), (26, 58), (25, 58), (24, 58), (23, 58), (23, 57), (23, 56), (23, 55), (23, 54), (23, 53), (24, 53), (24, 52), (24, 51), (25, 51), (26, 51), (26, 50), (27, 50), (27, 49), (27, 48), (27, 47), (27, 46), (27, 45), (26, 45), (26, 44), (25, 44), (24, 44), (24, 43), (24, 42), (24, 41), (24, 40), (24, 39), (24, 38), (24, 38)], 7: [(19, 58), (18, 58), (17, 58), (17, 59), (17, 60), (17, 61), (17, 62), (16, 62), (15, 62), (14, 62), (13, 62), (12, 62), (11, 62), (10, 62), (9, 62), (8, 62), (7, 62), (6, 62), (5, 62), (5, 63), (6, 63), (7, 63), (8, 63), (9, 63), (10, 63), (11, 63), (12, 63), (13, 63), (14, 63), (15, 63), (16, 63), (17, 63), (17, 63)], 8: [(28, 37), (27, 37), (26, 37), (25, 37), (24, 37), (23, 37), (22, 37), (21, 37), (20, 37), (19, 37), (19, 36), (19, 35), (19, 34), (19, 33), (19, 32), (19, 31), (19, 30), (19, 29), (19, 28), (19, 27), (19, 26), (19, 25), (19, 24), (19, 23), (19, 22), (19, 21), (18, 21), (17, 21), (16, 21), (15, 21), (14, 21), (13, 21), (12, 21), (12, 20), (12, 19), (12, 18), (12, 17), (12, 16), (12, 15), (12, 14), (12, 13), (12, 12), (12, 13), (12, 14), (12, 15), (12, 16), (12, 17), (12, 18), (12, 19), (13, 19), (14, 19), (15, 19), (16, 19), (17, 19), (18, 19), (19, 19), (20, 19), (21, 19), (22, 19), (23, 19), (24, 19), (25, 19), (26, 19), (27, 19), (27, 20), (27, 21), (27, 22), (27, 23), (27, 24), (27, 25), (27, 26), (27, 27), (27, 28), (27, 29), (27, 30), (27, 31), (27, 32), (27, 33), (27, 34), (27, 35), (27, 36), (27, 37), (27, 38), (27, 39), (27, 40), (27, 41), (27, 42), (27, 43), (27, 44), (27, 45), (27, 46), (27, 47), (27, 48), (27, 49), (27, 50), (27, 51), (27, 52), (27, 53), (27, 54), (27, 55), (27, 56), (27, 57), (27, 58), (27, 59), (27, 60), (27, 61), (27, 62), (27, 63), (27, 64), (27, 65), (27, 66), (28, 66), (29, 66), (29, 67), (30, 67), (31, 67), (32, 67), (33, 67), (34, 67), (35, 67), (36, 67), (37, 67), (38, 67), (39, 67), (40, 67), (40, 68), (40, 69), (40, 70), (40, 71), (40, 72), (40, 73), (40, 74), (40, 73), (40, 72), (40, 71), (40, 70), (40, 69), (40, 68), (40, 67), (40, 66), (41, 66), (42, 66), (43, 66), (43, 66)], 9: [(52, 40), (51, 40), (50, 40), (49, 40), (48, 40), (47, 40), (46, 40), (45, 40), (44, 40), (43, 40), (42, 40), (41, 40), (40, 40), (39, 40), (38, 40), (37, 40), (36, 40), (35, 40), (34, 40), (33, 40), (32, 40), (31, 40), (30, 40), (29, 40), (28, 40), (27, 40), (27, 41), (27, 42), (27, 43), (27, 44), (27, 45), (27, 46), (27, 47), (27, 48), (27, 49), (27, 50), (26, 50), (26, 51), (25, 51), (24, 51), (24, 52), (24, 53), (23, 53), (22, 53), (22, 54), (21, 54), (20, 54), (19, 54), (18, 54), (17, 54), (17, 55), (17, 56), (17, 57), (17, 58), (17, 59), (17, 60), (17, 61), (17, 62), (16, 62), (15, 62), (15, 63), (15, 64), (15, 65), (15, 66), (15, 67), (15, 68), (15, 68)]}, 142)