

CBSS-C STATS
starts:[804, 3748, 474, 605, 2982]
targets:[823, 3998, 1188, 1484, 2010, 2009, 5084, 1352, 5068, 3042, 4700, 418, 574, 4740, 4932, 3828, 1515, 3567, 720, 4524]
dests:[3541, 1911, 4991, 4400, 3413]
ac_dict:{823: {0, 1}, 3998: {1, 2}, 1188: {2, 3}, 1484: {3, 4}, 3541: {0}, 1911: {1}, 4991: {2}, 4400: {3}, 3413: {4}}
clusters:[2 3 5 8 6 4 0 2 9 4 7 2 6 7 3 8 2 6 1 6]

round: 1
best_g_value: 475.0
open_list_size: 0
num_low_level_expanded: 2545
search_success: 1
search_time: 1.1596422577276826
n_tsp_call: 1
n_tsp_time: 1.0562717416323721
n_roots: 1
num_conflicts: 0
target_assignment: {1188: 2, 720: 2, 1515: 2, 4700: 2, 5084: 2, 4524: 2, 4932: 2, 5068: 2, 3828: 4, 3042: 4}
cluster_target_selection: {5: 1188, 1: 720, 2: 1515, 7: 4700, 0: 5084, 6: 4524, 3: 4932, 9: 5068, 8: 3828, 4: 3042}
num_nodes_transformed_graph: 53
agent_paths:({0: [(24, 12), (25, 12), (26, 12), (27, 12), (27, 13), (27, 14), (27, 15), (27, 16), (27, 17), (27, 18), (28, 18), (28, 19), (28, 20), (28, 21), (28, 22), (28, 23), (28, 24), (28, 25), (28, 26), (29, 26), (29, 27), (29, 28), (29, 29), (29, 30), (29, 31), (29, 32), (29, 33), (29, 34), (29, 35), (29, 36), (29, 37), (29, 38), (29, 39), (29, 40), (29, 41), (29, 42), (29, 43), (29, 44), (29, 45), (29, 46), (29, 47), (29, 48), (29, 49), (29, 50), (30, 50), (30, 51), (31, 51), (31, 52), (31, 53), (31, 54), (31, 54)], 1: [(43, 57), (42, 57), (41, 57), (40, 57), (39, 57), (38, 57), (37, 57), (36, 57), (35, 57), (34, 57), (33, 57), (32, 57), (31, 57), (30, 57), (29, 57), (28, 57), (27, 57), (27, 56), (27, 55), (27, 54), (27, 53), (27, 52), (27, 51), (27, 50), (27, 49), (27, 48), (27, 47), (27, 46), (27, 45), (26, 45), (26, 44), (26, 43), (26, 42), (26, 41), (26, 40), (26, 39), (26, 38), (26, 37), (26, 36), (26, 35), (26, 34), (26, 33), (26, 32), (26, 31), (26, 30), (26, 29), (26, 29)], 2: [(19, 7), (19, 8), (20, 8), (20, 9), (20, 10), (20, 11), (20, 12), (20, 13), (20, 14), (20, 15), (20, 16), (20, 17), (20, 18), (19, 18), (18, 18), (18, 19), (17, 19), (16, 19), (15, 19), (14, 19), (13, 19), (12, 19), (11, 19), (10, 19), (9, 19), (9, 18), (9, 17), (9, 16), (9, 15), (8, 15), (7, 15), (6, 15), (5, 15), (5, 14), (5, 13), (5, 12), (5, 11), (6, 11), (7, 11), (8, 11), (9, 11), (10, 11), (11, 11), (12, 11), (12, 12), (12, 13), (12, 14), (12, 15), (12, 16), (12, 17), (12, 18), (12, 19), (13, 19), (14, 19), (15, 19), (16, 19), (17, 19), (18, 19), (19, 19), (20, 19), (20, 20), (20, 21), (20, 22), (20, 23), (20, 24), (20, 25), (20, 26), (20, 27), (20, 28), (20, 29), (20, 30), (20, 31), (20, 32), (20, 33), (20, 34), (20, 35), (20, 36), (20, 37), (20, 38), (20, 39), (20, 40), (20, 41), (20, 42), (20, 43), (20, 44), (21, 44), (22, 44), (23, 44), (24, 44), (25, 44), (26, 44), (26, 45), (27, 45), (27, 46), (27, 47), (27, 48), (27, 49), (27, 50), (26, 50), (26, 51), (25, 51), (25, 52), (25, 53), (25, 54), (25, 55), (25, 56), (25, 57), (25, 58), (25, 59), (25, 60), (25, 61), (25, 62), (25, 63), (24, 63), (24, 64), (23, 64), (22, 64), (21, 64), (20, 64), (20, 65), (20, 66), (20, 67), (20, 68), (20, 69), (20, 70), (20, 71), (20, 72), (19, 72), (18, 72), (17, 72), (16, 72), (15, 72), (14, 72), (14, 73), (14, 74), (14, 75), (14, 76), (14, 77), (14, 78), (14, 77), (14, 76), (14, 75), (14, 74), (14, 73), (14, 72), (14, 71), (14, 70), (14, 69), (15, 69), (16, 69), (17, 69), (18, 69), (19, 69), (20, 69), (21, 69), (22, 69), (23, 69), (24, 69), (25, 69), (26, 69), (27, 69), (28, 69), (29, 69), (30, 69), (31, 69), (32, 69), (33, 69), (34, 69), (35, 69), (36, 69), (37, 69), (38, 69), (39, 69), (40, 69), (41, 69), (42, 69), (43, 69), (44, 69), (45, 69), (46, 69), (47, 69), (48, 69), (49, 69), (50, 69), (51, 69), (52, 69), (53, 69), (54, 69), (55, 69), (56, 69), (57, 69), (57, 70), (57, 71), (57, 72), (57, 73), (57, 74), (57, 75), (58, 75), (59, 75), (60, 75), (61, 75), (62, 75), (63, 75), (63, 76), (63, 77), (62, 77), (61, 77), (60, 77), (59, 77), (58, 77), (58, 76), (57, 76), (56, 76), (55, 76), (54, 76), (53, 76), (52, 76), (51, 76), (51, 76)], 3: [(20, 9), (21, 9), (22, 9), (23, 9), (24, 9), (25, 9), (26, 9), (27, 9), (27, 10), (27, 11), (27, 12), (27, 13), (27, 14), (27, 15), (27, 16), (27, 17), (27, 18), (27, 19), (27, 20), (27, 21), (27, 22), (27, 23), (27, 24), (27, 25), (27, 26), (27, 27), (27, 28), (27, 29), (27, 30), (27, 31), (27, 32), (27, 33), (27, 34), (27, 35), (27, 36), (27, 37), (27, 38), (27, 39), (27, 40), (27, 41), (27, 42), (27, 43), (27, 44), (27, 45), (27, 46), (27, 47), (27, 48), (27, 49), (27, 50), (27, 51), (27, 52), (27, 53), (27, 54), (27, 55), (27, 56), (27, 57), (27, 58), (27, 59), (27, 60), (27, 61), (27, 62), (27, 63), (27, 64), (27, 65), (27, 66), (28, 66), (29, 66), (29, 67), (30, 67), (31, 67), (32, 67), (33, 67), (34, 67), (35, 67), (36, 67), (37, 67), (38, 67), (39, 67), (40, 67), (41, 67), (42, 67), (43, 67), (44, 67), (45, 67), (45, 67)], 4: [(57, 45), (56, 45), (55, 45), (54, 45), (53, 45), (53, 46), (53, 47), (53, 48), (53, 49), (53, 50), (54, 50), (55, 50), (56, 50), (56, 51), (56, 52), (57, 52), (57, 53), (58, 53), (58, 54), (58, 55), (58, 56), (58, 57), (58, 58), (57, 58), (56, 58), (55, 58), (54, 58), (53, 58), (52, 58), (52, 57), (52, 56), (52, 55), (52, 54), (52, 53), (52, 52), (52, 51), (52, 50), (52, 49), (52, 48), (52, 47), (52, 46), (51, 46), (51, 45), (50, 45), (49, 45), (48, 45), (47, 45), (47, 44), (47, 43), (47, 42), (46, 42), (45, 42), (44, 42), (43, 42), (42, 42), (41, 42), (40, 42), (39, 42), (38, 42), (37, 42), (36, 42), (35, 42), (34, 42), (33, 42), (33, 43), (33, 44), (32, 44), (31, 44), (30, 44), (30, 45), (29, 45), (29, 46), (29, 47), (29, 48), (29, 49), (29, 50), (30, 50), (30, 51), (31, 51), (32, 51), (33, 51), (33, 52), (33, 52)]}, 217)