

CBSS-C STATS
starts:[4343, 3431, 2040, 5075, 894]
targets:[1401, 1914, 4891, 4795, 5014, 902, 334, 3763, 4867, 1595]
dests:[3555, 4670, 3928, 2724, 3645]
ac_dict:{1401: {0, 1}, 1914: {1, 2}, 4891: {2, 3}, 4795: {3, 4}, 3555: {0}, 4670: {1}, 3928: {2}, 2724: {3}, 3645: {4}}
clusters:[2 3 2 2 2 0 1 4 2 1]

round: 1
best_g_value: 427.0
open_list_size: 0
num_low_level_expanded: 2508
search_success: 1
search_time: 0.15783029701560736
n_tsp_call: 1
n_tsp_time: 0.06841766089200974
n_roots: 1
num_conflicts: 0
target_assignment: {5014: 3, 902: 4, 1914: 2, 1595: 2, 3763: 1}
cluster_target_selection: {2: 5014, 0: 902, 3: 1914, 1: 1595, 4: 3763}
num_nodes_transformed_graph: 29
agent_paths:({0: [(53, 66), (52, 66), (51, 66), (50, 66), (49, 66), (48, 66), (47, 66), (46, 66), (45, 66), (44, 66), (43, 66), (42, 66), (41, 66), (40, 66), (39, 66), (38, 66), (37, 66), (36, 66), (35, 66), (34, 66), (34, 67), (33, 67), (32, 67), (31, 67), (30, 67), (29, 67), (29, 66), (28, 66), (27, 66), (27, 65), (27, 64), (27, 63), (27, 62), (27, 61), (27, 60), (27, 59), (27, 58), (27, 57), (27, 56), (27, 55), (27, 54), (28, 54), (29, 54), (30, 54), (31, 54), (32, 54), (33, 54), (34, 54), (35, 54), (36, 54), (37, 54), (38, 54), (39, 54), (40, 54), (41, 54), (42, 54), (43, 54), (44, 54), (45, 54), (45, 54)], 1: [(51, 52), (52, 52), (53, 52), (54, 52), (55, 52), (56, 52), (57, 52), (57, 53), (58, 53), (58, 54), (58, 55), (58, 56), (58, 57), (57, 57), (56, 57), (55, 57), (54, 57), (53, 57), (52, 57), (52, 56), (52, 55), (52, 54), (52, 53), (52, 52), (52, 51), (52, 50), (52, 49), (52, 48), (51, 48), (51, 47), (51, 46), (51, 45), (50, 45), (49, 45), (48, 45), (47, 45), (47, 44), (47, 43), (47, 42), (46, 42), (45, 42), (44, 42), (43, 42), (42, 42), (41, 42), (40, 42), (39, 42), (38, 42), (37, 42), (37, 43), (37, 44), (36, 44), (35, 44), (34, 44), (33, 44), (32, 44), (31, 44), (30, 44), (30, 45), (29, 45), (29, 46), (29, 47), (29, 48), (29, 49), (29, 50), (29, 51), (29, 52), (29, 53), (29, 54), (29, 55), (29, 56), (29, 57), (29, 58), (29, 59), (29, 60), (29, 61), (29, 62), (28, 62), (27, 62), (27, 63), (27, 64), (27, 65), (27, 66), (28, 66), (29, 66), (29, 67), (30, 67), (31, 67), (32, 67), (33, 67), (34, 67), (35, 67), (36, 67), (37, 67), (38, 67), (39, 67), (40, 67), (41, 67), (42, 67), (43, 67), (44, 67), (45, 67), (46, 67), (47, 67), (48, 67), (49, 67), (50, 67), (51, 67), (52, 67), (53, 67), (54, 67), (55, 67), (55, 68), (55, 69), (55, 70), (55, 71), (55, 71)], 2: [(25, 31), (25, 30), (25, 29), (26, 29), (27, 29), (28, 29), (29, 29), (29, 28), (29, 27), (30, 27), (31, 27), (32, 27), (33, 27), (34, 27), (34, 26), (35, 26), (35, 25), (35, 24), (35, 25), (35, 26), (34, 26), (34, 27), (33, 27), (32, 27), (31, 27), (30, 27), (29, 27), (28, 27), (28, 28), (28, 29), (28, 30), (28, 31), (28, 32), (28, 33), (28, 34), (28, 35), (28, 36), (28, 37), (28, 38), (28, 39), (28, 40), (28, 41), (28, 42), (28, 43), (28, 44), (28, 45), (28, 46), (28, 47), (28, 48), (28, 49), (28, 50), (28, 51), (28, 52), (28, 53), (28, 54), (28, 55), (28, 56), (28, 57), (28, 58), (28, 59), (28, 60), (28, 60)], 3: [(5, 78), (5, 77), (6, 77), (7, 77), (8, 77), (9, 77), (9, 76), (10, 76), (11, 76), (12, 76), (13, 76), (14, 76), (14, 75), (14, 74), (14, 73), (14, 72), (14, 71), (14, 70), (14, 69), (14, 68), (14, 67), (14, 66), (14, 65), (14, 64), (14, 63), (14, 62), (15, 62), (16, 62), (17, 62), (17, 61), (17, 60), (17, 59), (17, 58), (17, 57), (17, 56), (17, 55), (17, 54), (18, 54), (19, 54), (20, 54), (21, 54), (22, 54), (22, 53), (23, 53), (24, 53), (24, 52), (24, 51), (25, 51), (26, 51), (26, 50), (27, 50), (27, 49), (27, 48), (27, 47), (27, 46), (27, 45), (27, 44), (27, 43), (27, 42), (27, 41), (28, 41), (29, 41), (30, 41), (31, 41), (32, 41), (33, 41), (34, 41), (35, 41), (36, 41), (37, 41), (38, 41), (39, 41), (40, 41), (41, 41), (42, 41), (43, 41), (44, 41), (45, 41), (46, 41), (47, 41), (48, 41), (49, 41), (50, 41), (51, 41), (52, 41), (53, 41), (54, 41), (55, 41), (56, 41), (57, 41), (58, 41), (59, 41), (59, 41)], 4: [(49, 13), (50, 13), (51, 13), (52, 13), (53, 13), (54, 13), (55, 13), (56, 13), (57, 13), (56, 13), (55, 13), (54, 13), (53, 13), (52, 13), (51, 13), (50, 13), (49, 13), (48, 13), (47, 13), (46, 13), (45, 13), (44, 13), (43, 13), (42, 13), (41, 13), (40, 13), (39, 13), (38, 13), (37, 13), (36, 13), (35, 13), (34, 13), (33, 13), (32, 13), (31, 13), (30, 13), (29, 13), (28, 13), (27, 13), (27, 14), (27, 15), (27, 16), (27, 17), (27, 18), (27, 19), (27, 20), (27, 21), (27, 22), (27, 23), (27, 24), (27, 25), (27, 26), (27, 27), (27, 28), (27, 29), (27, 30), (27, 31), (27, 32), (27, 33), (27, 34), (27, 35), (27, 36), (27, 37), (27, 38), (27, 39), (27, 40), (27, 41), (27, 42), (27, 43), (27, 44), (27, 45), (27, 46), (27, 47), (27, 48), (27, 49), (27, 50), (26, 50), (26, 51), (25, 51), (24, 51), (24, 52), (24, 53), (23, 53), (22, 53), (22, 54), (21, 54), (20, 54), (19, 54), (18, 54), (17, 54), (16, 54), (15, 54), (14, 54), (13, 54), (12, 54), (11, 54), (10, 54), (9, 54), (8, 54), (7, 54), (6, 54), (5, 54), (5, 55), (5, 56), (5, 56)]}, 115)