

CBSS-C STATS
starts:[1441, 4666, 3928, 4248, 3726]
targets:[5015, 3807, 1518, 1437, 2977, 396, 2842, 4502, 1419, 4559]
dests:[4440, 571, 2918, 885, 4623]
ac_dict:{5015: {0, 1}, 3807: {1, 2}, 1518: {2, 3}, 1437: {3, 4}, 4440: {0}, 571: {1}, 2918: {2}, 885: {3}, 4623: {4}}
clusters:[0 0 0 0 0 0 0 1 1 0]

round: 3
best_g_value: 340.0
open_list_size: 2
num_low_level_expanded: 5491
search_success: 1
search_time: 0.7859581490047276
n_tsp_call: 6
n_tsp_time: 0.5111784744076431
n_roots: 1
num_conflicts: 2
target_assignment: {4502: 4, 2842: 2}
cluster_target_selection: {1: 4502, 0: 2842}
num_nodes_transformed_graph: 48
agent_paths:({0: [(11, 22), (12, 22), (12, 21), (13, 21), (14, 21), (15, 21), (16, 21), (17, 21), (18, 21), (19, 21), (20, 21), (20, 22), (20, 23), (20, 24), (20, 25), (20, 26), (20, 27), (20, 28), (20, 29), (20, 30), (20, 31), (20, 32), (20, 33), (20, 34), (20, 35), (20, 36), (20, 37), (20, 38), (20, 39), (20, 40), (20, 41), (20, 42), (20, 43), (20, 44), (21, 44), (22, 44), (23, 44), (24, 44), (25, 44), (26, 44), (26, 45), (27, 45), (27, 46), (27, 47), (27, 48), (27, 49), (27, 50), (26, 50), (26, 51), (25, 51), (25, 52), (25, 53), (25, 54), (25, 55), (25, 56), (25, 57), (25, 58), (25, 59), (25, 60), (25, 61), (25, 62), (25, 63), (24, 63), (24, 64), (23, 64), (22, 64), (21, 64), (20, 64), (20, 65), (20, 66), (20, 67), (20, 68), (20, 68)], 1: [(51, 71), (51, 70), (51, 69), (51, 68), (51, 67), (50, 67), (49, 67), (48, 67), (47, 67), (46, 67), (45, 67), (44, 67), (43, 67), (42, 67), (41, 67), (40, 67), (39, 67), (38, 67), (37, 67), (36, 67), (35, 67), (34, 67), (33, 67), (32, 67), (31, 67), (30, 67), (29, 67), (29, 66), (28, 66), (27, 66), (27, 65), (27, 64), (27, 63), (27, 62), (27, 61), (27, 60), (27, 59), (27, 58), (27, 57), (27, 56), (27, 55), (27, 54), (27, 53), (27, 52), (27, 51), (28, 51), (28, 50), (28, 49), (28, 48), (28, 47), (28, 46), (28, 45), (28, 44), (28, 43), (28, 42), (28, 41), (28, 40), (28, 39), (28, 38), (28, 37), (28, 36), (28, 35), (28, 34), (28, 33), (28, 32), (28, 31), (28, 30), (28, 29), (28, 28), (28, 27), (28, 26), (28, 25), (28, 24), (28, 23), (28, 22), (28, 21), (28, 20), (28, 19), (28, 18), (27, 18), (27, 17), (27, 16), (27, 15), (27, 14), (27, 13), (27, 12), (27, 11), (28, 11), (29, 11), (30, 11), (31, 11), (32, 11), (33, 11), (34, 11), (34, 10), (35, 10), (36, 10), (37, 10), (38, 10), (39, 10), (40, 10), (41, 10), (42, 10), (43, 10), (44, 10), (45, 10), (46, 10), (47, 10), (48, 10), (49, 10), (49, 9), (50, 9), (50, 8), (51, 8), (51, 8)], 2: [(28, 60), (28, 59), (28, 58), (28, 57), (28, 56), (28, 55), (28, 54), (28, 53), (28, 52), (28, 51), (28, 50), (28, 49), (28, 48), (28, 47), (28, 46), (28, 45), (28, 44), (28, 43), (29, 43), (30, 43), (31, 43), (32, 43), (33, 43), (34, 43), (35, 43), (36, 43), (37, 43), (37, 42), (38, 42), (39, 42), (40, 42), (41, 42), (42, 42), (43, 42), (44, 42), (45, 42), (46, 42), (47, 42), (47, 43), (48, 43), (49, 43), (50, 43), (51, 43), (52, 43), (53, 43), (54, 43), (55, 43), (56, 43), (57, 43), (58, 43), (58, 44), (58, 44)], 3: [(23, 65), (23, 64), (24, 64), (24, 63), (25, 63), (25, 62), (25, 61), (25, 60), (25, 59), (25, 58), (25, 57), (25, 56), (25, 55), (25, 54), (25, 53), (25, 52), (25, 51), (26, 51), (26, 50), (27, 50), (27, 49), (27, 48), (27, 47), (27, 46), (27, 45), (27, 44), (27, 43), (27, 42), (27, 41), (27, 40), (27, 39), (27, 38), (27, 37), (27, 36), (27, 35), (27, 34), (27, 33), (27, 32), (27, 31), (27, 30), (27, 29), (27, 28), (27, 27), (27, 26), (27, 25), (27, 24), (27, 23), (27, 22), (27, 21), (27, 20), (27, 19), (27, 18), (27, 17), (27, 16), (27, 15), (27, 14), (27, 13), (28, 13), (29, 13), (30, 13), (31, 13), (32, 13), (33, 13), (34, 13), (35, 13), (36, 13), (37, 13), (38, 13), (39, 13), (40, 13), (40, 13)], 4: [(21, 57), (20, 57), (19, 57), (18, 57), (17, 57), (17, 58), (17, 59), (17, 60), (17, 61), (17, 62), (17, 63), (17, 64), (17, 65), (17, 66), (17, 67), (17, 68), (17, 69), (16, 69), (15, 69), (14, 69), (14, 70), (14, 71), (14, 72), (14, 73), (14, 74), (14, 75), (14, 76), (13, 76), (12, 76), (11, 76), (10, 76), (9, 76), (8, 76), (8, 75), (8, 74), (8, 73), (8, 72), (8, 71), (8, 71)]}, 113)