

CBSS-C STATS
starts:[763, 2717, 917, 3644, 3454]
targets:[1942, 4501, 2750, 2567, 2578, 4872, 3563, 1116, 476, 2621, 1798, 2562, 4315, 2918, 2455, 3672, 1854, 3977, 2436, 3598]
dests:[2497, 1680, 1465, 1977, 1180]
ac_dict:{1942: {0, 1}, 4501: {1, 2}, 2750: {2, 3}, 2567: {3, 4}, 2497: {0}, 1680: {1}, 1465: {2}, 1977: {3}, 1180: {4}}
clusters:[2 2 9 4 9 9 1 4 6 5 8 0 5 6 4 1 3 6 7 4]

round: 4
best_g_value: 312.0
open_list_size: 3
num_low_level_expanded: 3330
search_success: 1
search_time: 6.500304100103676
n_tsp_call: 15
n_tsp_time: 6.187992126215249
n_roots: 1
num_conflicts: 3
target_assignment: {3977: 3, 3672: 3, 2562: 3, 2578: 1, 2436: 1, 1854: 1, 1798: 1, 1942: 1, 1116: 2, 2621: 4}
cluster_target_selection: {6: 3977, 1: 3672, 0: 2562, 9: 2578, 7: 2436, 3: 1854, 8: 1798, 2: 1942, 4: 1116, 5: 2621}
num_nodes_transformed_graph: 98
agent_paths:({0: [(48, 11), (47, 11), (46, 11), (45, 11), (44, 11), (43, 11), (42, 11), (41, 11), (40, 11), (39, 11), (38, 11), (37, 11), (36, 11), (35, 11), (34, 11), (33, 11), (32, 11), (31, 11), (30, 11), (29, 11), (28, 11), (27, 11), (27, 12), (27, 13), (27, 14), (27, 15), (27, 16), (27, 17), (27, 18), (27, 19), (27, 20), (27, 21), (27, 22), (27, 23), (27, 24), (27, 25), (27, 26), (27, 27), (27, 28), (27, 29), (27, 30), (27, 31), (27, 32), (27, 33), (27, 34), (27, 35), (27, 36), (27, 37), (27, 38), (27, 38)], 1: [(52, 41), (51, 41), (50, 41), (49, 41), (48, 41), (47, 41), (46, 41), (45, 41), (44, 41), (43, 41), (43, 40), (43, 39), (42, 39), (41, 39), (40, 39), (39, 39), (38, 39), (37, 39), (36, 39), (35, 39), (34, 39), (33, 39), (32, 39), (31, 39), (31, 38), (31, 37), (31, 36), (31, 35), (30, 35), (29, 35), (29, 34), (29, 33), (29, 32), (29, 31), (29, 30), (29, 29), (29, 28), (30, 28), (31, 28), (32, 28), (33, 28), (34, 28), (34, 27), (35, 27), (36, 27), (37, 27), (38, 27), (39, 27), (40, 27), (41, 27), (42, 27), (43, 27), (44, 27), (45, 27), (46, 27), (47, 27), (48, 27), (49, 27), (50, 27), (51, 27), (52, 27), (53, 27), (54, 27), (55, 27), (55, 28), (55, 29), (56, 29), (57, 29), (56, 29), (55, 29), (55, 28), (55, 27), (55, 26), (55, 25), (55, 25)], 2: [(7, 14), (8, 14), (9, 14), (10, 14), (11, 14), (11, 15), (11, 16), (11, 17), (12, 17), (12, 18), (12, 19), (13, 19), (14, 19), (15, 19), (16, 19), (17, 19), (18, 19), (19, 19), (20, 19), (21, 19), (22, 19), (23, 19), (24, 19), (25, 19), (26, 19), (27, 19), (28, 19), (28, 20), (28, 21), (28, 22), (28, 23), (28, 24), (28, 25), (28, 26), (29, 26), (29, 27), (30, 27), (31, 27), (32, 27), (33, 27), (34, 27), (34, 26), (35, 26), (35, 25), (35, 24), (35, 23), (35, 22), (35, 22)], 3: [(4, 56), (5, 56), (6, 56), (7, 56), (8, 56), (9, 56), (10, 56), (11, 56), (11, 57), (11, 58), (11, 59), (11, 60), (12, 60), (12, 61), (13, 61), (14, 61), (14, 62), (15, 62), (16, 62), (17, 62), (17, 61), (17, 60), (17, 59), (17, 58), (17, 57), (17, 56), (18, 56), (19, 56), (20, 56), (21, 56), (22, 56), (23, 56), (24, 56), (25, 56), (26, 56), (27, 56), (28, 56), (29, 56), (30, 56), (31, 56), (32, 56), (31, 56), (30, 56), (29, 56), (28, 56), (27, 56), (27, 55), (27, 54), (27, 53), (27, 52), (27, 51), (27, 50), (27, 49), (27, 48), (27, 47), (27, 46), (27, 45), (27, 44), (27, 43), (27, 42), (27, 41), (27, 40), (27, 39), (26, 39), (26, 38), (26, 37), (26, 36), (26, 35), (26, 34), (26, 33), (26, 32), (26, 31), (26, 30), (27, 30), (27, 30)], 4: [(9, 53), (9, 54), (10, 54), (11, 54), (12, 54), (13, 54), (14, 54), (15, 54), (16, 54), (17, 54), (18, 54), (19, 54), (20, 54), (21, 54), (22, 54), (22, 53), (23, 53), (24, 53), (24, 52), (24, 51), (25, 51), (26, 51), (26, 50), (27, 50), (27, 49), (27, 48), (27, 47), (27, 46), (27, 45), (26, 45), (26, 44), (25, 44), (24, 44), (23, 44), (22, 44), (21, 44), (21, 43), (21, 42), (21, 41), (21, 40), (20, 40), (19, 40), (19, 39), (19, 38), (19, 37), (19, 36), (19, 35), (19, 34), (19, 33), (19, 32), (19, 31), (19, 30), (19, 29), (19, 28), (19, 27), (19, 26), (19, 25), (19, 24), (19, 23), (19, 22), (19, 21), (18, 21), (17, 21), (16, 21), (15, 21), (14, 21), (13, 21), (12, 21), (11, 21), (10, 21), (10, 20), (10, 19), (10, 18), (10, 18)]}, 73)