

CBSS-C STATS
starts:[2430, 2774, 3083, 4956, 1998, 2455, 641, 4935, 4601, 2461]
targets:[2516, 2767, 4774, 4990, 3788, 4181, 3673, 2660, 987, 2514]
dests:[727, 3669, 4880, 4043, 4960, 1865, 1001, 269, 1390, 1467]
ac_dict:{2516: {0, 1}, 2767: {1, 2}, 4774: {2, 3}, 4990: {3, 4}, 3788: {4, 5}, 4181: {5, 6}, 3673: {6, 7}, 2660: {8, 7}, 987: {8, 9}, 727: {0}, 3669: {1}, 4880: {2}, 4043: {3}, 4960: {4}, 1865: {5}, 1001: {6}, 269: {7}, 1390: {8}, 1467: {9}}
clusters:[0 2 1 4 3 3 0 2 3 1]

round: 3
best_g_value: 639.0
open_list_size: 2
num_low_level_expanded: 4479
search_success: 1
search_time: 2.097942871041596
n_tsp_call: 12
n_tsp_time: 1.389514597132802
n_roots: 1
num_conflicts: 2
target_assignment: {3788: 4, 4990: 4, 2514: 1, 2516: 1, 2767: 1}
cluster_target_selection: {3: 3788, 4: 4990, 1: 2514, 0: 2516, 2: 2767}
num_nodes_transformed_graph: 34
agent_paths:({0: [(25, 37), (24, 37), (23, 37), (22, 37), (21, 37), (20, 37), (19, 37), (19, 36), (19, 35), (19, 34), (19, 33), (19, 32), (19, 31), (19, 30), (19, 29), (19, 28), (19, 27), (19, 26), (19, 25), (19, 24), (19, 23), (19, 22), (19, 21), (18, 21), (17, 21), (16, 21), (15, 21), (14, 21), (13, 21), (12, 21), (12, 20), (12, 19), (12, 18), (12, 17), (12, 16), (12, 15), (12, 14), (12, 13), (12, 12), (12, 11), (12, 11)], 1: [(44, 42), (44, 41), (44, 40), (44, 39), (44, 38), (45, 38), (46, 38), (45, 38), (44, 38), (43, 38), (42, 38), (41, 38), (40, 38), (39, 38), (38, 38), (37, 38), (37, 39), (37, 40), (37, 41), (37, 42), (36, 42), (35, 42), (34, 42), (33, 42), (32, 42), (31, 42), (30, 42), (29, 42), (29, 43), (29, 44), (29, 45), (29, 46), (29, 47), (29, 48), (29, 49), (29, 50), (29, 51), (29, 52), (29, 53), (29, 54), (29, 55), (29, 56), (29, 56)], 2: [(28, 47), (27, 47), (27, 48), (27, 49), (27, 50), (26, 50), (26, 51), (25, 51), (24, 51), (24, 52), (24, 53), (23, 53), (22, 53), (22, 54), (21, 54), (20, 54), (19, 54), (18, 54), (17, 54), (17, 55), (17, 56), (17, 57), (17, 58), (17, 59), (17, 60), (17, 61), (17, 62), (16, 62), (15, 62), (14, 62), (14, 63), (14, 64), (14, 65), (14, 66), (14, 67), (14, 68), (14, 69), (14, 70), (14, 71), (14, 72), (14, 73), (14, 74), (14, 75), (14, 76), (13, 76), (12, 76), (11, 76), (10, 76), (9, 76), (8, 76), (7, 76), (6, 76), (5, 76), (5, 75), (5, 75)], 3: [(16, 76), (15, 76), (14, 76), (14, 75), (14, 74), (14, 73), (14, 72), (14, 71), (14, 70), (14, 69), (14, 68), (14, 67), (14, 66), (14, 65), (14, 64), (14, 63), (13, 63), (13, 62), (13, 62)], 4: [(48, 30), (47, 30), (46, 30), (45, 30), (44, 30), (43, 30), (42, 30), (41, 30), (40, 30), (39, 30), (38, 30), (37, 30), (36, 30), (35, 30), (34, 30), (34, 29), (33, 29), (32, 29), (31, 29), (30, 29), (29, 29), (28, 29), (27, 29), (27, 30), (27, 31), (27, 32), (27, 33), (27, 34), (27, 35), (27, 36), (27, 37), (27, 38), (27, 39), (27, 40), (27, 41), (27, 42), (27, 43), (27, 44), (27, 45), (27, 46), (27, 47), (27, 48), (27, 49), (27, 50), (26, 50), (26, 51), (25, 51), (24, 51), (24, 52), (24, 53), (23, 53), (22, 53), (22, 54), (21, 54), (20, 54), (19, 54), (18, 54), (18, 55), (18, 56), (18, 57), (18, 58), (19, 58), (19, 59), (19, 60), (19, 61), (19, 62), (19, 63), (20, 63), (21, 63), (21, 64), (22, 64), (23, 64), (24, 64), (25, 64), (26, 64), (27, 64), (27, 65), (27, 66), (28, 66), (29, 66), (29, 67), (30, 67), (31, 67), (32, 67), (33, 67), (34, 67), (35, 67), (36, 67), (37, 67), (38, 67), (39, 67), (40, 67), (41, 67), (42, 67), (43, 67), (44, 67), (45, 67), (46, 67), (47, 67), (48, 67), (49, 67), (50, 67), (50, 68), (50, 69), (50, 70), (50, 71), (50, 72), (50, 73), (50, 74), (50, 75), (50, 76), (49, 76), (48, 76), (47, 76), (46, 76), (45, 76), (44, 76), (43, 76), (42, 76), (41, 76), (40, 76), (39, 76), (38, 76), (37, 76), (36, 76), (36, 75), (36, 74), (36, 73), (35, 73), (34, 73), (34, 72), (34, 71), (34, 70), (34, 69), (33, 69), (32, 69), (31, 69), (30, 69), (29, 69), (28, 69), (27, 69), (26, 69), (25, 69), (24, 69), (23, 69), (22, 69), (21, 69), (20, 69), (20, 70), (20, 71), (20, 72), (20, 73), (20, 74), (20, 75), (20, 76), (20, 76)], 5: [(50, 37), (50, 38), (49, 38), (48, 38), (47, 38), (47, 38), (47, 38), (46, 38), (45, 38), (44, 38), (43, 38), (42, 38), (41, 38), (40, 38), (39, 38), (38, 38), (38, 37), (37, 37), (36, 37), (35, 37), (34, 37), (34, 36), (34, 35), (33, 35), (32, 35), (31, 35), (30, 35), (29, 35), (29, 34), (29, 33), (29, 32), (29, 31), (29, 30), (29, 29), (29, 28), (30, 28), (31, 28), (32, 28), (33, 28), (34, 28), (35, 28), (36, 28), (37, 28), (38, 28), (39, 28), (40, 28), (41, 28), (42, 28), (43, 28), (44, 28), (45, 28), (45, 28)], 6: [(56, 9), (55, 9), (54, 9), (53, 9), (52, 9), (51, 9), (50, 9), (49, 9), (49, 10), (48, 10), (47, 10), (46, 10), (45, 10), (44, 10), (43, 10), (42, 10), (41, 10), (40, 10), (39, 10), (38, 10), (37, 10), (36, 10), (35, 10), (34, 10), (34, 11), (33, 11), (32, 11), (31, 11), (30, 11), (29, 11), (28, 11), (27, 11), (26, 11), (26, 12), (26, 13), (26, 14), (26, 15), (26, 15)], 7: [(60, 75), (59, 75), (58, 75), (57, 75), (56, 75), (55, 75), (54, 75), (53, 75), (52, 75), (51, 75), (50, 75), (49, 75), (48, 75), (47, 75), (46, 75), (45, 75), (44, 75), (43, 75), (42, 75), (41, 75), (40, 75), (39, 75), (38, 75), (37, 75), (36, 75), (36, 74), (36, 73), (35, 73), (34, 73), (34, 72), (34, 71), (34, 70), (34, 69), (33, 69), (32, 69), (31, 69), (30, 69), (29, 69), (28, 69), (27, 69), (27, 68), (27, 67), (27, 66), (27, 65), (27, 64), (27, 63), (27, 62), (27, 61), (27, 60), (27, 59), (27, 58), (27, 57), (27, 56), (27, 55), (27, 54), (27, 53), (27, 52), (27, 51), (27, 50), (27, 49), (27, 48), (27, 47), (27, 46), (27, 45), (26, 45), (26, 44), (25, 44), (24, 44), (23, 44), (22, 44), (21, 44), (20, 44), (20, 43), (20, 42), (19, 42), (19, 41), (19, 40), (19, 39), (19, 38), (19, 37), (19, 36), (19, 35), (19, 34), (19, 33), (19, 32), (19, 31), (19, 30), (19, 29), (19, 28), (19, 27), (19, 26), (19, 25), (19, 24), (19, 23), (19, 22), (19, 21), (18, 21), (17, 21), (16, 21), (15, 21), (14, 21), (13, 21), (12, 21), (11, 21), (10, 21), (9, 21), (9, 20), (9, 19), (9, 18), (9, 17), (9, 16), (9, 15), (9, 14), (9, 13), (9, 12), (9, 11), (9, 10), (9, 9), (9, 8), (9, 7), (9, 6), (9, 5), (9, 4), (9, 4)], 8: [(51, 70), (50, 70), (49, 70), (48, 70), (47, 70), (46, 70), (45, 70), (44, 70), (43, 70), (42, 70), (41, 70), (40, 70), (39, 70), (38, 70), (37, 70), (36, 70), (35, 70), (34, 70), (34, 69), (33, 69), (32, 69), (31, 69), (30, 69), (29, 69), (28, 69), (27, 69), (27, 68), (27, 67), (27, 66), (27, 65), (27, 64), (27, 63), (27, 62), (27, 61), (27, 60), (27, 59), (27, 58), (27, 57), (27, 56), (27, 55), (27, 54), (27, 53), (27, 52), (27, 51), (27, 50), (27, 49), (27, 48), (27, 47), (27, 46), (27, 45), (26, 45), (26, 44), (25, 44), (25, 43), (25, 42), (25, 41), (25, 40), (25, 39), (25, 38), (25, 37), (25, 36), (25, 35), (25, 34), (25, 33), (25, 32), (25, 31), (25, 30), (25, 29), (25, 28), (25, 27), (25, 26), (25, 25), (25, 24), (25, 23), (25, 22), (25, 21), (25, 21)], 9: [(56, 37), (55, 37), (54, 37), (53, 37), (52, 37), (51, 37), (50, 37), (50, 38), (49, 38), (48, 38), (47, 38), (46, 38), (45, 38), (44, 38), (43, 38), (42, 38), (41, 38), (40, 38), (39, 38), (38, 38), (37, 38), (37, 37), (36, 37), (35, 37), (34, 37), (34, 36), (34, 35), (33, 35), (32, 35), (31, 35), (30, 35), (29, 35), (29, 34), (29, 33), (29, 32), (29, 31), (29, 30), (29, 29), (29, 28), (29, 27), (30, 27), (31, 27), (32, 27), (33, 27), (34, 27), (34, 26), (35, 26), (35, 25), (35, 24), (35, 23), (35, 22), (36, 22), (37, 22), (37, 22)]}, 154)