

CBSS-C STATS
starts:[4405, 2594, 2302, 3674, 1944]
targets:[4928, 644, 4587, 3528, 3616, 4831, 573, 3773, 676, 2701]
dests:[2842, 4858, 921, 1648, 2383]
ac_dict:{4928: {0, 1}, 644: {1, 2}, 4587: {2, 3}, 3528: {3, 4}, 2842: {0}, 4858: {1}, 921: {2}, 1648: {3}, 2383: {4}}
clusters:[3 0 4 2 3 2 1 4 0 0]

round: 1
best_g_value: 429.0
open_list_size: 0
num_low_level_expanded: 2699
search_success: 1
search_time: 0.3260566289536655
n_tsp_call: 1
n_tsp_time: 0.2338904608041048
n_roots: 1
num_conflicts: 0
target_assignment: {573: 2, 3773: 3, 3528: 3, 2701: 1, 4928: 1}
cluster_target_selection: {1: 573, 4: 3773, 2: 3528, 0: 2701, 3: 4928}
num_nodes_transformed_graph: 48
agent_paths:({0: [(50, 67), (49, 67), (48, 67), (47, 67), (46, 67), (45, 67), (44, 67), (43, 67), (42, 67), (41, 67), (40, 67), (39, 67), (38, 67), (37, 67), (36, 67), (35, 67), (34, 67), (33, 67), (32, 67), (31, 67), (30, 67), (29, 67), (29, 66), (28, 66), (27, 66), (27, 65), (27, 64), (27, 63), (27, 62), (27, 61), (27, 60), (27, 59), (27, 58), (27, 57), (27, 56), (27, 55), (27, 54), (27, 53), (27, 52), (27, 51), (27, 50), (27, 49), (27, 48), (27, 47), (27, 46), (27, 45), (27, 44), (27, 43), (28, 43), (29, 43), (30, 43), (31, 43), (32, 43), (33, 43), (34, 43), (35, 43), (36, 43), (37, 43), (37, 42), (38, 42), (39, 42), (40, 42), (41, 42), (42, 42), (43, 42), (44, 42), (45, 42), (46, 42), (47, 42), (47, 43), (47, 43)], 1: [(59, 39), (58, 39), (57, 39), (56, 39), (55, 39), (54, 39), (53, 39), (52, 39), (51, 39), (50, 39), (49, 39), (48, 39), (47, 39), (46, 39), (45, 39), (44, 39), (43, 39), (42, 39), (41, 39), (40, 39), (39, 39), (38, 39), (37, 39), (36, 39), (36, 40), (36, 41), (36, 42), (36, 43), (36, 44), (35, 44), (34, 44), (33, 44), (32, 44), (31, 44), (30, 44), (30, 45), (29, 45), (29, 46), (29, 47), (29, 48), (29, 49), (29, 50), (29, 51), (29, 52), (29, 53), (29, 54), (29, 55), (29, 56), (29, 57), (29, 58), (29, 59), (29, 60), (29, 61), (29, 62), (28, 62), (27, 62), (27, 63), (27, 64), (27, 65), (27, 66), (28, 66), (29, 66), (29, 67), (30, 67), (31, 67), (32, 67), (33, 67), (34, 67), (35, 67), (36, 67), (37, 67), (38, 67), (39, 67), (40, 67), (41, 67), (42, 67), (43, 67), (44, 67), (45, 67), (46, 67), (47, 67), (48, 67), (49, 67), (50, 67), (51, 67), (52, 67), (53, 67), (53, 68), (53, 69), (53, 70), (53, 71), (53, 72), (53, 73), (53, 74), (53, 75), (52, 75), (51, 75), (50, 75), (49, 75), (48, 75), (48, 74), (48, 74)], 2: [(27, 35), (27, 34), (27, 33), (27, 32), (27, 31), (27, 30), (27, 29), (27, 28), (27, 27), (27, 26), (27, 25), (27, 24), (27, 23), (27, 22), (27, 21), (27, 20), (27, 19), (27, 18), (27, 17), (27, 16), (27, 15), (27, 14), (27, 13), (27, 12), (27, 11), (28, 11), (29, 11), (30, 11), (31, 11), (32, 11), (33, 11), (34, 11), (34, 10), (35, 10), (36, 10), (37, 10), (38, 10), (39, 10), (40, 10), (41, 10), (42, 10), (43, 10), (44, 10), (45, 10), (46, 10), (47, 10), (48, 10), (49, 10), (49, 9), (50, 9), (50, 8), (51, 8), (52, 8), (53, 8), (52, 8), (51, 8), (50, 8), (50, 9), (49, 9), (49, 10), (48, 10), (47, 10), (46, 10), (45, 10), (44, 10), (43, 10), (42, 10), (41, 10), (40, 10), (39, 10), (38, 10), (37, 10), (36, 10), (35, 10), (34, 10), (34, 11), (33, 11), (32, 11), (31, 11), (30, 11), (29, 11), (28, 11), (27, 11), (26, 11), (25, 11), (24, 11), (23, 11), (22, 11), (21, 11), (20, 11), (20, 12), (20, 13), (20, 14), (20, 15), (20, 16), (20, 17), (20, 18), (19, 18), (18, 18), (18, 19), (17, 19), (16, 19), (15, 19), (14, 19), (13, 19), (12, 19), (11, 19), (11, 18), (11, 17), (11, 16), (11, 15), (11, 14), (11, 14)], 3: [(34, 56), (33, 56), (32, 56), (31, 56), (30, 56), (29, 56), (28, 56), (27, 56), (26, 56), (25, 56), (24, 56), (23, 56), (22, 56), (21, 56), (20, 56), (19, 56), (18, 56), (17, 56), (16, 56), (15, 56), (14, 56), (13, 56), (12, 56), (11, 56), (10, 56), (9, 56), (8, 56), (7, 56), (6, 56), (5, 56), (4, 56), (3, 56), (3, 57), (3, 58), (3, 57), (3, 56), (3, 55), (3, 54), (4, 54), (5, 54), (6, 54), (7, 54), (8, 54), (9, 54), (10, 54), (11, 54), (12, 54), (13, 54), (14, 54), (15, 54), (16, 54), (17, 54), (18, 54), (19, 54), (20, 54), (21, 54), (22, 54), (22, 53), (23, 53), (24, 53), (24, 52), (24, 51), (25, 51), (26, 51), (26, 50), (27, 50), (27, 49), (27, 48), (27, 47), (27, 46), (27, 45), (26, 45), (26, 44), (25, 44), (24, 44), (23, 44), (23, 43), (23, 42), (23, 41), (23, 40), (23, 39), (23, 38), (23, 37), (23, 36), (23, 35), (23, 34), (23, 33), (23, 32), (23, 31), (23, 30), (23, 29), (23, 28), (23, 27), (23, 26), (23, 25), (23, 25)], 4: [(59, 29), (58, 29), (57, 29), (56, 29), (55, 29), (54, 29), (53, 29), (52, 29), (51, 29), (50, 29), (49, 29), (48, 29), (47, 29), (46, 29), (45, 29), (44, 29), (43, 29), (42, 29), (41, 29), (40, 29), (39, 29), (38, 29), (37, 29), (36, 29), (35, 29), (34, 29), (33, 29), (32, 29), (31, 29), (30, 29), (29, 29), (29, 30), (29, 31), (29, 32), (29, 33), (29, 34), (29, 35), (30, 35), (31, 35), (32, 35), (33, 35), (34, 35), (34, 36), (34, 37), (35, 37), (36, 37), (37, 37), (38, 37), (38, 38), (39, 38), (40, 38), (41, 38), (42, 38), (42, 37), (42, 36), (43, 36), (43, 36)]}, 111)