

CBSS-C STATS
starts:[655, 3605, 1872, 4806, 3529, 1383, 266, 5131, 4945, 830]
targets:[3738, 4698, 538, 760, 3823, 1986, 2518, 4675, 3825, 866, 1930, 5015, 1663, 2959, 1469]
dests:[3499, 3279, 2457, 2358, 4436, 2494, 848, 1272, 157, 2464]
ac_dict:{3738: {0, 1}, 4698: {1, 2}, 538: {2, 3}, 760: {3, 4}, 3823: {4, 5}, 1986: {5, 6}, 2518: {6, 7}, 4675: {8, 7}, 3825: {8, 9}, 3499: {0}, 3279: {1}, 2457: {2}, 2358: {3}, 4436: {4}, 2494: {5}, 848: {6}, 1272: {7}, 157: {8}, 2464: {9}}
clusters:[4 2 0 4 9 4 6 7 1 3 0 8 4 4 5]

round: 1
best_g_value: 822.0
open_list_size: 0
num_low_level_expanded: 5160
search_success: 1
search_time: 0.6527096722275019
n_tsp_call: 1
n_tsp_time: 0.38501433888450265
n_roots: 1
num_conflicts: 0
target_assignment: {5015: 8, 3823: 5, 866: 9, 3825: 9, 1930: 2, 4675: 7, 2518: 7, 1663: 7, 1469: 7, 4698: 1}
cluster_target_selection: {8: 5015, 9: 3823, 3: 866, 1: 3825, 0: 1930, 7: 4675, 6: 2518, 4: 1663, 5: 1469, 2: 4698}
num_nodes_transformed_graph: 58
agent_paths:({0: [(5, 10), (6, 10), (7, 10), (8, 10), (9, 10), (10, 10), (10, 11), (11, 11), (12, 11), (12, 12), (12, 13), (12, 14), (12, 15), (12, 16), (12, 17), (12, 18), (12, 19), (13, 19), (14, 19), (15, 19), (16, 19), (17, 19), (18, 19), (19, 19), (20, 19), (21, 19), (22, 19), (23, 19), (24, 19), (25, 19), (26, 19), (27, 19), (28, 19), (28, 20), (28, 21), (28, 22), (28, 23), (28, 24), (28, 25), (28, 26), (29, 26), (29, 27), (29, 28), (29, 29), (29, 30), (29, 31), (29, 32), (29, 33), (29, 34), (29, 35), (30, 35), (31, 35), (32, 35), (33, 35), (34, 35), (34, 36), (34, 37), (35, 37), (36, 37), (37, 37), (38, 37), (38, 38), (39, 38), (40, 38), (41, 38), (42, 38), (43, 38), (44, 38), (45, 38), (46, 38), (47, 38), (48, 38), (49, 38), (50, 38), (51, 38), (52, 38), (53, 38), (53, 39), (53, 40), (53, 41), (53, 42), (53, 43), (53, 44), (53, 45), (53, 46), (53, 47), (53, 48), (53, 49), (53, 50), (54, 50), (54, 51), (54, 52), (54, 53), (54, 53)], 1: [(30, 55), (29, 55), (28, 55), (27, 55), (26, 55), (25, 55), (24, 55), (23, 55), (22, 55), (21, 55), (20, 55), (19, 55), (18, 55), (18, 56), (18, 57), (18, 58), (18, 59), (18, 60), (18, 61), (18, 62), (18, 63), (18, 64), (18, 65), (18, 66), (18, 67), (18, 68), (18, 69), (18, 70), (18, 71), (18, 72), (18, 71), (18, 70), (18, 69), (18, 68), (18, 67), (18, 66), (18, 65), (18, 64), (18, 63), (18, 62), (18, 61), (18, 60), (18, 59), (18, 58), (18, 57), (18, 56), (18, 55), (18, 54), (19, 54), (20, 54), (21, 54), (22, 54), (22, 53), (23, 53), (24, 53), (24, 52), (24, 51), (25, 51), (26, 51), (26, 50), (27, 50), (28, 50), (29, 50), (29, 50)], 2: [(52, 28), (51, 28), (50, 28), (49, 28), (48, 28), (47, 28), (46, 28), (45, 28), (45, 29), (44, 29), (43, 29), (42, 29), (41, 29), (40, 29), (39, 29), (38, 29), (37, 29), (36, 29), (35, 29), (34, 29), (33, 29), (32, 29), (31, 29), (30, 29), (29, 29), (29, 30), (29, 31), (29, 32), (29, 33), (29, 34), (29, 35), (30, 35), (31, 35), (32, 35), (33, 35), (34, 35), (34, 36), (34, 37), (35, 37), (36, 37), (37, 37), (38, 37), (38, 38), (39, 38), (40, 38), (41, 38), (42, 38), (43, 38), (44, 38), (45, 38), (46, 38), (47, 38), (48, 38), (49, 38), (50, 38), (50, 37), (51, 37), (52, 37), (52, 37)], 3: [(61, 73), (60, 73), (59, 73), (58, 73), (57, 73), (56, 73), (55, 73), (54, 73), (53, 73), (52, 73), (51, 73), (50, 73), (49, 73), (48, 73), (47, 73), (46, 73), (45, 73), (44, 73), (43, 73), (42, 73), (41, 73), (40, 73), (39, 73), (38, 73), (37, 73), (36, 73), (35, 73), (34, 73), (34, 72), (34, 71), (34, 70), (34, 69), (33, 69), (32, 69), (31, 69), (30, 69), (29, 69), (28, 69), (27, 69), (27, 68), (27, 67), (27, 66), (27, 65), (27, 64), (27, 63), (27, 62), (27, 61), (27, 60), (27, 59), (27, 58), (27, 57), (27, 56), (27, 55), (27, 54), (27, 53), (27, 52), (27, 51), (27, 50), (27, 49), (27, 48), (27, 47), (27, 46), (27, 45), (26, 45), (26, 44), (25, 44), (24, 44), (23, 44), (22, 44), (21, 44), (20, 44), (20, 43), (20, 42), (19, 42), (19, 41), (19, 40), (19, 39), (19, 38), (19, 37), (18, 37), (18, 36), (18, 36)], 4: [(19, 54), (18, 54), (17, 54), (17, 55), (17, 56), (17, 57), (17, 58), (17, 59), (17, 60), (17, 61), (17, 62), (16, 62), (16, 63), (16, 64), (16, 65), (16, 66), (16, 67), (16, 68), (16, 68)], 5: [(18, 21), (19, 21), (20, 21), (21, 21), (22, 21), (23, 21), (24, 21), (25, 21), (26, 21), (27, 21), (28, 21), (28, 22), (28, 23), (28, 24), (28, 25), (28, 26), (29, 26), (29, 27), (29, 28), (29, 29), (29, 30), (29, 31), (29, 32), (29, 33), (29, 34), (29, 35), (30, 35), (31, 35), (32, 35), (33, 35), (34, 35), (34, 36), (34, 37), (35, 37), (36, 37), (37, 37), (38, 37), (38, 38), (39, 38), (40, 38), (41, 38), (42, 38), (43, 38), (44, 38), (45, 38), (46, 38), (47, 38), (48, 38), (49, 38), (50, 38), (51, 38), (52, 38), (53, 38), (53, 39), (53, 40), (53, 41), (53, 42), (53, 43), (53, 44), (53, 45), (53, 46), (53, 47), (53, 48), (53, 49), (53, 50), (53, 51), (53, 52), (53, 53), (53, 54), (53, 55), (53, 56), (53, 57), (53, 58), (52, 58), (52, 57), (52, 56), (52, 55), (52, 54), (52, 53), (52, 52), (52, 51), (52, 50), (52, 49), (52, 48), (51, 48), (51, 47), (51, 46), (51, 45), (50, 45), (49, 45), (48, 45), (47, 45), (47, 44), (47, 43), (47, 42), (46, 42), (45, 42), (44, 42), (43, 42), (42, 42), (41, 42), (40, 42), (39, 42), (38, 42), (37, 42), (36, 42), (35, 42), (34, 42), (33, 42), (32, 42), (31, 42), (30, 42), (29, 42), (28, 42), (27, 42), (26, 42), (25, 42), (24, 42), (24, 41), (24, 40), (24, 39), (24, 38), (24, 38)], 6: [(6, 4), (5, 4), (4, 4), (4, 5), (3, 5), (3, 6), (3, 7), (3, 8), (3, 9), (3, 10), (3, 11), (3, 12), (3, 13), (3, 13)], 7: [(61, 78), (60, 78), (60, 77), (60, 76), (60, 75), (60, 74), (60, 73), (60, 72), (60, 71), (59, 71), (58, 71), (57, 71), (56, 71), (55, 71), (54, 71), (53, 71), (52, 71), (51, 71), (50, 71), (49, 71), (48, 71), (48, 70), (48, 69), (48, 68), (48, 67), (47, 67), (46, 67), (45, 67), (44, 67), (43, 67), (42, 67), (41, 67), (40, 67), (39, 67), (38, 67), (37, 67), (36, 67), (35, 67), (34, 67), (33, 67), (32, 67), (31, 67), (30, 67), (29, 67), (29, 66), (28, 66), (27, 66), (27, 65), (27, 64), (27, 63), (27, 62), (27, 61), (27, 60), (27, 59), (27, 58), (27, 57), (27, 56), (27, 55), (27, 54), (27, 53), (27, 52), (27, 51), (27, 50), (27, 49), (27, 48), (27, 47), (27, 46), (27, 45), (27, 44), (27, 43), (27, 42), (27, 41), (27, 40), (27, 39), (27, 38), (28, 38), (29, 38), (30, 38), (31, 38), (32, 38), (33, 38), (34, 38), (35, 38), (36, 38), (37, 38), (38, 38), (39, 38), (40, 38), (41, 38), (42, 38), (43, 38), (44, 38), (45, 38), (46, 38), (47, 38), (48, 38), (47, 38), (46, 38), (45, 38), (44, 38), (43, 38), (42, 38), (41, 38), (40, 38), (39, 38), (38, 38), (38, 37), (37, 37), (36, 37), (35, 37), (34, 37), (34, 36), (34, 35), (33, 35), (32, 35), (31, 35), (30, 35), (29, 35), (29, 34), (29, 33), (29, 32), (29, 31), (29, 30), (29, 29), (29, 28), (29, 27), (30, 27), (31, 27), (32, 27), (33, 27), (34, 27), (34, 26), (35, 26), (35, 25), (36, 25), (37, 25), (38, 25), (38, 24), (38, 23), (38, 22), (39, 22), (38, 22), (37, 22), (37, 21), (37, 20), (37, 19), (37, 19)], 8: [(5, 76), (6, 76), (7, 76), (8, 76), (9, 76), (10, 76), (10, 77), (10, 76), (11, 76), (12, 76), (13, 76), (14, 76), (14, 75), (14, 74), (14, 73), (14, 72), (14, 71), (14, 70), (14, 69), (14, 68), (14, 67), (14, 66), (14, 65), (14, 64), (14, 63), (14, 62), (15, 62), (16, 62), (17, 62), (17, 61), (17, 60), (17, 59), (17, 58), (17, 57), (17, 56), (17, 55), (17, 54), (18, 54), (19, 54), (20, 54), (21, 54), (22, 54), (22, 53), (23, 53), (24, 53), (24, 52), (24, 51), (25, 51), (26, 51), (26, 50), (27, 50), (27, 49), (27, 48), (27, 47), (27, 46), (27, 45), (27, 44), (27, 43), (27, 42), (27, 41), (27, 40), (27, 39), (27, 38), (27, 37), (27, 36), (27, 35), (27, 34), (27, 33), (27, 32), (27, 31), (27, 30), (27, 29), (27, 28), (27, 27), (27, 26), (27, 25), (27, 24), (27, 23), (27, 22), (27, 21), (27, 20), (27, 19), (27, 18), (27, 17), (27, 16), (27, 15), (27, 14), (27, 13), (27, 12), (27, 11), (27, 10), (27, 9), (27, 8), (27, 7), (27, 6), (27, 5), (27, 4), (27, 3), (27, 2), (27, 2)], 9: [(50, 12), (49, 12), (48, 12), (47, 12), (46, 12), (45, 12), (44, 12), (43, 12), (42, 12), (41, 12), (40, 12), (39, 12), (38, 12), (37, 12), (36, 12), (35, 12), (34, 12), (33, 12), (32, 12), (31, 12), (30, 12), (29, 12), (28, 12), (27, 12), (26, 12), (25, 12), (24, 12), (23, 12), (22, 12), (21, 12), (21, 13), (22, 13), (23, 13), (24, 13), (25, 13), (26, 13), (27, 13), (27, 14), (27, 15), (27, 16), (27, 17), (27, 18), (28, 18), (28, 19), (28, 20), (28, 21), (28, 22), (28, 23), (28, 24), (28, 25), (28, 26), (29, 26), (29, 27), (29, 28), (29, 29), (29, 30), (29, 31), (29, 32), (29, 33), (29, 34), (29, 35), (30, 35), (31, 35), (32, 35), (33, 35), (34, 35), (34, 36), (34, 37), (35, 37), (36, 37), (37, 37), (38, 37), (38, 38), (39, 38), (40, 38), (41, 38), (42, 38), (43, 38), (44, 38), (45, 38), (46, 38), (47, 38), (48, 38), (49, 38), (50, 38), (51, 38), (52, 38), (53, 38), (53, 39), (53, 40), (53, 41), (53, 42), (53, 43), (53, 44), (53, 45), (53, 46), (53, 47), (53, 48), (53, 49), (53, 50), (54, 50), (55, 50), (55, 51), (55, 52), (55, 53), (55, 54), (55, 55), (55, 56), (55, 57), (55, 58), (55, 57), (55, 56), (55, 55), (55, 54), (55, 53), (55, 52), (55, 51), (55, 50), (54, 50), (53, 50), (53, 49), (53, 48), (53, 47), (53, 46), (53, 45), (53, 44), (53, 43), (53, 42), (53, 41), (53, 40), (53, 39), (53, 38), (53, 37), (54, 37), (55, 37), (56, 37), (57, 37), (58, 37), (59, 37), (59, 37)]}, 145)