

CBSS-C STATS
starts:[5068, 2560, 1401, 4895, 2004]
targets:[1719, 1941, 4773, 4635, 3107, 1400, 706, 4589, 4501, 3620]
dests:[2712, 4731, 1189, 201, 3813]
ac_dict:{1719: {0, 1}, 1941: {1, 2}, 4773: {2, 3}, 4635: {3, 4}, 2712: {0}, 4731: {1}, 1189: {2}, 201: {3}, 3813: {4}}
clusters:[1 0 1 0 0 0 0 1 1 1]

round: 2
best_g_value: 352.0
open_list_size: 1
num_low_level_expanded: 3903
search_success: 1
search_time: 0.2692555687390268
n_tsp_call: 1
n_tsp_time: 0.17830656934529543
n_roots: 1
num_conflicts: 1
target_assignment: {4589: 0, 1400: 2}
cluster_target_selection: {1: 4589, 0: 1400}
num_nodes_transformed_graph: 48
agent_paths:({0: [(63, 77), (62, 77), (61, 77), (60, 77), (59, 77), (58, 77), (58, 76), (57, 76), (56, 76), (55, 76), (54, 76), (53, 76), (52, 76), (51, 76), (50, 76), (49, 76), (48, 76), (47, 76), (46, 76), (45, 76), (44, 76), (43, 76), (42, 76), (41, 76), (40, 76), (39, 76), (39, 75), (39, 74), (39, 73), (39, 72), (39, 71), (39, 70), (39, 69), (39, 68), (38, 68), (37, 68), (36, 68), (35, 68), (34, 68), (34, 67), (33, 67), (32, 67), (31, 67), (30, 67), (29, 67), (29, 66), (28, 66), (27, 66), (27, 65), (27, 64), (27, 63), (27, 62), (27, 61), (27, 60), (27, 59), (27, 58), (27, 57), (27, 56), (27, 55), (27, 54), (27, 53), (27, 52), (27, 51), (27, 50), (27, 49), (27, 48), (27, 47), (27, 46), (27, 45), (27, 44), (27, 43), (27, 42), (27, 41), (28, 41), (29, 41), (30, 41), (31, 41), (32, 41), (33, 41), (34, 41), (35, 41), (36, 41), (37, 41), (38, 41), (39, 41), (40, 41), (41, 41), (42, 41), (43, 41), (44, 41), (45, 41), (46, 41), (47, 41), (47, 41)], 1: [(25, 39), (26, 39), (27, 39), (27, 40), (27, 41), (27, 42), (27, 43), (27, 44), (27, 45), (27, 46), (27, 47), (27, 48), (27, 49), (27, 50), (27, 51), (27, 52), (27, 53), (27, 54), (27, 55), (27, 56), (27, 57), (27, 58), (27, 59), (27, 60), (27, 61), (27, 62), (27, 63), (27, 64), (27, 65), (27, 66), (28, 66), (29, 66), (29, 67), (30, 67), (31, 67), (32, 67), (33, 67), (34, 67), (35, 67), (36, 67), (37, 67), (38, 67), (39, 67), (40, 67), (41, 67), (42, 67), (43, 67), (44, 67), (45, 67), (46, 67), (47, 67), (48, 67), (49, 67), (50, 67), (51, 67), (51, 68), (51, 69), (51, 70), (51, 71), (51, 72), (51, 72)], 2: [(36, 21), (35, 21), (35, 22), (35, 23), (35, 24), (35, 25), (35, 26), (34, 26), (34, 27), (33, 27), (32, 27), (31, 27), (30, 27), (29, 27), (28, 27), (27, 27), (26, 27), (25, 27), (24, 27), (23, 27), (22, 27), (21, 27), (20, 27), (19, 27), (19, 26), (19, 25), (19, 24), (19, 23), (19, 22), (19, 21), (19, 20), (19, 19), (19, 18), (19, 18)], 3: [(20, 75), (20, 74), (20, 73), (20, 72), (20, 71), (20, 70), (20, 69), (20, 68), (20, 67), (20, 66), (20, 65), (20, 64), (21, 64), (22, 64), (23, 64), (24, 64), (24, 63), (25, 63), (25, 62), (25, 61), (25, 60), (25, 59), (25, 58), (25, 57), (25, 56), (25, 55), (25, 54), (25, 53), (25, 52), (25, 51), (26, 51), (26, 50), (27, 50), (27, 49), (27, 48), (27, 47), (27, 46), (27, 45), (26, 45), (26, 44), (25, 44), (24, 44), (23, 44), (22, 44), (21, 44), (20, 44), (20, 43), (20, 42), (19, 42), (19, 41), (19, 40), (19, 39), (19, 38), (19, 37), (19, 36), (19, 35), (19, 34), (19, 33), (19, 32), (19, 31), (19, 30), (19, 29), (19, 28), (19, 27), (19, 26), (19, 25), (19, 24), (19, 23), (19, 22), (19, 21), (18, 21), (17, 21), (16, 21), (15, 21), (14, 21), (13, 21), (12, 21), (11, 21), (10, 21), (9, 21), (9, 20), (9, 19), (9, 18), (9, 17), (9, 16), (9, 15), (8, 15), (7, 15), (6, 15), (6, 14), (6, 13), (6, 12), (6, 11), (6, 10), (6, 9), (6, 8), (6, 7), (6, 6), (6, 5), (6, 4), (6, 3), (6, 3)], 4: [(54, 30), (53, 30), (52, 30), (51, 30), (50, 30), (49, 30), (48, 30), (47, 30), (46, 30), (45, 30), (44, 30), (43, 30), (42, 30), (41, 30), (40, 30), (39, 30), (38, 30), (37, 30), (36, 30), (35, 30), (34, 30), (34, 29), (33, 29), (32, 29), (31, 29), (30, 29), (29, 29), (29, 30), (29, 31), (29, 32), (29, 33), (29, 34), (29, 35), (29, 36), (29, 37), (29, 38), (29, 39), (29, 40), (29, 41), (29, 42), (29, 43), (29, 44), (29, 45), (29, 46), (29, 47), (29, 48), (29, 49), (29, 50), (30, 50), (30, 51), (31, 51), (32, 51), (33, 51), (33, 52), (33, 53), (34, 53), (35, 53), (36, 53), (37, 53), (38, 53), (39, 53), (40, 53), (41, 53), (42, 53), (43, 53), (43, 54), (43, 55), (43, 56), (43, 57), (43, 58), (43, 58)]}, 100)