

CBSS-C STATS
starts:[774, 3978, 2005, 3554, 418, 872, 4046, 4439, 792, 1843]
targets:[1440, 573, 3579, 2960, 654, 3728, 4985, 3346, 4332, 199]
dests:[2619, 3148, 1533, 3796, 4869, 4883, 1514, 1923, 2698, 2701]
ac_dict:{1440: {0, 1}, 573: {1, 2}, 3579: {2, 3}, 2960: {3, 4}, 654: {4, 5}, 3728: {5, 6}, 4985: {6, 7}, 3346: {8, 7}, 4332: {8, 9}, 2619: {0}, 3148: {1}, 1533: {2}, 3796: {3}, 4869: {4}, 4883: {5}, 1514: {6}, 1923: {7}, 2698: {8}, 2701: {9}}
clusters:[3 0 4 2 2 3 4 0 1 1]

round: 2
best_g_value: 621.0
open_list_size: 1
num_low_level_expanded: 4385
search_success: 1
search_time: 0.351946750190109
n_tsp_call: 1
n_tsp_time: 0.18259966699406505
n_roots: 1
num_conflicts: 1
target_assignment: {3346: 7, 2960: 4, 3728: 5, 3579: 3, 199: 8}
cluster_target_selection: {0: 3346, 2: 2960, 3: 3728, 4: 3579, 1: 199}
num_nodes_transformed_graph: 48
agent_paths:({0: [(59, 11), (58, 11), (57, 11), (56, 11), (55, 11), (54, 11), (53, 11), (52, 11), (51, 11), (50, 11), (49, 11), (48, 11), (47, 11), (46, 11), (45, 11), (44, 11), (43, 11), (42, 11), (41, 11), (40, 11), (39, 11), (38, 11), (37, 11), (36, 11), (35, 11), (34, 11), (33, 11), (32, 11), (31, 11), (30, 11), (29, 11), (28, 11), (27, 11), (26, 11), (25, 11), (24, 11), (23, 11), (22, 11), (21, 11), (20, 11), (20, 12), (20, 13), (20, 14), (20, 15), (20, 16), (20, 17), (20, 18), (20, 19), (20, 20), (20, 21), (20, 22), (20, 23), (20, 24), (20, 25), (20, 26), (20, 27), (19, 27), (19, 28), (19, 29), (19, 30), (19, 31), (19, 32), (19, 33), (19, 34), (19, 35), (19, 36), (19, 37), (19, 38), (19, 39), (19, 40), (19, 40)], 1: [(13, 61), (14, 61), (14, 62), (15, 62), (16, 62), (17, 62), (17, 61), (17, 60), (17, 59), (17, 58), (17, 57), (17, 56), (17, 55), (17, 54), (18, 54), (19, 54), (20, 54), (21, 54), (22, 54), (22, 53), (23, 53), (24, 53), (24, 52), (24, 51), (25, 51), (26, 51), (26, 50), (27, 50), (27, 49), (27, 48), (28, 48), (28, 48)], 2: [(55, 30), (54, 30), (53, 30), (52, 30), (51, 30), (50, 30), (49, 30), (48, 30), (47, 30), (46, 30), (45, 30), (44, 30), (43, 30), (42, 30), (41, 30), (40, 30), (39, 30), (38, 30), (38, 29), (38, 28), (38, 27), (38, 26), (38, 25), (38, 24), (38, 23), (38, 23)], 3: [(44, 54), (43, 54), (42, 54), (41, 54), (40, 54), (39, 54), (38, 54), (37, 54), (36, 54), (35, 54), (34, 54), (33, 54), (32, 54), (31, 54), (30, 54), (29, 54), (28, 54), (27, 54), (26, 54), (25, 54), (24, 54), (23, 54), (22, 54), (21, 54), (20, 54), (19, 54), (18, 54), (17, 54), (16, 54), (15, 54), (14, 54), (13, 54), (12, 54), (11, 54), (10, 54), (9, 54), (8, 54), (7, 54), (6, 54), (5, 54), (4, 54), (4, 55), (5, 55), (6, 55), (7, 55), (8, 55), (9, 55), (10, 55), (11, 55), (12, 55), (13, 55), (14, 55), (15, 55), (16, 55), (17, 55), (18, 55), (19, 55), (20, 55), (21, 55), (22, 55), (23, 55), (24, 55), (25, 55), (26, 55), (26, 56), (26, 57), (26, 58), (26, 58)], 4: [(28, 6), (28, 7), (28, 8), (28, 9), (28, 10), (28, 11), (28, 12), (28, 13), (28, 14), (27, 14), (27, 15), (27, 16), (27, 17), (27, 18), (28, 18), (28, 19), (28, 20), (28, 21), (28, 22), (28, 23), (28, 24), (28, 25), (28, 26), (29, 26), (29, 27), (29, 28), (29, 29), (29, 30), (29, 31), (29, 32), (29, 33), (29, 34), (29, 35), (30, 35), (31, 35), (32, 35), (33, 35), (34, 35), (34, 36), (34, 37), (35, 37), (35, 38), (35, 39), (35, 40), (35, 41), (35, 42), (35, 43), (35, 44), (35, 45), (34, 45), (34, 44), (33, 44), (32, 44), (31, 44), (30, 44), (30, 45), (29, 45), (29, 46), (29, 47), (29, 48), (29, 49), (29, 50), (29, 51), (29, 52), (29, 53), (29, 54), (29, 55), (29, 56), (29, 57), (29, 58), (29, 59), (29, 60), (29, 61), (29, 62), (28, 62), (27, 62), (27, 63), (27, 64), (27, 65), (27, 66), (28, 66), (29, 66), (29, 67), (30, 67), (31, 67), (32, 67), (33, 67), (34, 67), (35, 67), (36, 67), (37, 67), (38, 67), (39, 67), (40, 67), (41, 67), (42, 67), (43, 67), (44, 67), (45, 67), (46, 67), (47, 67), (48, 67), (49, 67), (50, 67), (51, 67), (52, 67), (53, 67), (54, 67), (55, 67), (56, 67), (57, 67), (58, 67), (59, 67), (59, 68), (59, 69), (59, 70), (59, 71), (59, 72), (59, 73), (59, 74), (59, 74)], 5: [(27, 13), (27, 14), (27, 15), (27, 16), (27, 17), (27, 18), (27, 19), (27, 20), (27, 21), (27, 22), (27, 23), (27, 24), (27, 25), (27, 26), (27, 27), (27, 28), (27, 29), (27, 30), (27, 31), (27, 32), (27, 33), (27, 34), (27, 35), (27, 36), (27, 37), (27, 38), (27, 39), (27, 40), (27, 41), (27, 42), (27, 43), (27, 44), (27, 45), (27, 46), (27, 47), (27, 48), (27, 49), (27, 50), (26, 50), (26, 51), (25, 51), (24, 51), (24, 52), (24, 53), (23, 53), (23, 54), (23, 55), (23, 56), (23, 57), (22, 57), (21, 57), (20, 57), (19, 57), (18, 57), (17, 57), (17, 58), (17, 59), (17, 60), (17, 61), (17, 62), (16, 62), (15, 62), (14, 62), (14, 63), (14, 64), (14, 65), (14, 66), (14, 67), (14, 68), (14, 69), (14, 70), (14, 71), (14, 72), (14, 73), (14, 74), (14, 75), (14, 76), (13, 76), (12, 76), (11, 76), (10, 76), (9, 76), (8, 76), (8, 75), (8, 75)], 6: [(16, 62), (17, 62), (17, 61), (17, 60), (17, 59), (17, 58), (17, 57), (17, 56), (17, 55), (17, 54), (18, 54), (19, 54), (20, 54), (21, 54), (22, 54), (22, 53), (23, 53), (24, 53), (24, 52), (24, 51), (25, 51), (26, 51), (26, 50), (27, 50), (27, 49), (27, 48), (27, 47), (27, 46), (27, 45), (26, 45), (26, 44), (25, 44), (24, 44), (23, 44), (22, 44), (21, 44), (20, 44), (20, 43), (20, 42), (19, 42), (19, 41), (19, 40), (19, 39), (19, 38), (19, 37), (19, 36), (19, 35), (19, 34), (19, 33), (19, 32), (19, 31), (19, 30), (19, 29), (19, 28), (19, 27), (19, 26), (19, 25), (19, 24), (19, 23), (19, 23)], 7: [(19, 68), (19, 67), (19, 66), (19, 65), (19, 64), (19, 63), (19, 62), (19, 61), (19, 60), (19, 59), (19, 58), (19, 57), (19, 56), (19, 55), (19, 54), (20, 54), (21, 54), (22, 54), (22, 53), (23, 53), (24, 53), (24, 52), (24, 51), (25, 51), (26, 51), (27, 51), (28, 51), (29, 51), (30, 51), (31, 51), (30, 51), (30, 50), (29, 50), (29, 49), (29, 48), (29, 47), (29, 46), (29, 45), (29, 44), (29, 43), (29, 42), (29, 41), (29, 40), (29, 39), (29, 38), (29, 37), (29, 36), (29, 35), (29, 34), (29, 33), (29, 32), (29, 31), (29, 30), (29, 29), (30, 29), (31, 29), (32, 29), (33, 29), (34, 29), (35, 29), (36, 29), (37, 29), (38, 29), (38, 29)], 8: [(12, 12), (11, 12), (10, 12), (9, 12), (8, 12), (7, 12), (6, 12), (5, 12), (4, 12), (4, 11), (4, 10), (4, 9), (4, 8), (4, 7), (4, 6), (4, 5), (4, 4), (4, 3), (5, 3), (6, 3), (7, 3), (8, 3), (9, 3), (10, 3), (10, 4), (10, 5), (10, 6), (10, 7), (10, 8), (10, 9), (10, 10), (10, 11), (11, 11), (12, 11), (12, 12), (12, 13), (12, 14), (12, 15), (12, 16), (12, 17), (12, 18), (12, 19), (13, 19), (14, 19), (15, 19), (16, 19), (17, 19), (18, 19), (19, 19), (20, 19), (21, 19), (22, 19), (23, 19), (24, 19), (25, 19), (26, 19), (27, 19), (28, 19), (28, 20), (28, 21), (28, 22), (28, 23), (28, 24), (28, 25), (28, 26), (29, 26), (29, 27), (29, 28), (29, 29), (29, 30), (29, 31), (29, 32), (29, 33), (29, 34), (29, 35), (30, 35), (31, 35), (32, 35), (33, 35), (33, 36), (33, 37), (33, 38), (33, 39), (33, 40), (33, 41), (33, 41)], 9: [(23, 28), (24, 28), (25, 28), (26, 28), (27, 28), (28, 28), (29, 28), (29, 29), (29, 30), (29, 31), (29, 32), (29, 33), (29, 34), (29, 35), (30, 35), (31, 35), (32, 35), (33, 35), (34, 35), (34, 36), (34, 37), (35, 37), (36, 37), (36, 38), (36, 39), (36, 40), (36, 41), (36, 41)]}, 119)