

CBSS-C STATS
starts:[4635, 1132, 3485, 2897, 4590, 3695, 2639, 5012, 5079, 2393]
targets:[1190, 764, 1262, 2894, 4555, 149, 2790, 988, 889, 4501]
dests:[1663, 4657, 686, 887, 2467, 1678, 465, 1646, 2571, 1810]
ac_dict:{1190: {0, 1}, 764: {1, 2}, 1262: {2, 3}, 2894: {3, 4}, 4555: {4, 5}, 149: {5, 6}, 2790: {6, 7}, 988: {8, 7}, 889: {8, 9}, 1663: {0}, 4657: {1}, 686: {2}, 887: {3}, 2467: {4}, 1678: {5}, 465: {6}, 1646: {7}, 2571: {8}, 1810: {9}}
clusters:[3 2 2 4 0 2 2 4 1 2]

round: 288
best_g_value: 841.0
open_list_size: 287
num_low_level_expanded: 413748
search_success: 1
search_time: 33.20236829016358
n_tsp_call: 15
n_tsp_time: 1.7640935061499476
n_roots: 1
num_conflicts: 287
target_assignment: {1190: 1, 889: 9, 2894: 3, 4555: 4, 4501: 4}
cluster_target_selection: {3: 1190, 1: 889, 4: 2894, 0: 4555, 2: 4501}
num_nodes_transformed_graph: 34
agent_paths:({0: [(20, 71), (20, 70), (20, 69), (20, 68), (20, 67), (20, 66), (20, 65), (20, 64), (21, 64), (22, 64), (23, 64), (24, 64), (24, 63), (25, 63), (25, 62), (25, 61), (25, 60), (25, 59), (25, 58), (25, 57), (25, 56), (25, 55), (25, 54), (25, 53), (25, 52), (25, 51), (26, 51), (26, 50), (27, 50), (27, 49), (27, 48), (27, 47), (27, 46), (27, 45), (27, 44), (27, 43), (27, 42), (28, 42), (28, 41), (28, 40), (28, 39), (28, 38), (28, 37), (28, 36), (28, 35), (28, 34), (28, 33), (28, 32), (28, 31), (28, 30), (28, 29), (28, 28), (28, 27), (29, 27), (30, 27), (31, 27), (32, 27), (33, 27), (34, 27), (34, 26), (35, 26), (35, 25), (36, 25), (37, 25), (38, 25), (38, 25)], 1: [(27, 17), (26, 17), (25, 17), (24, 17), (23, 17), (22, 17), (21, 17), (20, 17), (20, 18), (21, 18), (22, 18), (23, 18), (24, 18), (25, 18), (26, 18), (27, 18), (27, 19), (27, 20), (27, 21), (27, 22), (27, 23), (27, 24), (27, 25), (27, 26), (27, 27), (27, 28), (27, 29), (27, 30), (27, 31), (27, 32), (27, 33), (27, 34), (27, 35), (27, 36), (27, 37), (27, 38), (27, 39), (27, 40), (27, 41), (27, 42), (27, 43), (27, 44), (27, 45), (27, 46), (27, 47), (27, 48), (27, 49), (27, 50), (27, 51), (27, 52), (27, 53), (27, 54), (27, 55), (27, 56), (27, 57), (27, 58), (27, 59), (27, 60), (27, 61), (27, 62), (27, 63), (27, 64), (27, 65), (27, 66), (28, 66), (29, 66), (29, 67), (30, 67), (31, 67), (32, 67), (33, 67), (34, 67), (35, 67), (36, 67), (37, 67), (38, 67), (39, 67), (40, 67), (41, 67), (42, 67), (42, 68), (42, 69), (42, 70), (42, 71), (42, 71)], 2: [(40, 53), (39, 53), (38, 53), (37, 53), (36, 53), (35, 53), (34, 53), (33, 53), (33, 52), (33, 51), (32, 51), (31, 51), (30, 51), (30, 50), (29, 50), (29, 49), (29, 48), (29, 47), (29, 46), (29, 45), (29, 44), (29, 43), (29, 42), (29, 41), (29, 40), (29, 39), (29, 38), (29, 37), (29, 36), (29, 36), (29, 35), (29, 34), (29, 33), (29, 32), (29, 31), (29, 30), (29, 29), (29, 28), (29, 27), (29, 26), (28, 26), (28, 25), (28, 24), (28, 23), (28, 22), (28, 21), (28, 20), (28, 19), (28, 18), (27, 18), (27, 17), (27, 16), (27, 15), (27, 14), (27, 13), (27, 12), (27, 11), (28, 11), (29, 11), (30, 11), (31, 11), (32, 11), (33, 11), (34, 11), (34, 10), (35, 10), (36, 10), (36, 10)], 3: [(37, 44), (36, 44), (35, 44), (34, 44), (34, 43), (34, 42), (34, 41), (34, 40), (34, 39), (34, 38), (34, 37), (34, 36), (34, 35), (33, 35), (32, 35), (31, 35), (30, 35), (29, 35), (29, 34), (29, 33), (29, 32), (29, 31), (29, 30), (29, 29), (29, 28), (29, 27), (29, 26), (28, 26), (28, 25), (28, 24), (28, 23), (28, 22), (28, 21), (28, 20), (28, 19), (28, 18), (27, 18), (27, 17), (27, 16), (27, 15), (27, 14), (27, 13), (28, 13), (29, 13), (30, 13), (31, 13), (32, 13), (33, 13), (34, 13), (35, 13), (36, 13), (37, 13), (38, 13), (39, 13), (40, 13), (41, 13), (42, 13), (42, 13)], 4: [(40, 70), (39, 70), (38, 70), (37, 70), (36, 70), (35, 70), (34, 70), (34, 69), (33, 69), (32, 69), (31, 69), (30, 69), (29, 69), (28, 69), (27, 69), (26, 69), (25, 69), (24, 69), (23, 69), (22, 69), (21, 69), (20, 69), (19, 69), (18, 69), (17, 69), (16, 69), (15, 69), (14, 69), (14, 70), (14, 71), (14, 72), (14, 73), (14, 74), (14, 75), (14, 76), (13, 76), (12, 76), (11, 76), (10, 76), (9, 76), (8, 76), (7, 76), (6, 76), (5, 76), (5, 75), (5, 74), (5, 73), (5, 72), (5, 71), (5, 70), (6, 70), (7, 70), (8, 70), (9, 70), (9, 71), (9, 72), (9, 73), (9, 74), (9, 75), (9, 76), (10, 76), (11, 76), (12, 76), (13, 76), (14, 76), (14, 75), (14, 74), (14, 73), (14, 72), (14, 71), (14, 70), (14, 69), (15, 69), (16, 69), (16, 68), (16, 67), (16, 66), (16, 65), (16, 64), (16, 63), (16, 62), (17, 62), (17, 61), (17, 60), (17, 59), (17, 58), (17, 57), (17, 56), (17, 55), (17, 54), (18, 54), (19, 54), (20, 54), (21, 54), (22, 54), (22, 53), (23, 53), (24, 53), (24, 52), (24, 51), (25, 51), (26, 51), (26, 50), (27, 50), (27, 49), (27, 48), (27, 47), (27, 46), (27, 45), (27, 44), (27, 43), (27, 42), (27, 41), (27, 40), (27, 39), (27, 38), (28, 38), (29, 38), (30, 38), (31, 38), (32, 38), (33, 38), (34, 38), (35, 38), (36, 38), (37, 38), (38, 38), (39, 38), (40, 38), (41, 38), (42, 38), (43, 38), (44, 38), (45, 38), (46, 38), (47, 38), (48, 38), (49, 38), (50, 38), (50, 37), (51, 37), (52, 37), (53, 37), (54, 37), (55, 37), (56, 37), (57, 37), (58, 37), (59, 37), (60, 37), (61, 37), (62, 37), (62, 37)], 5: [(55, 56), (54, 56), (53, 56), (53, 55), (53, 54), (53, 53), (53, 52), (53, 51), (53, 50), (53, 49), (53, 48), (53, 47), (53, 46), (53, 45), (53, 44), (53, 43), (53, 42), (53, 41), (53, 40), (53, 39), (53, 38), (52, 38), (51, 38), (50, 38), (49, 38), (48, 38), (47, 38), (46, 38), (45, 38), (44, 38), (43, 38), (42, 38), (41, 38), (40, 38), (39, 38), (38, 38), (38, 37), (37, 37), (36, 37), (35, 37), (34, 37), (34, 36), (34, 35), (33, 35), (32, 35), (31, 35), (30, 35), (29, 35), (29, 34), (29, 33), (29, 32), (29, 31), (29, 30), (29, 29), (29, 28), (29, 27), (30, 27), (31, 27), (32, 27), (33, 27), (34, 27), (35, 27), (36, 27), (37, 27), (38, 27), (39, 27), (40, 27), (41, 27), (42, 27), (43, 27), (44, 27), (45, 27), (46, 27), (47, 27), (48, 27), (49, 27), (50, 27), (51, 27), (51, 26), (51, 25), (52, 25), (53, 25), (53, 25)], 6: [(39, 40), (38, 40), (37, 40), (36, 40), (35, 40), (34, 40), (33, 40), (32, 40), (31, 40), (30, 40), (29, 40), (28, 40), (27, 40), (26, 40), (25, 40), (24, 40), (23, 40), (22, 40), (21, 40), (20, 40), (19, 40), (19, 39), (19, 38), (19, 37), (19, 36), (19, 35), (19, 34), (19, 33), (19, 32), (19, 31), (19, 30), (19, 29), (19, 28), (19, 27), (19, 26), (19, 25), (19, 24), (19, 23), (19, 22), (19, 21), (18, 21), (17, 21), (16, 21), (15, 21), (14, 21), (13, 21), (12, 21), (11, 21), (10, 21), (10, 20), (10, 19), (10, 18), (10, 17), (10, 16), (10, 15), (10, 14), (10, 13), (10, 12), (10, 11), (10, 10), (10, 9), (10, 8), (10, 7), (10, 7)], 7: [(7, 77), (7, 76), (8, 76), (9, 76), (10, 76), (11, 76), (12, 76), (13, 76), (14, 76), (14, 75), (14, 74), (14, 73), (14, 72), (14, 71), (14, 70), (14, 69), (14, 68), (14, 67), (14, 66), (14, 65), (14, 64), (14, 63), (14, 62), (15, 62), (16, 62), (17, 62), (17, 61), (17, 60), (17, 59), (17, 58), (17, 57), (17, 56), (17, 55), (17, 54), (18, 54), (19, 54), (20, 54), (21, 54), (22, 54), (22, 53), (23, 53), (24, 53), (24, 52), (24, 51), (25, 51), (26, 51), (26, 50), (26, 50), (27, 50), (27, 49), (27, 48), (27, 47), (27, 46), (27, 45), (26, 45), (26, 44), (25, 44), (24, 44), (23, 44), (22, 44), (21, 44), (21, 43), (21, 42), (21, 41), (21, 40), (21, 39), (21, 38), (21, 37), (21, 36), (21, 35), (21, 34), (21, 33), (21, 32), (21, 31), (21, 30), (21, 29), (21, 28), (21, 27), (21, 26), (21, 25), (21, 25)], 8: [(9, 78), (9, 77), (9, 76), (10, 76), (11, 76), (12, 76), (13, 76), (14, 76), (14, 75), (14, 74), (14, 73), (14, 72), (14, 71), (14, 70), (14, 69), (14, 68), (14, 67), (14, 66), (14, 65), (14, 64), (14, 63), (14, 62), (15, 62), (16, 62), (17, 62), (17, 61), (17, 60), (17, 59), (17, 58), (17, 57), (17, 56), (17, 55), (17, 54), (18, 54), (19, 54), (20, 54), (21, 54), (22, 54), (22, 53), (23, 53), (24, 53), (24, 52), (24, 51), (25, 51), (26, 51), (27, 51), (28, 51), (28, 50), (28, 49), (28, 48), (28, 47), (28, 46), (28, 45), (28, 44), (28, 43), (28, 42), (28, 41), (28, 40), (28, 39), (29, 39), (30, 39), (31, 39), (32, 39), (33, 39), (34, 39), (35, 39), (36, 39), (36, 39)], 9: [(53, 36), (53, 37), (52, 37), (51, 37), (50, 37), (50, 38), (49, 38), (48, 38), (47, 38), (46, 38), (45, 38), (44, 38), (43, 38), (42, 38), (41, 38), (40, 38), (39, 38), (38, 38), (38, 37), (37, 37), (36, 37), (35, 37), (34, 37), (34, 36), (34, 35), (33, 35), (32, 35), (31, 35), (30, 35), (29, 35), (29, 34), (29, 33), (29, 32), (29, 31), (29, 30), (29, 29), (29, 28), (29, 27), (29, 26), (28, 26), (28, 25), (28, 24), (28, 23), (28, 22), (28, 21), (28, 20), (28, 19), (28, 18), (27, 18), (27, 17), (27, 16), (27, 15), (27, 14), (27, 13), (28, 13), (29, 13), (30, 13), (31, 13), (32, 13), (33, 13), (34, 13), (35, 13), (36, 13), (37, 13), (38, 13), (39, 13), (40, 13), (41, 13), (41, 12), (42, 12), (43, 12), (44, 12), (44, 13), (43, 13), (43, 12), (42, 12), (41, 12), (41, 13), (40, 13), (39, 13), (38, 13), (37, 13), (36, 13), (35, 13), (34, 13), (33, 13), (32, 13), (31, 13), (30, 13), (29, 13), (29, 14), (28, 14), (27, 14), (27, 15), (27, 16), (27, 17), (27, 18), (28, 18), (28, 19), (28, 20), (28, 21), (28, 22), (28, 23), (28, 24), (28, 25), (28, 26), (29, 26), (29, 27), (30, 27), (31, 27), (32, 27), (33, 27), (34, 27), (35, 27), (36, 27), (37, 27), (38, 27), (39, 27), (40, 27), (41, 27), (42, 27), (43, 27), (44, 27), (45, 27), (46, 27), (47, 27), (48, 27), (49, 27), (50, 27), (51, 27), (52, 27), (53, 27), (54, 27), (55, 27), (55, 27)]}, 151)