

CBSS-C STATS
starts:[982, 4564, 1371, 2718, 3588]
targets:[4623, 1339, 4891, 3280, 1286, 1995, 443, 3433, 3566, 1374]
dests:[589, 880, 1789, 3930, 5091]
ac_dict:{4623: {0, 1}, 1339: {1, 2}, 4891: {2, 3}, 3280: {3, 4}, 589: {0}, 880: {1}, 1789: {2}, 3930: {3}, 5091: {4}}
clusters:[4 0 1 3 0 0 2 0 0 0]

round: 2
best_g_value: 338.0
open_list_size: 1
num_low_level_expanded: 3862
search_success: 1
search_time: 0.13604019302874804
n_tsp_call: 1
n_tsp_time: 0.04089019587263465
n_roots: 1
num_conflicts: 1
target_assignment: {1374: 2, 3280: 3, 4891: 3, 4623: 1, 443: 1}
cluster_target_selection: {0: 1374, 3: 3280, 1: 4891, 4: 4623, 2: 443}
num_nodes_transformed_graph: 28
agent_paths:({0: [(7, 15), (6, 15), (5, 15), (4, 15), (4, 14), (4, 13), (4, 12), (4, 11), (4, 10), (4, 9), (4, 9)], 1: [(14, 70), (14, 71), (14, 72), (14, 73), (14, 74), (14, 75), (14, 76), (13, 76), (12, 76), (11, 76), (10, 76), (9, 76), (8, 76), (8, 75), (8, 74), (8, 73), (8, 72), (8, 71), (9, 71), (9, 72), (9, 73), (9, 74), (9, 75), (9, 76), (10, 76), (11, 76), (12, 76), (13, 76), (14, 76), (14, 75), (14, 74), (14, 73), (14, 72), (14, 71), (14, 70), (14, 69), (14, 68), (14, 67), (14, 66), (14, 65), (14, 64), (14, 63), (14, 62), (15, 62), (16, 62), (17, 62), (17, 61), (17, 60), (17, 59), (17, 58), (17, 57), (17, 56), (18, 56), (18, 55), (18, 54), (19, 54), (20, 54), (21, 54), (22, 54), (22, 53), (23, 53), (24, 53), (24, 52), (24, 51), (25, 51), (26, 51), (26, 50), (27, 50), (27, 49), (27, 48), (27, 47), (27, 46), (27, 45), (27, 44), (27, 43), (27, 42), (27, 41), (27, 40), (27, 39), (27, 38), (27, 37), (27, 36), (27, 35), (27, 34), (27, 33), (27, 32), (27, 31), (27, 30), (27, 29), (27, 28), (27, 27), (27, 26), (27, 25), (27, 24), (27, 23), (27, 22), (27, 21), (27, 20), (27, 19), (27, 18), (27, 17), (27, 16), (27, 15), (27, 14), (27, 13), (27, 12), (27, 11), (28, 11), (29, 11), (30, 11), (31, 11), (32, 11), (33, 11), (34, 11), (34, 10), (35, 10), (36, 10), (37, 10), (38, 10), (39, 10), (40, 10), (41, 10), (42, 10), (43, 10), (44, 10), (45, 10), (46, 10), (47, 10), (48, 10), (49, 10), (49, 9), (50, 9), (50, 8), (50, 7), (50, 6), (51, 6), (52, 6), (53, 6), (52, 6), (51, 6), (50, 6), (50, 7), (50, 8), (50, 9), (49, 9), (49, 10), (48, 10), (47, 10), (46, 10), (45, 10), (44, 10), (43, 10), (42, 10), (41, 10), (40, 10), (39, 10), (38, 10), (37, 10), (36, 10), (35, 10), (35, 11), (35, 12), (35, 13), (35, 13)], 2: [(6, 21), (7, 21), (8, 21), (9, 21), (10, 21), (11, 21), (12, 21), (13, 21), (14, 21), (15, 21), (16, 21), (17, 21), (18, 21), (19, 21), (20, 21), (21, 21), (22, 21), (23, 21), (24, 21), (25, 21), (26, 21), (27, 21), (28, 21), (28, 22), (28, 23), (28, 24), (28, 25), (28, 26), (29, 26), (29, 27), (30, 27), (31, 27), (32, 27), (33, 27), (34, 27), (34, 27)], 3: [(53, 41), (52, 41), (51, 41), (50, 41), (49, 41), (48, 41), (47, 41), (46, 41), (45, 41), (44, 41), (43, 41), (42, 41), (41, 41), (40, 41), (39, 41), (38, 41), (37, 41), (36, 41), (35, 41), (34, 41), (33, 41), (32, 41), (31, 41), (30, 41), (30, 42), (30, 43), (30, 44), (30, 45), (29, 45), (29, 46), (29, 47), (29, 48), (29, 49), (29, 50), (30, 50), (29, 50), (28, 50), (27, 50), (26, 50), (26, 51), (25, 51), (24, 51), (24, 52), (24, 53), (23, 53), (22, 53), (22, 54), (21, 54), (20, 54), (19, 54), (18, 54), (17, 54), (17, 55), (17, 56), (17, 57), (17, 58), (17, 59), (17, 60), (17, 61), (17, 62), (16, 62), (16, 63), (16, 64), (16, 65), (16, 66), (16, 67), (16, 68), (16, 69), (16, 70), (16, 71), (16, 72), (16, 73), (16, 74), (16, 75), (16, 74), (16, 73), (16, 72), (16, 71), (16, 70), (16, 69), (16, 68), (16, 67), (16, 66), (16, 65), (16, 64), (17, 64), (18, 64), (19, 64), (20, 64), (21, 64), (22, 64), (23, 64), (24, 64), (24, 63), (25, 63), (25, 62), (25, 61), (25, 60), (26, 60), (27, 60), (28, 60), (29, 60), (30, 60), (30, 60)], 4: [(13, 55), (14, 55), (15, 55), (16, 55), (17, 55), (18, 55), (19, 55), (19, 56), (19, 57), (19, 58), (19, 59), (19, 60), (19, 61), (19, 62), (19, 63), (20, 63), (21, 63), (21, 64), (21, 65), (21, 66), (21, 67), (21, 68), (21, 69), (21, 70), (21, 71), (21, 72), (21, 73), (21, 74), (21, 75), (21, 76), (21, 77), (21, 78), (21, 78)]}, 162)