

CBSS-C STATS
starts:[914, 805, 728, 684, 3019, 1051, 4722, 2686, 891, 4673]
targets:[956, 2831, 3976, 4939, 2109, 4989, 2982, 1850, 3713, 2843, 1132, 3404, 2984, 744, 934]
dests:[2368, 3562, 3339, 3653, 4741, 4635, 4442, 3787, 4410, 287]
ac_dict:{956: {0, 1}, 2831: {1, 2}, 3976: {2, 3}, 4939: {3, 4}, 2109: {4, 5}, 4989: {5, 6}, 2982: {6, 7}, 1850: {8, 7}, 3713: {8, 9}, 2368: {0}, 3562: {1}, 3339: {2}, 3653: {3}, 4741: {4}, 4635: {5}, 4442: {6}, 3787: {7}, 4410: {8}, 287: {9}}
clusters:[8 8 5 2 6 2 2 0 5 7 4 9 3 1 8]

round: 5
best_g_value: 691.0
open_list_size: 4
num_low_level_expanded: 6570
search_success: 1
search_time: 7.585583250969648
n_tsp_call: 20
n_tsp_time: 6.823858649469912
n_roots: 1
num_conflicts: 4
target_assignment: {2109: 5, 4939: 4, 1850: 8, 934: 1, 2843: 1, 2984: 1, 744: 3, 1132: 3, 3404: 3, 3976: 3}
cluster_target_selection: {6: 2109, 2: 4939, 0: 1850, 8: 934, 7: 2843, 3: 2984, 1: 744, 4: 1132, 9: 3404, 5: 3976}
num_nodes_transformed_graph: 59
agent_paths:({0: [(4, 14), (5, 14), (6, 14), (7, 14), (8, 14), (9, 14), (10, 14), (11, 14), (12, 14), (12, 15), (12, 16), (12, 17), (12, 18), (12, 19), (13, 19), (14, 19), (15, 19), (16, 19), (17, 19), (18, 19), (19, 19), (20, 19), (21, 19), (22, 19), (23, 19), (24, 19), (25, 19), (26, 19), (27, 19), (28, 19), (28, 20), (28, 21), (28, 22), (28, 23), (28, 24), (28, 25), (28, 26), (28, 27), (28, 28), (28, 29), (28, 30), (28, 31), (28, 32), (28, 33), (28, 34), (28, 35), (28, 36), (28, 36)], 1: [(25, 12), (24, 12), (24, 13), (24, 14), (25, 14), (26, 14), (27, 14), (27, 15), (27, 16), (27, 17), (27, 18), (28, 18), (28, 19), (28, 20), (28, 21), (28, 22), (28, 23), (28, 24), (28, 25), (28, 26), (29, 26), (29, 27), (29, 28), (29, 29), (29, 30), (29, 31), (29, 32), (29, 33), (29, 34), (29, 35), (30, 35), (31, 35), (32, 35), (33, 35), (34, 35), (34, 36), (34, 37), (35, 37), (36, 37), (37, 37), (38, 37), (38, 38), (39, 38), (40, 38), (41, 38), (42, 38), (43, 38), (44, 38), (45, 38), (46, 38), (47, 38), (48, 38), (48, 39), (48, 40), (48, 41), (48, 42), (48, 43), (49, 43), (50, 43), (51, 43), (52, 43), (53, 43), (54, 43), (55, 43), (56, 43), (57, 43), (58, 43), (59, 43), (59, 44), (59, 45), (58, 45), (57, 45), (56, 45), (55, 45), (54, 45), (53, 45), (52, 45), (52, 46), (52, 47), (52, 48), (52, 49), (52, 50), (52, 51), (52, 52), (52, 53), (52, 54), (52, 54)], 2: [(13, 11), (13, 12), (13, 13), (13, 14), (13, 15), (13, 16), (12, 16), (12, 17), (12, 18), (12, 19), (13, 19), (14, 19), (15, 19), (16, 19), (17, 19), (18, 19), (19, 19), (20, 19), (21, 19), (22, 19), (23, 19), (24, 19), (24, 20), (24, 21), (24, 22), (24, 23), (24, 24), (24, 25), (24, 26), (24, 27), (24, 28), (24, 29), (24, 30), (24, 31), (24, 32), (24, 33), (24, 34), (24, 35), (24, 36), (24, 37), (24, 38), (24, 39), (24, 40), (24, 41), (24, 42), (24, 43), (24, 44), (25, 44), (26, 44), (26, 45), (27, 45), (27, 46), (27, 47), (27, 48), (27, 49), (27, 50), (26, 50), (26, 51), (25, 51), (24, 51), (24, 51)], 3: [(34, 10), (34, 11), (33, 11), (32, 11), (31, 11), (30, 11), (29, 11), (28, 11), (27, 11), (27, 12), (27, 13), (27, 14), (27, 15), (27, 16), (27, 17), (27, 18), (27, 19), (27, 20), (27, 21), (27, 22), (27, 23), (27, 24), (27, 25), (27, 26), (27, 27), (27, 28), (27, 29), (27, 30), (27, 31), (27, 32), (27, 33), (27, 34), (27, 35), (27, 36), (27, 37), (27, 38), (27, 39), (27, 40), (27, 41), (27, 42), (27, 43), (27, 44), (27, 45), (27, 46), (27, 47), (27, 48), (27, 49), (27, 50), (26, 50), (26, 51), (25, 51), (24, 51), (24, 52), (24, 53), (23, 53), (22, 53), (22, 54), (21, 54), (20, 54), (19, 54), (18, 54), (17, 54), (16, 54), (15, 54), (14, 54), (13, 54), (12, 54), (11, 54), (11, 55), (11, 56), (11, 57), (11, 58), (11, 59), (11, 60), (11, 61), (11, 60), (11, 59), (11, 58), (11, 57), (11, 56), (12, 56), (13, 56), (13, 56)], 4: [(29, 46), (29, 47), (29, 48), (29, 49), (29, 50), (29, 51), (29, 52), (29, 53), (29, 54), (29, 55), (29, 56), (29, 57), (29, 58), (29, 59), (29, 60), (29, 61), (29, 62), (28, 62), (27, 62), (27, 63), (27, 64), (27, 65), (27, 66), (28, 66), (29, 66), (29, 67), (30, 67), (31, 67), (32, 67), (33, 67), (34, 67), (35, 67), (36, 67), (37, 67), (38, 67), (39, 67), (40, 67), (41, 67), (42, 67), (43, 67), (44, 67), (45, 67), (46, 67), (47, 67), (48, 67), (49, 67), (50, 67), (51, 67), (52, 67), (53, 67), (54, 67), (55, 67), (56, 67), (57, 67), (58, 67), (59, 67), (60, 67), (60, 68), (60, 69), (61, 69), (62, 69), (62, 70), (62, 71), (62, 72), (62, 73), (62, 74), (62, 75), (63, 75), (64, 75), (63, 75), (62, 75), (61, 75), (61, 74), (61, 73), (61, 72), (61, 72)], 5: [(11, 16), (12, 16), (12, 17), (12, 18), (12, 19), (13, 19), (14, 19), (15, 19), (16, 19), (17, 19), (18, 19), (19, 19), (20, 19), (21, 19), (22, 19), (23, 19), (24, 19), (25, 19), (26, 19), (27, 19), (28, 19), (28, 20), (28, 21), (28, 22), (28, 23), (28, 24), (28, 25), (28, 26), (29, 26), (29, 27), (29, 28), (29, 29), (29, 30), (29, 31), (29, 32), (28, 32), (27, 32), (27, 33), (27, 34), (27, 35), (27, 36), (27, 37), (27, 38), (27, 39), (27, 40), (27, 41), (27, 42), (27, 43), (27, 44), (27, 45), (27, 46), (27, 47), (27, 48), (27, 49), (27, 50), (26, 50), (26, 51), (25, 51), (25, 52), (25, 53), (25, 54), (25, 55), (25, 56), (25, 57), (25, 58), (25, 59), (25, 60), (25, 61), (25, 62), (25, 63), (24, 63), (24, 64), (23, 64), (22, 64), (21, 64), (20, 64), (20, 65), (20, 66), (20, 67), (20, 68), (20, 69), (20, 70), (20, 71), (20, 71)], 6: [(42, 72), (41, 72), (40, 72), (39, 72), (38, 72), (37, 72), (36, 72), (35, 72), (34, 72), (34, 71), (34, 70), (34, 69), (33, 69), (32, 69), (31, 69), (30, 69), (29, 69), (28, 69), (27, 69), (26, 69), (25, 69), (24, 69), (23, 69), (22, 69), (22, 68), (22, 68)], 7: [(21, 41), (21, 42), (21, 43), (21, 44), (22, 44), (23, 44), (24, 44), (25, 44), (26, 44), (26, 45), (27, 45), (27, 46), (27, 47), (27, 48), (27, 49), (27, 50), (26, 50), (26, 51), (25, 51), (24, 51), (24, 52), (24, 53), (23, 53), (22, 53), (22, 54), (21, 54), (20, 54), (19, 54), (18, 54), (17, 54), (17, 55), (17, 56), (17, 57), (17, 58), (17, 58)], 8: [(46, 13), (45, 13), (44, 13), (43, 13), (42, 13), (41, 13), (40, 13), (39, 13), (38, 13), (37, 13), (36, 13), (35, 13), (34, 13), (33, 13), (32, 13), (31, 13), (30, 13), (29, 13), (29, 14), (28, 14), (27, 14), (27, 15), (27, 16), (27, 17), (27, 18), (28, 18), (28, 19), (28, 20), (28, 21), (28, 22), (28, 23), (28, 24), (28, 25), (28, 26), (29, 26), (29, 27), (30, 27), (30, 28), (30, 29), (29, 29), (29, 30), (29, 31), (29, 32), (29, 33), (29, 34), (29, 35), (29, 36), (29, 37), (29, 38), (29, 39), (29, 40), (29, 41), (29, 42), (29, 43), (29, 44), (29, 45), (29, 46), (29, 47), (29, 48), (29, 49), (29, 50), (29, 51), (29, 52), (29, 53), (29, 54), (29, 55), (29, 56), (29, 57), (29, 58), (29, 59), (29, 60), (29, 61), (29, 62), (28, 62), (27, 62), (27, 63), (27, 64), (27, 65), (27, 66), (28, 66), (29, 66), (29, 67), (30, 67), (31, 67), (32, 67), (33, 67), (34, 67), (35, 67), (36, 67), (37, 67), (38, 67), (39, 67), (40, 67), (41, 67), (42, 67), (43, 67), (44, 67), (45, 67), (46, 67), (47, 67), (48, 67), (49, 67), (50, 67), (51, 67), (52, 67), (53, 67), (54, 67), (55, 67), (55, 67)], 9: [(58, 71), (57, 71), (56, 71), (55, 71), (54, 71), (53, 71), (52, 71), (51, 71), (50, 71), (49, 71), (48, 71), (47, 71), (46, 71), (45, 71), (44, 71), (43, 71), (42, 71), (41, 71), (40, 71), (39, 71), (38, 71), (37, 71), (36, 71), (35, 71), (34, 71), (34, 70), (34, 69), (33, 69), (32, 69), (31, 69), (30, 69), (29, 69), (28, 69), (27, 69), (27, 68), (27, 67), (27, 66), (27, 65), (27, 64), (27, 63), (27, 62), (27, 61), (27, 60), (27, 59), (27, 58), (27, 57), (27, 56), (27, 55), (27, 54), (27, 53), (27, 52), (27, 51), (27, 50), (28, 50), (28, 49), (27, 49), (27, 48), (27, 47), (27, 46), (27, 45), (27, 44), (27, 43), (27, 42), (27, 41), (27, 40), (27, 39), (27, 38), (27, 37), (27, 36), (27, 35), (27, 34), (27, 33), (27, 32), (27, 31), (27, 30), (27, 29), (27, 28), (27, 27), (27, 26), (27, 25), (27, 24), (27, 23), (27, 22), (27, 21), (27, 20), (27, 19), (27, 18), (27, 17), (27, 16), (27, 15), (27, 14), (27, 13), (27, 12), (27, 11), (27, 10), (27, 9), (27, 8), (27, 7), (27, 6), (27, 5), (27, 4), (27, 4)]}, 107)