

CBSS-C STATS
starts:[4175, 3594, 3537, 3827, 2703, 4462, 3867, 3710, 413, 2820]
targets:[2003, 987, 3480, 4949, 1485, 4410, 1307, 2427, 4513, 853]
dests:[3484, 2973, 3845, 960, 1588, 830, 3498, 2952, 833, 2358]
ac_dict:{2003: {0, 1}, 987: {1, 2}, 3480: {2, 3}, 4949: {3, 4}, 1485: {4, 5}, 4410: {5, 6}, 1307: {6, 7}, 2427: {8, 7}, 4513: {8, 9}, 3484: {0}, 2973: {1}, 3845: {2}, 960: {3}, 1588: {4}, 830: {5}, 3498: {6}, 2952: {7}, 833: {8}, 2358: {9}}
clusters:[0 2 1 4 2 0 0 3 4 2]

round: 32
best_g_value: 641.0
open_list_size: 31
num_low_level_expanded: 38028
search_success: 1
search_time: 5.234822791069746
n_tsp_call: 14
n_tsp_time: 3.1037370241247118
n_roots: 1
num_conflicts: 31
target_assignment: {2427: 7, 4410: 5, 853: 5, 4513: 9, 3480: 2}
cluster_target_selection: {3: 2427, 0: 4410, 2: 853, 4: 4513, 1: 3480}
num_nodes_transformed_graph: 48
agent_paths:({0: [(15, 64), (15, 63), (15, 62), (16, 62), (17, 62), (17, 61), (17, 60), (17, 59), (17, 58), (17, 57), (17, 56), (17, 55), (17, 54), (18, 54), (19, 54), (20, 54), (21, 54), (22, 54), (23, 54), (24, 54), (25, 54), (25, 53), (26, 53), (27, 53), (28, 53), (29, 53), (30, 53), (31, 53), (32, 53), (33, 53), (34, 53), (35, 53), (36, 53), (37, 53), (38, 53), (39, 53), (39, 53)], 1: [(19, 55), (19, 54), (20, 54), (21, 54), (22, 54), (22, 53), (23, 53), (24, 53), (24, 52), (24, 51), (25, 51), (26, 51), (26, 50), (27, 50), (27, 49), (27, 48), (27, 47), (27, 46), (27, 45), (28, 45), (29, 45), (30, 45), (30, 44), (31, 44), (32, 44), (33, 44), (34, 44), (35, 44), (36, 44), (37, 44), (37, 43), (37, 42), (38, 42), (39, 42), (40, 42), (41, 42), (42, 42), (43, 42), (44, 42), (45, 42), (46, 42), (47, 42), (48, 42), (48, 43), (48, 44), (48, 45), (48, 45)], 2: [(27, 54), (27, 53), (28, 53), (29, 53), (30, 53), (31, 53), (32, 53), (33, 53), (34, 53), (35, 53), (34, 53), (33, 53), (32, 53), (31, 53), (30, 53), (29, 53), (28, 53), (27, 53), (26, 53), (25, 53), (24, 53), (24, 54), (23, 54), (22, 54), (21, 54), (20, 54), (19, 54), (18, 54), (17, 54), (16, 54), (15, 54), (14, 54), (13, 54), (12, 54), (11, 54), (10, 54), (10, 55), (10, 56), (10, 57), (10, 58), (10, 59), (10, 59)], 3: [(57, 58), (56, 58), (55, 58), (54, 58), (53, 58), (52, 58), (52, 57), (52, 56), (52, 55), (52, 54), (52, 53), (52, 52), (52, 51), (52, 50), (52, 49), (52, 48), (51, 48), (51, 47), (51, 46), (51, 45), (50, 45), (50, 44), (50, 43), (50, 42), (50, 41), (50, 40), (50, 39), (50, 38), (49, 38), (48, 38), (47, 38), (46, 38), (45, 38), (44, 38), (43, 38), (42, 38), (41, 38), (40, 38), (39, 38), (38, 38), (38, 37), (37, 37), (36, 37), (35, 37), (34, 37), (34, 36), (34, 35), (33, 35), (32, 35), (31, 35), (30, 35), (29, 35), (29, 34), (29, 33), (29, 32), (29, 31), (29, 30), (29, 29), (29, 28), (29, 27), (29, 26), (28, 26), (28, 25), (27, 25), (27, 24), (27, 23), (27, 22), (27, 21), (27, 20), (27, 19), (27, 18), (27, 17), (27, 16), (27, 15), (27, 14), (28, 14), (29, 14), (29, 13), (30, 13), (31, 13), (32, 13), (33, 13), (34, 13), (35, 13), (36, 13), (37, 13), (38, 13), (39, 13), (40, 13), (41, 13), (42, 13), (43, 13), (44, 13), (45, 13), (46, 13), (47, 13), (48, 13), (49, 13), (50, 13), (50, 14), (50, 14)], 4: [(38, 41), (37, 41), (36, 41), (35, 41), (34, 41), (33, 41), (32, 41), (31, 41), (30, 41), (29, 41), (28, 41), (28, 40), (28, 39), (28, 38), (28, 37), (28, 36), (28, 35), (28, 34), (28, 33), (28, 32), (28, 31), (28, 30), (28, 29), (28, 28), (28, 27), (28, 26), (28, 25), (28, 24), (28, 24)], 5: [(42, 68), (42, 67), (43, 67), (44, 67), (45, 67), (46, 67), (47, 67), (48, 67), (49, 67), (50, 67), (51, 67), (52, 67), (53, 67), (54, 67), (55, 67), (54, 67), (53, 67), (52, 67), (51, 67), (50, 67), (49, 67), (48, 67), (47, 67), (46, 67), (45, 67), (44, 67), (43, 67), (42, 67), (41, 67), (40, 67), (39, 67), (38, 67), (37, 67), (36, 67), (35, 67), (34, 67), (33, 67), (32, 67), (31, 67), (30, 67), (29, 67), (28, 67), (27, 67), (27, 66), (27, 65), (27, 64), (27, 63), (27, 62), (27, 61), (27, 60), (27, 59), (27, 58), (27, 57), (27, 56), (27, 55), (27, 54), (27, 53), (27, 52), (27, 51), (27, 50), (27, 49), (27, 48), (27, 47), (27, 46), (28, 46), (28, 45), (28, 44), (27, 44), (26, 44), (25, 44), (24, 44), (23, 44), (22, 44), (21, 44), (20, 44), (20, 43), (20, 42), (19, 42), (19, 41), (19, 40), (19, 39), (19, 38), (19, 37), (19, 36), (19, 35), (19, 34), (19, 33), (19, 32), (19, 31), (19, 30), (19, 29), (19, 28), (19, 27), (19, 26), (19, 25), (19, 24), (19, 23), (19, 22), (19, 21), (18, 21), (17, 21), (16, 21), (15, 21), (14, 21), (13, 21), (12, 21), (11, 21), (10, 21), (9, 21), (9, 20), (9, 19), (9, 18), (9, 17), (9, 16), (9, 15), (8, 15), (8, 14), (8, 13), (9, 13), (10, 13), (11, 13), (12, 13), (12, 14), (12, 15), (12, 16), (12, 17), (12, 18), (12, 19), (13, 19), (14, 19), (15, 19), (16, 19), (17, 19), (18, 19), (18, 18), (19, 18), (20, 18), (20, 17), (20, 16), (20, 15), (20, 14), (20, 13), (20, 12), (21, 12), (22, 12), (23, 12), (24, 12), (25, 12), (26, 12), (27, 12), (28, 12), (29, 12), (30, 12), (31, 12), (32, 12), (33, 12), (34, 12), (35, 12), (36, 12), (37, 12), (38, 12), (39, 12), (40, 12), (41, 12), (42, 12), (43, 12), (44, 12), (45, 12), (46, 12), (47, 12), (48, 12), (49, 12), (50, 12), (50, 12)], 6: [(32, 59), (32, 58), (32, 57), (32, 56), (32, 55), (32, 54), (31, 54), (31, 53), (30, 53), (29, 53), (29, 52), (29, 51), (29, 50), (29, 49), (29, 48), (29, 47), (29, 46), (29, 45), (30, 45), (30, 44), (31, 44), (32, 44), (33, 44), (34, 44), (35, 44), (36, 44), (37, 44), (37, 43), (37, 42), (38, 42), (39, 42), (40, 42), (41, 42), (42, 42), (43, 42), (44, 42), (45, 42), (46, 42), (47, 42), (48, 42), (49, 42), (50, 42), (51, 42), (52, 42), (53, 42), (53, 43), (53, 44), (53, 45), (53, 46), (53, 47), (53, 48), (53, 49), (53, 50), (53, 51), (53, 52), (53, 53), (53, 53)], 7: [(5, 57), (5, 56), (5, 55), (5, 54), (6, 54), (7, 54), (8, 54), (9, 54), (10, 54), (11, 54), (12, 54), (13, 54), (14, 54), (15, 54), (16, 54), (17, 54), (18, 54), (19, 54), (20, 54), (21, 54), (22, 54), (22, 53), (23, 53), (24, 53), (24, 52), (24, 51), (25, 51), (26, 51), (26, 50), (27, 50), (27, 49), (27, 48), (27, 47), (27, 46), (27, 45), (26, 45), (26, 44), (25, 44), (24, 44), (23, 44), (22, 44), (22, 43), (22, 42), (22, 41), (22, 40), (22, 39), (22, 38), (22, 37), (23, 37), (24, 37), (25, 37), (26, 37), (27, 37), (27, 38), (27, 39), (27, 40), (27, 41), (27, 42), (27, 43), (27, 44), (27, 45), (27, 45)], 8: [(23, 6), (24, 6), (25, 6), (26, 6), (27, 6), (28, 6), (28, 7), (28, 8), (28, 9), (28, 10), (29, 10), (29, 11), (30, 11), (31, 11), (32, 11), (33, 11), (34, 11), (35, 11), (36, 11), (37, 11), (38, 11), (39, 11), (40, 11), (41, 11), (42, 11), (43, 11), (44, 11), (45, 11), (46, 11), (47, 11), (48, 11), (49, 11), (50, 11), (51, 11), (52, 11), (53, 11), (53, 12), (53, 12)], 9: [(25, 43), (26, 43), (27, 43), (27, 44), (27, 45), (27, 46), (27, 47), (27, 48), (27, 49), (27, 50), (27, 51), (27, 52), (27, 53), (27, 54), (27, 55), (27, 56), (27, 57), (27, 58), (27, 59), (27, 60), (27, 61), (27, 62), (27, 63), (27, 64), (27, 65), (27, 66), (28, 66), (28, 67), (28, 68), (28, 69), (27, 69), (27, 68), (27, 67), (27, 66), (27, 65), (27, 64), (27, 63), (27, 62), (27, 61), (27, 60), (27, 59), (27, 58), (27, 57), (27, 56), (27, 55), (27, 54), (27, 53), (27, 52), (27, 51), (27, 50), (27, 49), (27, 48), (27, 47), (27, 46), (27, 45), (26, 45), (26, 44), (25, 44), (24, 44), (23, 44), (22, 44), (21, 44), (20, 44), (20, 43), (20, 42), (19, 42), (19, 41), (19, 40), (19, 39), (19, 38), (19, 37), (18, 37), (18, 36), (18, 36)]}, 172)