

CBSS-C STATS
starts:[4591, 856, 2430, 1792, 477]
targets:[1946, 4480, 4786, 2001, 3172, 3692, 3745, 4055, 3519, 4470]
dests:[2575, 1586, 727, 3554, 4440]
ac_dict:{1946: {0, 1}, 4480: {1, 2}, 4786: {2, 3}, 2001: {3, 4}, 2575: {0}, 1586: {1}, 727: {2}, 3554: {3}, 4440: {4}}
clusters:[1 4 2 1 4 4 3 0 1 0]

round: 1
best_g_value: 378.0
open_list_size: 0
num_low_level_expanded: 2401
search_success: 1
search_time: 0.17855648277327418
n_tsp_call: 1
n_tsp_time: 0.09877861896529794
n_roots: 1
num_conflicts: 0
target_assignment: {4055: 0, 3172: 0, 4786: 3, 3745: 3, 3519: 4}
cluster_target_selection: {0: 4055, 4: 3172, 2: 4786, 3: 3745, 1: 3519}
num_nodes_transformed_graph: 29
agent_paths:({0: [(41, 70), (40, 70), (39, 70), (38, 70), (37, 70), (36, 70), (35, 70), (34, 70), (34, 69), (33, 69), (32, 69), (31, 69), (30, 69), (29, 69), (28, 69), (27, 69), (26, 69), (25, 69), (25, 68), (25, 67), (25, 66), (25, 65), (25, 64), (25, 63), (25, 62), (25, 61), (25, 60), (25, 59), (25, 58), (25, 57), (25, 56), (25, 55), (25, 54), (25, 53), (25, 52), (25, 51), (26, 51), (26, 50), (27, 50), (27, 49), (27, 48), (28, 48), (29, 48), (29, 47), (29, 46), (29, 45), (30, 45), (30, 44), (31, 44), (32, 44), (33, 44), (34, 44), (35, 44), (36, 44), (37, 44), (37, 43), (37, 42), (38, 42), (39, 42), (40, 42), (41, 42), (42, 42), (43, 42), (44, 42), (45, 42), (46, 42), (47, 42), (48, 42), (49, 42), (50, 42), (51, 42), (52, 42), (52, 43), (52, 44), (52, 45), (52, 46), (52, 47), (52, 48), (51, 48), (51, 47), (51, 46), (51, 45), (50, 45), (49, 45), (48, 45), (47, 45), (47, 44), (47, 43), (47, 42), (46, 42), (45, 42), (44, 42), (43, 42), (42, 42), (41, 42), (40, 42), (40, 41), (40, 40), (40, 39), (40, 39)], 1: [(11, 13), (12, 13), (12, 14), (12, 15), (12, 16), (12, 17), (12, 18), (12, 19), (13, 19), (14, 19), (15, 19), (16, 19), (17, 19), (18, 19), (19, 19), (20, 19), (21, 19), (22, 19), (23, 19), (24, 19), (25, 19), (26, 19), (26, 20), (26, 21), (26, 22), (26, 23), (26, 24), (26, 24)], 2: [(25, 37), (24, 37), (23, 37), (22, 37), (21, 37), (20, 37), (19, 37), (19, 36), (19, 35), (19, 34), (19, 33), (19, 32), (19, 31), (19, 30), (19, 29), (19, 28), (19, 27), (19, 26), (19, 25), (19, 24), (19, 23), (19, 22), (19, 21), (18, 21), (17, 21), (16, 21), (15, 21), (14, 21), (13, 21), (12, 21), (12, 20), (12, 19), (12, 18), (12, 17), (12, 16), (12, 15), (12, 14), (12, 13), (12, 12), (12, 11), (12, 11)], 3: [(37, 27), (37, 28), (37, 29), (36, 29), (35, 29), (34, 29), (33, 29), (32, 29), (31, 29), (30, 29), (29, 29), (29, 30), (29, 31), (29, 32), (29, 33), (29, 34), (29, 35), (29, 36), (29, 37), (29, 38), (29, 39), (29, 40), (29, 41), (29, 42), (29, 43), (29, 44), (29, 45), (29, 46), (29, 47), (29, 48), (29, 49), (29, 50), (29, 51), (29, 52), (29, 53), (29, 54), (29, 55), (29, 56), (29, 57), (29, 58), (29, 59), (29, 60), (29, 61), (29, 62), (28, 62), (27, 62), (27, 63), (27, 64), (27, 65), (27, 66), (28, 66), (29, 66), (29, 67), (30, 67), (31, 67), (32, 67), (33, 67), (34, 67), (35, 67), (36, 67), (37, 67), (38, 67), (39, 67), (40, 67), (41, 67), (41, 68), (41, 69), (41, 70), (41, 71), (41, 72), (41, 73), (40, 73), (40, 72), (40, 71), (40, 70), (40, 69), (40, 68), (40, 67), (39, 67), (38, 67), (37, 67), (36, 67), (35, 67), (34, 67), (33, 67), (32, 67), (31, 67), (30, 67), (29, 67), (29, 66), (28, 66), (27, 66), (27, 65), (27, 64), (27, 63), (27, 62), (27, 61), (27, 60), (27, 59), (27, 58), (27, 57), (28, 57), (29, 57), (30, 57), (31, 57), (32, 57), (33, 57), (34, 57), (35, 57), (36, 57), (37, 57), (38, 57), (39, 57), (40, 57), (40, 56), (40, 55), (40, 54), (41, 54), (42, 54), (43, 54), (44, 54), (44, 54)], 4: [(22, 7), (22, 8), (22, 9), (22, 10), (22, 11), (22, 12), (22, 13), (22, 14), (22, 15), (22, 16), (22, 17), (22, 18), (22, 19), (22, 20), (22, 21), (22, 22), (22, 23), (22, 24), (22, 25), (22, 26), (22, 27), (22, 28), (22, 29), (22, 30), (22, 31), (22, 32), (22, 33), (22, 34), (22, 35), (22, 36), (22, 37), (22, 38), (22, 39), (22, 40), (22, 41), (22, 42), (22, 43), (22, 44), (23, 44), (24, 44), (25, 44), (26, 44), (26, 45), (27, 45), (27, 46), (27, 47), (27, 48), (27, 49), (27, 50), (26, 50), (26, 51), (25, 51), (24, 51), (24, 52), (24, 53), (23, 53), (22, 53), (22, 54), (21, 54), (20, 54), (19, 54), (18, 54), (17, 54), (16, 54), (15, 54), (14, 54), (13, 54), (12, 54), (11, 54), (10, 54), (9, 54), (10, 54), (11, 54), (12, 54), (13, 54), (14, 54), (15, 54), (16, 54), (17, 54), (18, 54), (19, 54), (19, 55), (19, 56), (19, 57), (19, 58), (19, 59), (19, 60), (19, 61), (19, 62), (19, 63), (20, 63), (20, 64), (20, 65), (20, 66), (20, 67), (20, 68), (20, 68)]}, 120)