

CBSS-C STATS
starts:[464, 875, 4883, 4865, 2895]
targets:[1614, 1645, 4474, 710, 4379, 4715, 3530, 2567, 3763, 1115, 2722, 5068, 2504, 2642, 4335, 4612, 5083, 157, 3809, 378]
dests:[3041, 726, 4339, 3651, 4518]
ac_dict:{1614: {0, 1}, 1645: {1, 2}, 4474: {2, 3}, 710: {3, 4}, 3041: {0}, 726: {1}, 4339: {2}, 3651: {3}, 4518: {4}}
clusters:[8 4 0 3 7 0 7 4 5 1 9 2 6 3 9 0 4 5 0 0]

round: 2
best_g_value: 369.0
open_list_size: 1
num_low_level_expanded: 2314
search_success: 1
search_time: 0.33134222216904163
n_tsp_call: 1
n_tsp_time: 0.2202455741353333
n_roots: 1
num_conflicts: 1
target_assignment: {1115: 0, 1614: 0, 2567: 0, 2504: 0, 2642: 0, 157: 1, 5068: 3, 4715: 3, 4379: 2, 4335: 2}
cluster_target_selection: {1: 1115, 8: 1614, 4: 2567, 6: 2504, 3: 2642, 5: 157, 2: 5068, 0: 4715, 7: 4379, 9: 4335}
num_nodes_transformed_graph: 54
agent_paths:({0: [(9, 7), (10, 7), (10, 8), (10, 9), (10, 10), (10, 11), (10, 12), (10, 13), (10, 14), (10, 15), (10, 16), (10, 17), (11, 17), (12, 17), (12, 18), (12, 19), (13, 19), (14, 19), (15, 19), (16, 19), (17, 19), (18, 19), (19, 19), (20, 19), (21, 19), (22, 19), (23, 19), (24, 19), (25, 19), (26, 19), (27, 19), (28, 19), (28, 20), (28, 21), (28, 22), (28, 23), (28, 24), (28, 25), (28, 26), (29, 26), (29, 27), (30, 27), (31, 27), (32, 27), (33, 27), (34, 27), (35, 27), (36, 27), (37, 27), (38, 27), (39, 27), (40, 27), (41, 27), (42, 27), (43, 27), (44, 27), (45, 27), (46, 27), (47, 27), (48, 27), (49, 27), (50, 27), (51, 27), (51, 26), (51, 25), (51, 24), (52, 24), (53, 24), (54, 24), (53, 24), (52, 24), (51, 24), (51, 25), (51, 26), (51, 27), (50, 27), (49, 27), (48, 27), (47, 27), (46, 27), (45, 27), (44, 27), (43, 27), (42, 27), (41, 27), (40, 27), (39, 27), (38, 27), (37, 27), (36, 27), (35, 27), (34, 27), (33, 27), (32, 27), (32, 28), (32, 29), (31, 29), (30, 29), (29, 29), (29, 30), (29, 31), (29, 32), (29, 33), (29, 34), (29, 35), (30, 35), (31, 35), (32, 35), (32, 36), (32, 37), (32, 38), (32, 39), (32, 38), (33, 38), (34, 38), (35, 38), (36, 38), (37, 38), (38, 38), (39, 38), (40, 38), (41, 38), (42, 38), (42, 39), (42, 40), (43, 40), (44, 40), (45, 40), (46, 40), (47, 40), (48, 40), (49, 40), (50, 40), (51, 40), (51, 41), (51, 42), (51, 43), (51, 44), (51, 45), (51, 46), (51, 46)], 1: [(30, 13), (29, 13), (28, 13), (27, 13), (27, 12), (27, 11), (27, 10), (27, 9), (27, 8), (27, 7), (27, 6), (27, 5), (27, 4), (27, 3), (27, 2), (26, 2), (25, 2), (24, 2), (23, 2), (22, 2), (21, 2), (20, 2), (20, 3), (20, 4), (20, 5), (20, 6), (20, 7), (20, 8), (20, 9), (20, 10), (20, 11), (20, 12), (20, 13), (20, 14), (20, 15), (20, 16), (20, 17), (20, 18), (19, 18), (18, 18), (18, 19), (17, 19), (16, 19), (15, 19), (14, 19), (13, 19), (12, 19), (11, 19), (11, 18), (11, 17), (11, 16), (11, 15), (11, 14), (11, 13), (11, 12), (11, 11), (11, 11)], 2: [(8, 75), (9, 75), (9, 76), (10, 76), (11, 76), (12, 76), (13, 76), (14, 76), (14, 75), (14, 74), (14, 73), (14, 72), (14, 71), (14, 70), (14, 69), (14, 68), (14, 67), (15, 67), (16, 67), (17, 67), (18, 67), (19, 67), (20, 67), (21, 67), (22, 67), (23, 67), (24, 67), (25, 67), (26, 67), (27, 67), (28, 67), (29, 67), (30, 67), (31, 67), (32, 67), (33, 67), (34, 67), (34, 66), (35, 66), (36, 66), (37, 66), (38, 66), (39, 66), (40, 66), (41, 66), (42, 66), (43, 66), (44, 66), (45, 66), (46, 66), (47, 66), (48, 66), (49, 66), (49, 66)], 3: [(55, 74), (56, 74), (57, 74), (58, 74), (59, 74), (60, 74), (61, 74), (62, 74), (62, 75), (63, 75), (63, 76), (63, 77), (62, 77), (61, 77), (60, 77), (59, 77), (58, 77), (58, 76), (57, 76), (56, 76), (55, 76), (54, 76), (53, 76), (52, 76), (51, 76), (50, 76), (49, 76), (48, 76), (47, 76), (46, 76), (45, 76), (44, 76), (43, 76), (42, 76), (41, 76), (40, 76), (39, 76), (38, 76), (37, 76), (36, 76), (36, 75), (36, 74), (36, 73), (35, 73), (35, 72), (34, 72), (34, 71), (34, 70), (34, 69), (34, 68), (33, 68), (32, 68), (31, 68), (30, 68), (29, 68), (28, 68), (27, 68), (26, 68), (25, 68), (24, 68), (23, 68), (22, 68), (21, 68), (20, 68), (19, 68), (18, 68), (17, 68), (16, 68), (15, 68), (14, 68), (14, 67), (14, 66), (14, 65), (14, 64), (14, 63), (13, 63), (12, 63), (11, 63), (11, 62), (11, 61), (11, 60), (11, 59), (11, 58), (11, 57), (11, 56), (11, 56)], 4: [(35, 44), (34, 44), (33, 44), (32, 44), (31, 44), (30, 44), (30, 45), (29, 45), (29, 46), (29, 47), (29, 48), (29, 49), (29, 50), (29, 51), (29, 52), (29, 53), (29, 54), (29, 55), (29, 56), (29, 57), (29, 58), (29, 59), (29, 60), (29, 61), (29, 62), (28, 62), (27, 62), (27, 63), (27, 64), (27, 65), (27, 66), (28, 66), (29, 66), (29, 67), (30, 67), (31, 67), (32, 67), (33, 67), (33, 68), (33, 69), (33, 69)]}, 139)