

CBSS-C STATS
starts:[2658, 1245, 3368, 2436, 2002]
targets:[1066, 2844, 697, 3716, 896, 5015, 1320, 3734, 2842, 4542]
dests:[4043, 4752, 547, 4315, 4674]
ac_dict:{1066: {0, 1}, 2844: {1, 2}, 697: {2, 3}, 3716: {3, 4}, 4043: {0}, 4752: {1}, 547: {2}, 4315: {3}, 4674: {4}}
clusters:[1 1 1 1 0 0 1 0 1 0]

round: 1
best_g_value: 368.0
open_list_size: 0
num_low_level_expanded: 2709
search_success: 1
search_time: 0.15004047332331538
n_tsp_call: 1
n_tsp_time: 0.06645412603393197
n_roots: 1
num_conflicts: 0
target_assignment: {2844: 2, 4542: 4}
cluster_target_selection: {1: 2844, 0: 4542}
num_nodes_transformed_graph: 29
agent_paths:({0: [(58, 40), (57, 40), (56, 40), (55, 40), (54, 40), (53, 40), (52, 40), (51, 40), (50, 40), (49, 40), (48, 40), (47, 40), (46, 40), (45, 40), (44, 40), (43, 40), (42, 40), (41, 40), (40, 40), (39, 40), (38, 40), (37, 40), (36, 40), (35, 40), (34, 40), (33, 40), (32, 40), (31, 40), (30, 40), (29, 40), (28, 40), (27, 40), (27, 41), (27, 42), (27, 43), (27, 44), (27, 45), (27, 46), (27, 47), (27, 48), (27, 49), (27, 50), (26, 50), (26, 51), (25, 51), (24, 51), (24, 52), (24, 53), (23, 53), (22, 53), (22, 54), (21, 54), (20, 54), (19, 54), (18, 54), (17, 54), (17, 55), (17, 56), (17, 57), (17, 58), (17, 59), (17, 60), (17, 61), (17, 62), (16, 62), (15, 62), (14, 62), (13, 62), (13, 62)], 1: [(10, 19), (10, 20), (10, 21), (11, 21), (12, 21), (13, 21), (14, 21), (15, 21), (16, 21), (17, 21), (18, 21), (19, 21), (19, 22), (19, 23), (19, 24), (19, 25), (19, 26), (19, 27), (19, 28), (19, 29), (19, 30), (19, 31), (19, 32), (19, 33), (19, 34), (19, 35), (19, 36), (19, 37), (19, 38), (19, 39), (19, 40), (19, 41), (19, 42), (20, 42), (20, 43), (20, 44), (21, 44), (22, 44), (23, 44), (24, 44), (25, 44), (26, 44), (26, 45), (27, 45), (27, 46), (27, 47), (27, 48), (27, 49), (27, 50), (26, 50), (26, 51), (25, 51), (24, 51), (24, 52), (24, 53), (23, 53), (22, 53), (22, 54), (21, 54), (20, 54), (19, 54), (18, 54), (17, 54), (17, 55), (17, 56), (17, 57), (17, 58), (17, 59), (17, 60), (17, 61), (17, 62), (16, 62), (15, 62), (14, 62), (14, 63), (14, 64), (14, 65), (14, 66), (14, 67), (14, 68), (14, 69), (14, 70), (14, 71), (14, 72), (14, 73), (14, 74), (14, 75), (14, 76), (13, 76), (12, 76), (11, 76), (10, 76), (9, 76), (8, 76), (7, 76), (7, 75), (7, 74), (7, 73), (7, 73)], 2: [(53, 51), (52, 51), (52, 50), (52, 49), (52, 48), (51, 48), (51, 47), (51, 46), (51, 45), (50, 45), (49, 45), (49, 44), (49, 43), (48, 43), (47, 43), (47, 42), (46, 42), (45, 42), (44, 42), (43, 42), (42, 42), (41, 42), (40, 42), (39, 42), (38, 42), (37, 42), (36, 42), (35, 42), (34, 42), (33, 42), (32, 42), (31, 42), (30, 42), (29, 42), (28, 42), (27, 42), (27, 41), (27, 40), (27, 39), (27, 38), (27, 37), (27, 36), (27, 35), (27, 34), (27, 33), (27, 32), (27, 31), (27, 30), (27, 29), (27, 28), (27, 27), (27, 26), (27, 25), (27, 24), (27, 23), (27, 22), (27, 21), (27, 20), (27, 19), (27, 18), (27, 17), (27, 16), (27, 15), (27, 14), (27, 13), (27, 12), (27, 11), (27, 10), (27, 9), (27, 8), (27, 8)], 3: [(31, 37), (30, 37), (29, 37), (28, 37), (27, 37), (27, 38), (27, 39), (27, 40), (27, 41), (27, 42), (27, 43), (27, 44), (27, 45), (27, 46), (27, 47), (27, 48), (27, 49), (27, 50), (26, 50), (26, 51), (25, 51), (25, 52), (25, 53), (25, 54), (25, 55), (25, 56), (25, 57), (25, 58), (25, 59), (25, 60), (25, 61), (25, 62), (25, 63), (25, 64), (25, 65), (25, 66), (25, 66)], 4: [(52, 30), (51, 30), (50, 30), (49, 30), (48, 30), (47, 30), (46, 30), (45, 30), (44, 30), (43, 30), (42, 30), (41, 30), (40, 30), (39, 30), (38, 30), (37, 30), (36, 30), (35, 30), (34, 30), (34, 29), (33, 29), (32, 29), (31, 29), (30, 29), (29, 29), (29, 30), (29, 31), (29, 32), (29, 33), (29, 34), (29, 35), (29, 36), (29, 37), (29, 38), (29, 39), (29, 40), (29, 41), (29, 42), (29, 43), (29, 44), (29, 45), (29, 46), (29, 47), (29, 48), (29, 49), (29, 50), (29, 51), (29, 52), (29, 53), (29, 54), (29, 55), (29, 56), (29, 57), (29, 58), (29, 59), (29, 60), (29, 61), (29, 62), (28, 62), (27, 62), (27, 63), (27, 64), (27, 65), (27, 66), (28, 66), (29, 66), (29, 67), (30, 67), (31, 67), (32, 67), (33, 67), (34, 67), (35, 67), (36, 67), (37, 67), (38, 67), (39, 67), (40, 67), (41, 67), (42, 67), (43, 67), (44, 67), (45, 67), (46, 67), (47, 67), (48, 67), (49, 67), (50, 67), (51, 67), (52, 67), (53, 67), (54, 67), (55, 67), (56, 67), (57, 67), (57, 68), (57, 69), (58, 69), (59, 69), (59, 70), (59, 71), (59, 71)]}, 100)