

CBSS-C STATS
starts:[808, 5010, 592, 4447, 5129]
targets:[1595, 934, 702, 4922, 3724, 1419, 4732, 591, 2825, 4720, 3458, 3582, 157, 923, 2626, 213, 1973, 556, 3750, 4186]
dests:[4341, 4251, 1499, 2886, 725]
ac_dict:{1595: {0, 1}, 934: {1, 2}, 702: {2, 3}, 4922: {3, 4}, 4341: {0}, 4251: {1}, 1499: {2}, 2886: {3}, 725: {4}}
clusters:[6 6 1 6 3 1 8 6 5 0 2 5 5 6 6 9 7 2 4 5]

round: 3
best_g_value: 440.0
open_list_size: 2
num_low_level_expanded: 4460
search_success: 1
search_time: 0.8154497649520636
n_tsp_call: 1
n_tsp_time: 0.6368487691506743
n_roots: 1
num_conflicts: 2
target_assignment: {213: 0, 1419: 0, 3750: 3, 4732: 4, 4720: 4, 4186: 4, 3724: 4, 3458: 4, 2626: 4, 1973: 4}
cluster_target_selection: {9: 213, 1: 1419, 4: 3750, 8: 4732, 0: 4720, 5: 4186, 3: 3724, 2: 3458, 6: 2626, 7: 1973}
num_nodes_transformed_graph: 52
agent_paths:({0: [(28, 12), (27, 12), (26, 12), (25, 12), (24, 12), (23, 12), (22, 12), (21, 12), (20, 12), (20, 11), (20, 10), (20, 9), (20, 8), (19, 8), (19, 7), (19, 6), (19, 5), (19, 4), (19, 3), (18, 3), (19, 3), (20, 3), (21, 3), (22, 3), (23, 3), (24, 3), (25, 3), (26, 3), (27, 3), (27, 4), (27, 5), (27, 6), (27, 7), (27, 8), (27, 9), (27, 10), (27, 11), (27, 12), (27, 13), (27, 14), (27, 15), (27, 16), (27, 17), (27, 18), (28, 18), (28, 19), (28, 20), (28, 21), (28, 22), (28, 23), (28, 24), (28, 25), (28, 26), (29, 26), (29, 27), (30, 27), (31, 27), (32, 27), (33, 27), (34, 27), (35, 27), (36, 27), (37, 27), (38, 27), (39, 27), (40, 27), (41, 27), (42, 27), (43, 27), (44, 27), (45, 27), (46, 27), (47, 27), (48, 27), (49, 27), (50, 27), (51, 27), (51, 26), (51, 25), (51, 24), (51, 23), (51, 22), (51, 21), (52, 21), (53, 21), (54, 21), (53, 21), (52, 21), (51, 21), (51, 22), (51, 23), (51, 24), (51, 25), (51, 26), (51, 27), (51, 28), (51, 29), (50, 29), (49, 29), (48, 29), (47, 29), (46, 29), (45, 29), (44, 29), (43, 29), (42, 29), (41, 29), (40, 29), (39, 29), (38, 29), (37, 29), (36, 29), (35, 29), (34, 29), (33, 29), (32, 29), (31, 29), (30, 29), (29, 29), (29, 30), (29, 31), (29, 32), (29, 33), (29, 34), (29, 35), (29, 36), (29, 37), (29, 38), (29, 39), (29, 40), (29, 41), (29, 42), (29, 43), (29, 44), (29, 45), (29, 46), (29, 47), (29, 48), (29, 49), (29, 50), (29, 51), (29, 52), (29, 53), (29, 54), (29, 55), (29, 56), (29, 57), (29, 58), (29, 59), (29, 60), (29, 61), (29, 62), (28, 62), (27, 62), (27, 63), (27, 64), (27, 65), (27, 66), (28, 66), (29, 66), (29, 67), (30, 67), (31, 67), (32, 67), (33, 67), (34, 67), (34, 66), (35, 66), (36, 66), (37, 66), (38, 66), (39, 66), (40, 66), (41, 66), (42, 66), (43, 66), (44, 66), (45, 66), (46, 66), (47, 66), (48, 66), (49, 66), (50, 66), (51, 66), (51, 66)], 1: [(5, 77), (5, 76), (6, 76), (7, 76), (8, 76), (9, 76), (10, 76), (11, 76), (12, 76), (13, 76), (14, 76), (14, 75), (14, 74), (14, 73), (14, 72), (14, 71), (14, 70), (14, 69), (14, 68), (14, 67), (14, 66), (14, 65), (15, 65), (16, 65), (17, 65), (18, 65), (19, 65), (20, 65), (21, 65), (22, 65), (23, 65), (24, 65), (25, 65), (26, 65), (26, 65)], 2: [(7, 9), (6, 9), (5, 9), (4, 9), (4, 10), (4, 11), (4, 12), (4, 13), (4, 14), (4, 15), (4, 16), (4, 17), (4, 18), (4, 19), (4, 20), (4, 21), (4, 22), (4, 23), (4, 23)], 3: [(27, 68), (27, 67), (27, 66), (27, 65), (27, 64), (27, 63), (27, 62), (27, 61), (27, 60), (27, 59), (27, 58), (27, 57), (28, 57), (29, 57), (30, 57), (31, 57), (32, 57), (33, 57), (34, 57), (35, 57), (36, 57), (37, 57), (38, 57), (39, 57), (40, 57), (41, 57), (42, 57), (43, 57), (44, 57), (45, 57), (44, 57), (43, 57), (42, 57), (41, 57), (40, 57), (39, 57), (38, 57), (37, 57), (36, 57), (35, 57), (34, 57), (33, 57), (32, 57), (31, 57), (30, 57), (29, 57), (28, 57), (27, 57), (27, 56), (27, 55), (27, 54), (27, 53), (27, 52), (27, 51), (27, 50), (27, 49), (27, 48), (27, 47), (27, 46), (27, 45), (26, 45), (26, 44), (26, 44)], 4: [(59, 78), (58, 78), (58, 77), (58, 76), (57, 76), (56, 76), (55, 76), (54, 76), (53, 76), (52, 76), (52, 75), (52, 74), (52, 73), (52, 72), (51, 72), (50, 72), (49, 72), (48, 72), (47, 72), (46, 72), (45, 72), (44, 72), (43, 72), (42, 72), (41, 72), (40, 72), (39, 72), (38, 72), (37, 72), (36, 72), (35, 72), (34, 72), (34, 71), (34, 70), (34, 69), (33, 69), (32, 69), (31, 69), (30, 69), (29, 69), (28, 69), (27, 69), (27, 68), (27, 67), (27, 66), (27, 65), (27, 64), (26, 64), (25, 64), (24, 64), (23, 64), (22, 64), (21, 64), (20, 64), (19, 64), (19, 63), (19, 62), (19, 61), (19, 60), (19, 59), (19, 58), (19, 57), (18, 57), (17, 57), (17, 56), (16, 56), (15, 56), (14, 56), (13, 56), (13, 55), (13, 54), (13, 53), (13, 54), (14, 54), (15, 54), (16, 54), (17, 54), (18, 54), (19, 54), (20, 54), (21, 54), (22, 54), (22, 53), (23, 53), (24, 53), (24, 52), (24, 51), (25, 51), (26, 51), (26, 50), (27, 50), (27, 49), (27, 48), (27, 47), (27, 46), (27, 45), (27, 44), (27, 43), (26, 43), (26, 42), (26, 41), (26, 40), (25, 40), (24, 40), (23, 40), (23, 39), (23, 38), (23, 37), (23, 36), (23, 35), (23, 34), (23, 33), (23, 32), (23, 31), (23, 30), (22, 30), (21, 30), (20, 30), (19, 30), (19, 29), (19, 28), (19, 27), (19, 26), (19, 25), (19, 24), (19, 23), (19, 22), (19, 21), (18, 21), (17, 21), (16, 21), (15, 21), (14, 21), (13, 21), (12, 21), (11, 21), (10, 21), (10, 20), (10, 19), (10, 18), (10, 17), (10, 16), (10, 15), (10, 14), (10, 13), (10, 12), (10, 11), (10, 11)]}, 183)