

CBSS-C STATS
starts:[4629, 4584, 2459, 3106, 447, 441, 2892, 3628, 2830, 3503]
targets:[3304, 2826, 1065, 4674, 1286, 4918, 2506, 2527, 4706, 2011, 4449, 545, 595, 3613, 699]
dests:[2639, 2655, 3266, 1388, 3616, 4870, 2960, 1126, 539, 4530]
ac_dict:{3304: {0, 1}, 2826: {1, 2}, 1065: {2, 3}, 4674: {3, 4}, 1286: {4, 5}, 4918: {5, 6}, 2506: {6, 7}, 2527: {8, 7}, 4706: {8, 9}, 2639: {0}, 2655: {1}, 3266: {2}, 1388: {3}, 3616: {4}, 4870: {5}, 2960: {6}, 1126: {7}, 539: {8}, 4530: {9}}
clusters:[7 2 0 3 9 4 6 1 5 3 5 6 8 9 4]

round: 8
best_g_value: 806.0
open_list_size: 7
num_low_level_expanded: 13501
search_success: 1
search_time: 2.4354031612165272
n_tsp_call: 1
n_tsp_time: 1.7637276099994779
n_roots: 1
num_conflicts: 7
target_assignment: {3304: 1, 699: 4, 3613: 4, 595: 8, 4449: 5, 2527: 7, 2506: 7, 2011: 7, 2826: 2, 1065: 3}
cluster_target_selection: {7: 3304, 4: 699, 9: 3613, 8: 595, 5: 4449, 1: 2527, 6: 2506, 3: 2011, 2: 2826, 0: 1065}
num_nodes_transformed_graph: 98
agent_paths:({0: [(14, 71), (14, 70), (14, 69), (14, 68), (14, 67), (14, 66), (14, 65), (14, 64), (14, 63), (14, 62), (15, 62), (16, 62), (17, 62), (17, 61), (17, 60), (17, 59), (17, 58), (17, 57), (17, 56), (17, 55), (17, 54), (18, 54), (19, 54), (20, 54), (21, 54), (22, 54), (22, 53), (23, 53), (24, 53), (24, 52), (24, 51), (25, 51), (26, 51), (26, 50), (27, 50), (27, 49), (27, 48), (28, 48), (28, 47), (28, 46), (28, 45), (28, 44), (28, 43), (28, 42), (28, 41), (28, 40), (29, 40), (30, 40), (31, 40), (32, 40), (33, 40), (34, 40), (35, 40), (36, 40), (37, 40), (38, 40), (39, 40), (39, 40)], 1: [(34, 70), (34, 69), (34, 68), (34, 67), (33, 67), (32, 67), (31, 67), (30, 67), (29, 67), (29, 66), (28, 66), (27, 66), (27, 65), (27, 64), (27, 63), (27, 62), (27, 61), (27, 60), (27, 59), (27, 58), (27, 57), (27, 56), (27, 55), (27, 54), (27, 53), (27, 52), (27, 51), (27, 50), (28, 50), (29, 50), (29, 49), (29, 48), (29, 47), (29, 46), (29, 45), (30, 45), (30, 44), (31, 44), (31, 43), (32, 43), (33, 43), (34, 43), (35, 43), (36, 43), (37, 43), (37, 42), (38, 42), (39, 42), (40, 42), (41, 42), (42, 42), (43, 42), (44, 42), (45, 42), (46, 42), (47, 42), (48, 42), (49, 42), (50, 42), (51, 42), (52, 42), (53, 42), (53, 43), (53, 44), (53, 45), (53, 46), (53, 47), (53, 48), (53, 49), (53, 50), (54, 50), (53, 50), (53, 49), (53, 48), (53, 47), (53, 46), (53, 45), (53, 44), (53, 43), (53, 42), (53, 41), (53, 40), (54, 40), (55, 40), (55, 40)], 2: [(54, 37), (53, 37), (52, 37), (51, 37), (50, 37), (50, 38), (49, 38), (48, 38), (47, 38), (46, 38), (45, 38), (44, 38), (43, 38), (42, 38), (41, 38), (40, 38), (39, 38), (38, 38), (37, 38), (36, 38), (35, 38), (34, 38), (33, 38), (32, 38), (31, 38), (31, 39), (31, 40), (31, 41), (31, 42), (31, 43), (30, 43), (29, 43), (28, 43), (27, 43), (27, 44), (27, 45), (27, 46), (27, 47), (27, 48), (27, 49), (27, 50), (26, 50), (26, 51), (25, 51), (24, 51), (24, 52), (24, 53), (23, 53), (22, 53), (22, 54), (21, 54), (20, 54), (19, 54), (18, 54), (17, 54), (16, 54), (16, 53), (16, 52), (16, 51), (16, 50), (16, 50)], 3: [(51, 47), (51, 46), (51, 45), (50, 45), (49, 45), (48, 45), (47, 45), (47, 44), (47, 43), (47, 42), (46, 42), (45, 42), (44, 42), (43, 42), (42, 42), (41, 42), (40, 42), (39, 42), (38, 42), (37, 42), (36, 42), (35, 42), (34, 42), (33, 42), (32, 42), (31, 42), (30, 42), (29, 42), (28, 42), (27, 42), (26, 42), (25, 42), (25, 41), (25, 40), (25, 39), (25, 38), (25, 37), (25, 36), (25, 35), (25, 34), (25, 33), (25, 32), (25, 31), (25, 30), (25, 29), (25, 28), (25, 27), (25, 26), (25, 25), (25, 24), (25, 23), (25, 22), (25, 21), (25, 20), (25, 19), (25, 18), (25, 17), (25, 16), (24, 16), (23, 16), (23, 17), (23, 18), (23, 19), (23, 20), (23, 21), (23, 21)], 4: [(57, 6), (56, 6), (55, 6), (54, 6), (53, 6), (52, 6), (51, 6), (50, 6), (50, 7), (50, 8), (50, 9), (49, 9), (49, 10), (48, 10), (47, 10), (46, 10), (45, 10), (44, 10), (43, 10), (42, 10), (41, 10), (40, 10), (39, 10), (38, 10), (38, 11), (38, 12), (38, 13), (37, 13), (36, 13), (35, 13), (34, 13), (33, 13), (32, 13), (31, 13), (30, 13), (29, 13), (29, 14), (28, 14), (27, 14), (27, 15), (27, 16), (27, 17), (27, 18), (28, 18), (28, 19), (28, 20), (28, 21), (28, 22), (28, 23), (28, 24), (28, 25), (28, 26), (28, 27), (28, 28), (28, 29), (28, 30), (28, 31), (29, 31), (29, 32), (29, 33), (29, 34), (29, 35), (29, 36), (29, 37), (29, 38), (29, 39), (29, 40), (29, 41), (29, 42), (29, 43), (29, 44), (29, 45), (29, 46), (29, 47), (29, 48), (29, 49), (29, 50), (30, 50), (30, 51), (31, 51), (32, 51), (33, 51), (33, 52), (33, 53), (34, 53), (35, 53), (36, 53), (37, 53), (38, 53), (38, 54), (38, 55), (39, 55), (40, 55), (41, 55), (41, 55)], 5: [(51, 6), (50, 6), (50, 7), (50, 8), (50, 9), (49, 9), (49, 10), (48, 10), (47, 10), (46, 10), (45, 10), (44, 10), (43, 10), (42, 10), (41, 10), (40, 10), (39, 10), (38, 10), (37, 10), (36, 10), (35, 10), (34, 10), (34, 11), (33, 11), (32, 11), (31, 11), (30, 11), (29, 11), (29, 12), (29, 13), (29, 14), (28, 14), (27, 14), (27, 15), (27, 16), (27, 17), (27, 18), (27, 19), (27, 20), (27, 21), (27, 22), (27, 23), (27, 24), (27, 25), (27, 26), (27, 27), (27, 28), (27, 29), (27, 30), (27, 31), (27, 32), (27, 33), (27, 34), (27, 35), (27, 36), (27, 37), (27, 38), (27, 39), (27, 40), (27, 41), (27, 42), (27, 43), (27, 44), (27, 45), (27, 46), (27, 47), (27, 48), (27, 49), (27, 50), (27, 51), (27, 52), (27, 53), (27, 54), (27, 55), (27, 56), (27, 57), (27, 58), (27, 59), (27, 60), (27, 61), (27, 62), (27, 63), (27, 64), (27, 65), (27, 66), (28, 66), (29, 66), (29, 67), (29, 68), (30, 68), (31, 68), (32, 68), (33, 68), (34, 68), (35, 68), (36, 68), (37, 68), (38, 68), (39, 68), (40, 68), (41, 68), (42, 68), (43, 68), (44, 68), (45, 68), (46, 68), (47, 68), (48, 68), (49, 68), (50, 68), (51, 68), (52, 68), (53, 68), (54, 68), (55, 68), (56, 68), (57, 68), (58, 68), (59, 68), (60, 68), (60, 69), (60, 70), (60, 71), (60, 72), (60, 73), (60, 74), (60, 74)], 6: [(32, 44), (33, 44), (34, 44), (35, 44), (35, 45), (35, 45)], 7: [(53, 55), (53, 54), (53, 53), (53, 52), (53, 51), (53, 50), (53, 49), (53, 48), (53, 47), (53, 46), (53, 45), (53, 44), (53, 43), (53, 42), (53, 41), (53, 40), (53, 39), (53, 38), (54, 38), (55, 38), (56, 38), (57, 38), (56, 38), (55, 38), (54, 38), (53, 38), (52, 38), (51, 38), (50, 38), (49, 38), (48, 38), (47, 38), (46, 38), (45, 38), (44, 38), (43, 38), (42, 38), (41, 38), (40, 38), (39, 38), (38, 38), (37, 38), (36, 38), (36, 37), (35, 37), (34, 37), (34, 36), (34, 35), (33, 35), (32, 35), (31, 35), (30, 35), (29, 35), (29, 34), (29, 33), (29, 32), (29, 31), (29, 30), (29, 29), (30, 29), (31, 29), (32, 29), (33, 29), (34, 29), (35, 29), (36, 29), (37, 29), (38, 29), (39, 29), (40, 29), (41, 29), (42, 29), (43, 29), (44, 29), (45, 29), (46, 29), (47, 29), (48, 29), (49, 29), (50, 29), (51, 29), (52, 29), (53, 29), (54, 29), (55, 29), (56, 29), (57, 29), (58, 29), (59, 29), (60, 29), (61, 29), (61, 30), (60, 30), (59, 30), (58, 30), (57, 30), (56, 30), (55, 30), (54, 30), (53, 30), (52, 30), (51, 30), (50, 30), (49, 30), (48, 30), (47, 30), (46, 30), (45, 30), (44, 30), (43, 30), (42, 30), (41, 30), (40, 30), (39, 30), (38, 30), (37, 30), (36, 30), (35, 30), (34, 30), (34, 29), (33, 29), (32, 29), (31, 29), (30, 29), (29, 29), (28, 29), (27, 29), (26, 29), (25, 29), (24, 29), (23, 29), (22, 29), (21, 29), (21, 28), (21, 27), (21, 26), (21, 25), (21, 24), (21, 23), (21, 22), (21, 21), (21, 20), (21, 19), (21, 18), (21, 17), (21, 17)], 8: [(35, 43), (34, 43), (33, 43), (32, 43), (31, 43), (30, 43), (29, 43), (28, 43), (27, 43), (26, 43), (25, 43), (24, 43), (23, 43), (22, 43), (21, 43), (20, 43), (20, 42), (19, 42), (19, 41), (19, 40), (19, 39), (19, 38), (19, 37), (19, 36), (19, 35), (19, 34), (19, 33), (19, 32), (19, 31), (19, 30), (19, 29), (19, 28), (19, 27), (19, 26), (19, 25), (19, 24), (19, 23), (19, 22), (19, 21), (18, 21), (17, 21), (16, 21), (15, 21), (14, 21), (13, 21), (12, 21), (11, 21), (10, 21), (10, 20), (10, 19), (10, 18), (10, 17), (10, 16), (10, 15), (10, 14), (10, 13), (10, 12), (10, 11), (10, 10), (10, 9), (10, 10), (10, 11), (11, 11), (12, 11), (12, 12), (12, 13), (12, 14), (12, 15), (12, 16), (12, 17), (12, 18), (12, 19), (13, 19), (14, 19), (15, 19), (16, 19), (17, 19), (18, 19), (18, 18), (19, 18), (20, 18), (20, 17), (20, 16), (20, 15), (20, 14), (20, 13), (20, 12), (20, 11), (20, 10), (20, 9), (20, 8), (19, 8), (19, 8)], 9: [(58, 53), (57, 53), (56, 53), (55, 53), (54, 53), (53, 53), (52, 53), (52, 52), (52, 51), (52, 50), (52, 49), (52, 48), (51, 48), (51, 47), (51, 46), (51, 45), (50, 45), (49, 45), (48, 45), (47, 45), (47, 44), (47, 43), (47, 42), (46, 42), (45, 42), (44, 42), (43, 42), (42, 42), (41, 42), (40, 42), (39, 42), (38, 42), (37, 42), (37, 43), (37, 44), (36, 44), (35, 44), (34, 44), (33, 44), (32, 44), (31, 44), (30, 44), (30, 45), (29, 45), (29, 46), (29, 47), (29, 48), (29, 49), (29, 50), (29, 51), (29, 52), (29, 53), (29, 54), (29, 55), (29, 56), (29, 57), (29, 58), (29, 59), (29, 60), (29, 61), (29, 62), (28, 62), (27, 62), (27, 63), (27, 64), (27, 65), (27, 66), (28, 66), (29, 66), (29, 67), (30, 67), (31, 67), (32, 67), (33, 67), (34, 67), (35, 67), (36, 67), (37, 67), (38, 67), (39, 67), (40, 67), (41, 67), (42, 67), (43, 67), (44, 67), (45, 67), (45, 68), (45, 69), (45, 69)]}, 144)