

CBSS-C STATS
starts:[672, 757, 2465, 4733, 3529, 3927, 1596, 892, 4666, 1942]
targets:[3549, 1847, 3473, 4525, 2588, 4332, 2686, 1873, 4466, 737, 1304, 2044, 2228, 2301, 330]
dests:[3619, 4043, 3478, 1507, 3730, 3912, 4673, 3341, 4923, 530]
ac_dict:{3549: {0, 1}, 1847: {1, 2}, 3473: {2, 3}, 4525: {3, 4}, 2588: {4, 5}, 4332: {5, 6}, 2686: {6, 7}, 1873: {8, 7}, 4466: {8, 9}, 3619: {0}, 4043: {1}, 3478: {2}, 1507: {3}, 3730: {4}, 3912: {5}, 4673: {6}, 3341: {7}, 4923: {8}, 530: {9}}
clusters:[8 4 0 6 5 5 0 7 1 2 2 3 0 9 9]

round: 5
best_g_value: 613.0
open_list_size: 4
num_low_level_expanded: 5656
search_success: 1
search_time: 14.287139808759093
n_tsp_call: 16
n_tsp_time: 11.701478081289679
n_roots: 1
num_conflicts: 4
target_assignment: {737: 0, 2044: 0, 3549: 0, 1847: 1, 4525: 3, 2301: 3, 2228: 3, 1873: 7, 4332: 6, 4466: 8}
cluster_target_selection: {2: 737, 3: 2044, 8: 3549, 4: 1847, 6: 4525, 9: 2301, 0: 2228, 7: 1873, 5: 4332, 1: 4466}
num_nodes_transformed_graph: 98
agent_paths:({0: [(22, 10), (22, 11), (23, 11), (24, 11), (25, 11), (26, 11), (27, 11), (27, 12), (27, 13), (27, 14), (27, 15), (27, 16), (27, 17), (27, 18), (28, 18), (28, 19), (28, 20), (28, 21), (28, 22), (28, 23), (28, 24), (28, 25), (28, 26), (29, 26), (29, 27), (29, 28), (29, 29), (29, 30), (29, 31), (29, 32), (29, 33), (29, 34), (29, 35), (29, 36), (29, 37), (29, 38), (29, 39), (29, 40), (29, 41), (29, 42), (29, 43), (29, 44), (29, 45), (29, 46), (29, 47), (29, 48), (29, 49), (29, 50), (30, 50), (30, 51), (31, 51), (32, 51), (32, 52), (32, 53), (32, 54), (33, 54), (34, 54), (35, 54), (36, 54), (37, 54), (38, 54), (39, 54), (40, 54), (41, 54), (42, 54), (43, 54), (44, 54), (44, 55), (44, 55)], 1: [(42, 11), (41, 11), (40, 11), (39, 11), (38, 11), (37, 11), (36, 11), (35, 11), (34, 11), (33, 11), (32, 11), (31, 11), (30, 11), (29, 11), (28, 11), (27, 11), (27, 12), (27, 13), (27, 14), (27, 15), (27, 16), (27, 17), (27, 18), (27, 19), (27, 20), (27, 21), (27, 22), (27, 23), (27, 24), (27, 25), (27, 26), (27, 27), (27, 28), (27, 29), (27, 30), (27, 31), (27, 32), (27, 33), (27, 34), (27, 35), (27, 36), (27, 37), (27, 38), (27, 39), (27, 40), (27, 41), (27, 42), (27, 43), (27, 44), (27, 45), (27, 46), (28, 46), (28, 47), (27, 47), (27, 48), (27, 49), (27, 50), (26, 50), (26, 51), (25, 51), (24, 51), (24, 52), (24, 53), (23, 53), (22, 53), (22, 54), (21, 54), (20, 54), (19, 54), (18, 54), (17, 54), (17, 55), (17, 56), (17, 57), (17, 58), (17, 59), (17, 60), (17, 61), (17, 62), (16, 62), (15, 62), (14, 62), (13, 62), (13, 62)], 2: [(60, 37), (59, 37), (58, 37), (57, 37), (56, 37), (55, 37), (54, 37), (53, 37), (52, 37), (51, 37), (50, 37), (50, 38), (49, 38), (48, 38), (47, 38), (46, 38), (45, 38), (44, 38), (43, 38), (42, 38), (41, 38), (40, 38), (39, 38), (38, 38), (37, 38), (36, 38), (35, 38), (34, 38), (33, 38), (33, 39), (33, 40), (33, 41), (33, 42), (33, 43), (33, 44), (32, 44), (31, 44), (30, 44), (30, 45), (29, 45), (29, 46), (29, 47), (29, 48), (29, 49), (29, 50), (30, 50), (30, 51), (31, 51), (32, 51), (33, 51), (33, 52), (33, 53), (33, 53)], 3: [(53, 72), (52, 72), (51, 72), (50, 72), (49, 72), (48, 72), (47, 72), (46, 72), (45, 72), (44, 72), (43, 72), (42, 72), (41, 72), (40, 72), (40, 71), (40, 70), (40, 69), (39, 69), (38, 69), (37, 69), (36, 69), (35, 69), (34, 69), (33, 69), (32, 69), (31, 69), (30, 69), (29, 69), (28, 69), (27, 69), (27, 68), (27, 67), (27, 66), (27, 65), (27, 64), (27, 63), (27, 62), (27, 61), (27, 60), (27, 59), (27, 58), (27, 57), (27, 56), (27, 55), (27, 54), (27, 53), (27, 52), (27, 51), (27, 50), (27, 49), (27, 48), (27, 47), (27, 46), (27, 45), (26, 45), (26, 44), (26, 43), (26, 42), (26, 41), (26, 40), (26, 39), (26, 38), (26, 37), (26, 36), (26, 35), (25, 35), (24, 35), (23, 35), (22, 35), (21, 35), (20, 35), (19, 35), (18, 35), (18, 34), (18, 33), (19, 33), (19, 32), (19, 31), (19, 30), (19, 29), (19, 28), (19, 27), (19, 26), (19, 25), (19, 24), (19, 23), (19, 22), (19, 21), (18, 21), (17, 21), (16, 21), (15, 21), (14, 21), (13, 21), (12, 21), (12, 22), (12, 23), (12, 23)], 4: [(19, 54), (20, 54), (21, 54), (22, 54), (23, 54), (24, 54), (25, 54), (25, 55), (25, 56), (25, 57), (25, 57)], 5: [(27, 60), (26, 60), (25, 60), (25, 61), (25, 62), (25, 63), (24, 63), (24, 64), (23, 64), (22, 64), (21, 64), (20, 64), (19, 64), (18, 64), (17, 64), (16, 64), (15, 64), (14, 64), (14, 63), (13, 63), (12, 63), (12, 62), (12, 61), (12, 60), (12, 60)], 6: [(36, 24), (36, 25), (36, 26), (36, 27), (36, 28), (36, 29), (35, 29), (34, 29), (33, 29), (32, 29), (31, 29), (30, 29), (29, 29), (29, 30), (29, 31), (29, 32), (29, 33), (29, 34), (29, 35), (29, 36), (29, 37), (29, 38), (29, 39), (29, 40), (29, 41), (29, 42), (29, 43), (29, 44), (29, 45), (29, 46), (29, 47), (29, 48), (29, 49), (29, 50), (29, 51), (29, 52), (29, 53), (29, 54), (29, 55), (29, 56), (29, 57), (29, 58), (29, 59), (29, 60), (29, 61), (29, 62), (28, 62), (27, 62), (27, 63), (27, 64), (27, 65), (27, 66), (28, 66), (29, 66), (29, 67), (30, 67), (31, 67), (32, 67), (33, 67), (34, 67), (34, 66), (35, 66), (36, 66), (37, 66), (38, 66), (39, 66), (40, 66), (41, 66), (42, 66), (43, 66), (44, 66), (45, 66), (46, 66), (47, 66), (48, 66), (49, 66), (50, 66), (51, 66), (52, 66), (53, 66), (54, 66), (55, 66), (56, 66), (57, 66), (58, 66), (58, 67), (58, 68), (58, 69), (58, 70), (58, 71), (58, 71)], 7: [(47, 13), (46, 13), (45, 13), (44, 13), (43, 13), (42, 13), (41, 13), (40, 13), (39, 13), (38, 13), (37, 13), (36, 13), (35, 13), (34, 13), (33, 13), (32, 13), (31, 13), (30, 13), (29, 13), (29, 14), (28, 14), (27, 14), (27, 15), (27, 16), (27, 17), (27, 18), (28, 18), (28, 19), (28, 20), (28, 21), (28, 22), (28, 23), (28, 24), (28, 25), (28, 26), (29, 26), (29, 27), (30, 27), (31, 27), (32, 27), (33, 27), (34, 27), (35, 27), (36, 27), (37, 27), (38, 27), (39, 27), (40, 27), (41, 27), (42, 27), (43, 27), (44, 27), (45, 27), (46, 27), (47, 27), (48, 27), (49, 27), (50, 27), (51, 27), (52, 27), (53, 27), (53, 28), (52, 28), (51, 28), (50, 28), (49, 28), (48, 28), (47, 28), (46, 28), (45, 28), (44, 28), (43, 28), (42, 28), (41, 28), (40, 28), (39, 28), (38, 28), (37, 28), (36, 28), (35, 28), (34, 28), (33, 28), (32, 28), (31, 28), (30, 28), (29, 28), (28, 28), (27, 28), (27, 29), (27, 30), (27, 31), (27, 32), (27, 33), (27, 34), (27, 35), (27, 36), (27, 37), (27, 38), (27, 39), (27, 40), (27, 41), (27, 42), (27, 43), (27, 44), (27, 45), (27, 46), (27, 47), (27, 48), (27, 49), (27, 50), (26, 50), (26, 51), (26, 51)], 8: [(51, 71), (50, 71), (49, 71), (48, 71), (47, 71), (46, 71), (46, 70), (46, 69), (46, 68), (47, 68), (48, 68), (48, 69), (48, 70), (48, 71), (48, 72), (48, 73), (48, 74), (48, 75), (48, 75)], 9: [(57, 29), (56, 29), (55, 29), (54, 29), (53, 29), (52, 29), (51, 29), (50, 29), (49, 29), (48, 29), (47, 29), (46, 29), (45, 29), (44, 29), (43, 29), (42, 29), (41, 29), (40, 29), (39, 29), (38, 29), (37, 29), (36, 29), (35, 29), (34, 29), (33, 29), (32, 29), (31, 29), (30, 29), (29, 29), (28, 29), (27, 29), (26, 29), (25, 29), (24, 29), (23, 29), (22, 29), (21, 29), (20, 29), (19, 29), (19, 28), (19, 27), (19, 26), (19, 25), (19, 24), (19, 23), (19, 22), (19, 21), (18, 21), (17, 21), (16, 21), (15, 21), (14, 21), (13, 21), (12, 21), (11, 21), (10, 21), (10, 20), (10, 19), (10, 18), (10, 17), (10, 16), (10, 15), (10, 14), (10, 13), (10, 12), (10, 11), (10, 10), (10, 9), (10, 8), (10, 8)]}, 111)