

CBSS-C STATS
starts:[2647, 3977, 312, 1584, 3931]
targets:[4608, 4856, 1714, 2298, 3237, 4742, 1906, 2685, 3788, 877, 2726, 2309, 635, 735, 4474, 4530, 3548, 2513, 417, 1651]
dests:[3744, 2701, 4005, 4849, 833]
ac_dict:{4608: {0, 1}, 4856: {1, 2}, 1714: {2, 3}, 2298: {3, 4}, 3744: {0}, 2701: {1}, 4005: {2}, 4849: {3}, 833: {4}}
clusters:[4 4 6 9 5 3 3 3 3 1 7 6 0 1 6 2 4 9 8 5]

round: 2
best_g_value: 383.0
open_list_size: 1
num_low_level_expanded: 2597
search_success: 1
search_time: 0.28816209407523274
n_tsp_call: 1
n_tsp_time: 0.19127295957878232
n_roots: 1
num_conflicts: 1
target_assignment: {2726: 0, 3548: 0, 3788: 1, 635: 2, 417: 2, 1714: 3, 2298: 3, 4530: 3, 1651: 4, 877: 4}
cluster_target_selection: {7: 2726, 4: 3548, 3: 3788, 0: 635, 8: 417, 6: 1714, 9: 2298, 2: 4530, 5: 1651, 1: 877}
num_nodes_transformed_graph: 54
agent_paths:({0: [(47, 40), (48, 40), (49, 40), (50, 40), (51, 40), (52, 40), (53, 40), (54, 40), (55, 40), (56, 40), (57, 40), (58, 40), (59, 40), (60, 40), (61, 40), (61, 41), (60, 41), (59, 41), (58, 41), (57, 41), (56, 41), (55, 41), (54, 41), (53, 41), (52, 41), (51, 41), (50, 41), (49, 41), (48, 41), (47, 41), (46, 41), (45, 41), (44, 41), (43, 41), (42, 41), (41, 41), (40, 41), (39, 41), (38, 41), (38, 42), (37, 42), (37, 43), (37, 44), (36, 44), (35, 44), (34, 44), (33, 44), (32, 44), (31, 44), (30, 44), (30, 45), (29, 45), (29, 46), (29, 47), (29, 48), (29, 49), (29, 50), (30, 50), (30, 51), (31, 51), (32, 51), (33, 51), (33, 52), (33, 53), (34, 53), (35, 53), (36, 53), (37, 53), (38, 53), (38, 54), (39, 54), (39, 55), (39, 56), (39, 57), (39, 57)], 1: [(12, 61), (13, 61), (14, 61), (14, 62), (15, 62), (16, 62), (17, 62), (17, 61), (17, 60), (17, 59), (17, 58), (18, 58), (18, 57), (18, 56), (18, 55), (18, 54), (19, 54), (20, 54), (21, 54), (22, 54), (22, 53), (23, 53), (24, 53), (24, 52), (24, 51), (25, 51), (26, 51), (26, 50), (27, 50), (28, 50), (28, 49), (28, 48), (28, 47), (28, 46), (28, 45), (28, 44), (28, 43), (28, 42), (28, 41), (29, 41), (30, 41), (31, 41), (32, 41), (33, 41), (34, 41), (35, 41), (36, 41), (36, 41)], 2: [(52, 4), (52, 5), (51, 5), (50, 5), (50, 6), (50, 7), (50, 8), (50, 9), (49, 9), (49, 10), (48, 10), (47, 10), (46, 10), (45, 10), (44, 10), (43, 10), (42, 10), (41, 10), (40, 10), (39, 10), (38, 10), (37, 10), (36, 10), (35, 10), (34, 10), (34, 11), (33, 11), (32, 11), (31, 11), (30, 11), (29, 11), (28, 11), (27, 11), (27, 10), (27, 9), (27, 8), (27, 7), (27, 6), (27, 7), (27, 8), (27, 9), (27, 10), (27, 11), (27, 12), (27, 13), (27, 14), (27, 15), (27, 16), (27, 17), (27, 18), (28, 18), (28, 19), (28, 20), (28, 21), (28, 22), (28, 23), (28, 24), (28, 25), (28, 26), (29, 26), (29, 27), (29, 28), (29, 29), (29, 30), (29, 31), (29, 32), (29, 33), (29, 34), (29, 35), (29, 36), (29, 37), (29, 38), (29, 39), (29, 40), (29, 41), (29, 42), (29, 43), (29, 44), (29, 45), (29, 46), (29, 47), (29, 48), (29, 49), (29, 50), (30, 50), (30, 51), (31, 51), (32, 51), (33, 51), (33, 52), (33, 53), (34, 53), (35, 53), (36, 53), (37, 53), (38, 53), (39, 53), (40, 53), (40, 54), (40, 55), (40, 56), (40, 57), (40, 58), (40, 59), (40, 60), (40, 61), (40, 61)], 3: [(24, 24), (24, 25), (24, 26), (23, 26), (23, 27), (23, 28), (23, 29), (23, 30), (23, 31), (23, 32), (23, 33), (23, 34), (23, 35), (24, 35), (25, 35), (26, 35), (27, 35), (27, 36), (27, 37), (27, 38), (27, 39), (27, 40), (27, 41), (27, 42), (27, 43), (27, 44), (27, 45), (27, 46), (27, 47), (27, 48), (27, 49), (27, 50), (27, 51), (27, 52), (27, 53), (27, 54), (27, 55), (27, 56), (27, 57), (27, 58), (27, 59), (27, 60), (27, 61), (27, 62), (27, 63), (27, 64), (27, 65), (27, 66), (28, 66), (29, 66), (29, 67), (30, 67), (31, 67), (32, 67), (33, 67), (34, 67), (35, 67), (36, 67), (37, 67), (38, 67), (39, 67), (40, 67), (41, 67), (42, 67), (43, 67), (44, 67), (45, 67), (45, 68), (45, 69), (44, 69), (43, 69), (42, 69), (41, 69), (40, 69), (39, 69), (39, 70), (39, 71), (39, 72), (39, 73), (39, 74), (39, 74)], 4: [(31, 60), (30, 60), (29, 60), (28, 60), (27, 60), (27, 59), (27, 58), (27, 57), (27, 56), (27, 55), (27, 54), (27, 53), (27, 52), (27, 51), (27, 50), (27, 49), (27, 48), (27, 47), (27, 46), (27, 45), (26, 45), (26, 44), (26, 43), (26, 42), (26, 41), (26, 40), (26, 39), (26, 38), (26, 37), (26, 36), (26, 35), (26, 34), (26, 33), (26, 32), (26, 31), (26, 30), (26, 29), (26, 28), (26, 27), (26, 26), (26, 25), (26, 24), (26, 23), (26, 22), (26, 21), (26, 20), (26, 19), (26, 18), (26, 17), (26, 16), (26, 15), (26, 14), (26, 13), (27, 13), (28, 13), (29, 13), (30, 13), (31, 13), (32, 13), (32, 12), (33, 12), (34, 12), (35, 12), (36, 12), (37, 12), (38, 12), (39, 12), (40, 12), (41, 12), (42, 12), (43, 12), (44, 12), (45, 12), (46, 12), (47, 12), (48, 12), (49, 12), (50, 12), (51, 12), (52, 12), (53, 12), (53, 12)]}, 105)