

CBSS-C STATS
starts:[3940, 1289, 2384, 2890, 2447, 3591, 4920, 2041, 2429, 1977]
targets:[828, 835, 3879, 351, 2880, 3488, 1402, 2656, 1915, 1192]
dests:[4504, 4861, 637, 1116, 3630, 4401, 3569, 2981, 839, 4828]
ac_dict:{828: {0, 1}, 835: {1, 2}, 3879: {2, 3}, 351: {3, 4}, 2880: {4, 5}, 3488: {5, 6}, 1402: {6, 7}, 2656: {8, 7}, 1915: {8, 9}, 4504: {0}, 4861: {1}, 637: {2}, 1116: {3}, 3630: {4}, 4401: {5}, 3569: {6}, 2981: {7}, 839: {8}, 4828: {9}}
clusters:[2 3 3 1 3 4 2 0 4 3]

round: 3
best_g_value: 654.0
open_list_size: 2
num_low_level_expanded: 7722
search_success: 1
search_time: 0.4951765248551965
n_tsp_call: 1
n_tsp_time: 0.2025910629890859
n_roots: 1
num_conflicts: 2
target_assignment: {351: 3, 1192: 3, 1915: 8, 1402: 7, 2656: 7}
cluster_target_selection: {1: 351, 3: 1192, 4: 1915, 2: 1402, 0: 2656}
num_nodes_transformed_graph: 48
agent_paths:({0: [(40, 60), (40, 59), (40, 58), (39, 58), (38, 58), (37, 58), (36, 58), (35, 58), (34, 58), (33, 58), (32, 58), (31, 58), (30, 58), (29, 58), (28, 58), (27, 58), (26, 58), (25, 58), (25, 59), (25, 60), (25, 61), (25, 62), (25, 63), (24, 63), (24, 64), (23, 64), (22, 64), (21, 64), (20, 64), (19, 64), (19, 65), (19, 66), (19, 67), (19, 68), (19, 69), (19, 69)], 1: [(54, 19), (53, 19), (52, 19), (51, 19), (51, 20), (51, 21), (51, 22), (51, 23), (51, 24), (51, 25), (51, 26), (51, 27), (51, 28), (51, 29), (50, 29), (49, 29), (48, 29), (47, 29), (46, 29), (45, 29), (44, 29), (43, 29), (42, 29), (41, 29), (40, 29), (39, 29), (38, 29), (37, 29), (36, 29), (35, 29), (34, 29), (33, 29), (32, 29), (31, 29), (30, 29), (29, 29), (29, 30), (29, 31), (29, 32), (29, 33), (29, 34), (29, 35), (29, 36), (29, 37), (29, 38), (29, 39), (29, 40), (29, 41), (29, 42), (29, 43), (29, 44), (29, 45), (29, 46), (29, 47), (29, 48), (29, 49), (29, 50), (29, 51), (29, 52), (29, 53), (29, 54), (29, 55), (29, 56), (29, 57), (29, 58), (29, 59), (29, 60), (29, 61), (29, 62), (28, 62), (27, 62), (27, 63), (27, 64), (27, 65), (27, 66), (28, 66), (29, 66), (29, 67), (30, 67), (31, 67), (32, 67), (33, 67), (34, 67), (35, 67), (36, 67), (37, 67), (38, 67), (39, 67), (40, 67), (41, 67), (42, 67), (43, 67), (44, 67), (45, 67), (45, 68), (46, 68), (47, 68), (48, 68), (49, 68), (50, 68), (51, 68), (51, 69), (51, 70), (51, 71), (51, 72), (51, 73), (51, 74), (51, 74)], 2: [(44, 36), (43, 36), (42, 36), (42, 37), (42, 38), (41, 38), (40, 38), (39, 38), (38, 38), (38, 37), (37, 37), (36, 37), (35, 37), (34, 37), (34, 36), (34, 35), (33, 35), (32, 35), (31, 35), (30, 35), (29, 35), (29, 34), (29, 33), (29, 32), (29, 31), (29, 30), (29, 29), (29, 28), (29, 27), (29, 26), (28, 26), (28, 25), (28, 24), (28, 23), (28, 22), (28, 21), (28, 20), (28, 19), (28, 18), (27, 18), (27, 17), (27, 16), (27, 15), (27, 14), (27, 13), (27, 12), (27, 11), (28, 11), (29, 11), (30, 11), (31, 11), (32, 11), (33, 11), (34, 11), (34, 10), (35, 10), (36, 10), (37, 10), (38, 10), (39, 10), (40, 10), (41, 10), (42, 10), (43, 10), (44, 10), (45, 10), (46, 10), (47, 10), (48, 10), (49, 10), (49, 9), (50, 9), (51, 9), (52, 9), (52, 9)], 3: [(30, 44), (29, 44), (28, 44), (27, 44), (26, 44), (26, 43), (26, 42), (26, 41), (26, 40), (26, 39), (26, 38), (26, 37), (26, 36), (26, 35), (26, 34), (26, 33), (26, 32), (26, 31), (26, 30), (26, 29), (26, 28), (26, 27), (26, 26), (26, 25), (26, 24), (26, 23), (26, 22), (26, 21), (26, 20), (26, 19), (26, 18), (26, 17), (26, 16), (26, 15), (26, 14), (26, 13), (26, 12), (26, 11), (26, 10), (26, 9), (26, 8), (26, 7), (26, 6), (26, 5), (25, 5), (24, 5), (23, 5), (22, 5), (22, 6), (22, 7), (22, 8), (22, 9), (22, 10), (22, 11), (22, 12), (22, 13), (22, 14), (22, 15), (22, 16), (22, 17), (22, 18), (21, 18), (20, 18), (19, 18), (18, 18), (18, 19), (17, 19), (16, 19), (15, 19), (14, 19), (13, 19), (12, 19), (11, 19), (11, 18), (11, 17), (11, 17)], 4: [(42, 37), (43, 37), (44, 37), (45, 37), (46, 37), (46, 38), (47, 38), (48, 38), (49, 38), (50, 38), (51, 38), (52, 38), (53, 38), (53, 39), (53, 40), (53, 41), (53, 42), (53, 43), (53, 44), (53, 45), (53, 46), (53, 47), (53, 48), (53, 49), (53, 50), (54, 50), (55, 50), (55, 51), (55, 52), (55, 53), (55, 54), (55, 55), (55, 55)], 5: [(16, 55), (17, 55), (18, 55), (19, 55), (20, 55), (21, 55), (22, 55), (23, 55), (24, 55), (25, 55), (26, 55), (27, 55), (27, 56), (27, 57), (27, 58), (27, 59), (27, 60), (27, 61), (27, 62), (27, 63), (27, 64), (27, 65), (27, 66), (28, 66), (28, 67), (29, 67), (30, 67), (31, 67), (32, 67), (33, 67), (34, 67), (35, 67), (36, 67), (37, 67), (38, 67), (39, 67), (40, 67), (41, 67), (42, 67), (43, 67), (44, 67), (45, 67), (46, 67), (46, 67)], 6: [(45, 75), (45, 74), (45, 73), (45, 72), (45, 71), (45, 70), (45, 69), (45, 68), (45, 67), (44, 67), (43, 67), (42, 67), (41, 67), (40, 67), (39, 67), (38, 67), (37, 67), (36, 67), (35, 67), (34, 67), (33, 67), (32, 67), (31, 67), (30, 67), (29, 67), (29, 66), (28, 66), (27, 66), (27, 65), (27, 64), (27, 63), (27, 62), (27, 61), (27, 60), (27, 59), (27, 58), (27, 57), (27, 56), (27, 55), (27, 54), (28, 54), (29, 54), (29, 53), (29, 52), (29, 51), (29, 50), (29, 49), (29, 48), (29, 47), (29, 46), (29, 45), (30, 45), (30, 44), (31, 44), (32, 44), (33, 44), (34, 44), (35, 44), (36, 44), (37, 44), (37, 43), (37, 42), (38, 42), (39, 42), (40, 42), (41, 42), (42, 42), (43, 42), (44, 42), (45, 42), (46, 42), (47, 42), (48, 42), (49, 42), (50, 42), (51, 42), (52, 42), (53, 42), (53, 43), (53, 44), (53, 45), (53, 46), (53, 47), (53, 48), (53, 49), (53, 50), (54, 50), (55, 50), (56, 50), (56, 51), (56, 52), (57, 52), (57, 53), (58, 53), (59, 53), (59, 54), (59, 54)], 7: [(26, 31), (26, 30), (26, 29), (26, 28), (26, 27), (27, 27), (28, 27), (29, 27), (30, 27), (31, 27), (32, 27), (33, 27), (34, 27), (34, 26), (35, 26), (35, 25), (35, 24), (35, 23), (35, 22), (35, 21), (36, 21), (37, 21), (37, 22), (37, 23), (37, 24), (37, 25), (37, 26), (37, 27), (37, 28), (37, 29), (36, 29), (35, 29), (34, 29), (33, 29), (32, 29), (31, 29), (30, 29), (29, 29), (29, 30), (29, 31), (29, 32), (29, 33), (29, 34), (29, 35), (30, 35), (31, 35), (32, 35), (33, 35), (34, 35), (34, 36), (34, 37), (35, 37), (36, 37), (37, 37), (38, 37), (38, 38), (39, 38), (40, 38), (41, 38), (42, 38), (43, 38), (44, 38), (45, 38), (46, 38), (47, 38), (48, 38), (49, 38), (50, 38), (51, 38), (52, 38), (53, 38), (54, 38), (55, 38), (56, 38), (56, 39), (56, 40), (56, 41), (56, 42), (56, 43), (56, 44), (56, 45), (56, 45)], 8: [(24, 37), (24, 36), (24, 35), (24, 34), (24, 33), (24, 32), (24, 31), (24, 30), (24, 29), (25, 29), (26, 29), (27, 29), (28, 29), (29, 29), (30, 29), (30, 28), (30, 27), (29, 27), (29, 26), (28, 26), (28, 25), (28, 24), (28, 23), (28, 22), (28, 21), (28, 20), (28, 19), (28, 18), (27, 18), (27, 17), (27, 16), (27, 15), (27, 14), (27, 13), (27, 12), (28, 12), (29, 12), (30, 12), (31, 12), (32, 12), (33, 12), (34, 12), (35, 12), (36, 12), (37, 12), (38, 12), (39, 12), (40, 12), (41, 12), (42, 12), (43, 12), (44, 12), (45, 12), (46, 12), (47, 12), (48, 12), (49, 12), (50, 12), (51, 12), (52, 12), (53, 12), (54, 12), (55, 12), (56, 12), (57, 12), (58, 12), (59, 12), (59, 12)], 9: [(27, 30), (27, 31), (27, 32), (27, 33), (27, 34), (27, 35), (27, 36), (27, 37), (27, 38), (27, 39), (27, 40), (27, 41), (27, 42), (27, 43), (27, 44), (27, 45), (27, 46), (27, 47), (27, 48), (27, 49), (27, 50), (26, 50), (26, 51), (25, 51), (24, 51), (24, 52), (24, 53), (23, 53), (22, 53), (22, 54), (21, 54), (20, 54), (19, 54), (18, 54), (18, 55), (18, 56), (18, 57), (18, 58), (18, 59), (18, 60), (18, 61), (18, 62), (18, 63), (18, 64), (18, 65), (18, 66), (18, 67), (18, 68), (18, 69), (18, 70), (18, 71), (18, 72), (18, 73), (18, 74), (18, 74)]}, 106)