

CBSS-C STATS
starts:[547, 524, 4453, 3826, 218]
targets:[2909, 1861, 837, 4729, 4999, 1757, 4609, 4018, 874, 4997]
dests:[3863, 1866, 706, 3677, 4760]
ac_dict:{2909: {0, 1}, 1861: {1, 2}, 837: {2, 3}, 4729: {3, 4}, 3863: {0}, 1866: {1}, 706: {2}, 3677: {3}, 4760: {4}}
clusters:[1 0 1 1 1 1 0 1 1 1]

round: 1
best_g_value: 358.0
open_list_size: 0
num_low_level_expanded: 1717
search_success: 1
search_time: 0.11403585318475962
n_tsp_call: 1
n_tsp_time: 0.04877193411812186
n_roots: 1
num_conflicts: 0
target_assignment: {1861: 1, 874: 2}
cluster_target_selection: {0: 1861, 1: 874}
num_nodes_transformed_graph: 29
agent_paths:({0: [(27, 8), (27, 9), (27, 10), (27, 11), (27, 12), (27, 13), (27, 14), (27, 15), (27, 16), (27, 17), (27, 18), (28, 18), (28, 19), (28, 20), (28, 21), (28, 22), (28, 23), (28, 24), (28, 25), (28, 26), (28, 27), (28, 28), (28, 29), (28, 30), (28, 31), (28, 32), (28, 33), (28, 34), (28, 35), (28, 36), (28, 37), (28, 38), (28, 39), (28, 40), (28, 41), (28, 42), (28, 43), (28, 44), (28, 45), (28, 46), (28, 47), (28, 48), (28, 49), (28, 50), (28, 51), (28, 52), (28, 53), (28, 54), (28, 55), (28, 56), (28, 57), (28, 58), (28, 59), (28, 59)], 1: [(4, 8), (5, 8), (6, 8), (7, 8), (8, 8), (9, 8), (10, 8), (10, 9), (10, 10), (10, 11), (11, 11), (12, 11), (12, 12), (12, 13), (12, 14), (12, 15), (12, 16), (12, 17), (12, 18), (12, 19), (13, 19), (14, 19), (15, 19), (16, 19), (17, 19), (18, 19), (19, 19), (20, 19), (21, 19), (22, 19), (23, 19), (24, 19), (25, 19), (26, 19), (27, 19), (28, 19), (28, 20), (28, 21), (28, 22), (28, 23), (28, 24), (28, 25), (28, 26), (29, 26), (29, 27), (30, 27), (31, 27), (32, 27), (33, 27), (34, 27), (35, 27), (36, 27), (37, 27), (38, 27), (39, 27), (40, 27), (41, 27), (41, 28), (42, 28), (43, 28), (44, 28), (45, 28), (46, 28), (46, 28)], 2: [(33, 68), (32, 68), (31, 68), (30, 68), (29, 68), (29, 67), (29, 66), (28, 66), (27, 66), (27, 65), (27, 64), (27, 63), (27, 62), (27, 61), (27, 60), (27, 59), (27, 58), (27, 57), (27, 56), (27, 55), (27, 54), (27, 53), (27, 52), (27, 51), (27, 50), (27, 49), (27, 48), (27, 47), (27, 46), (27, 45), (27, 44), (27, 43), (27, 42), (27, 41), (27, 40), (27, 39), (27, 38), (27, 37), (27, 36), (27, 35), (27, 34), (27, 33), (27, 32), (27, 31), (27, 30), (27, 29), (27, 28), (27, 27), (27, 26), (27, 25), (27, 24), (27, 23), (27, 22), (27, 21), (27, 20), (27, 19), (27, 18), (27, 17), (27, 16), (27, 15), (27, 14), (27, 13), (28, 13), (29, 13), (29, 12), (29, 11), (30, 11), (31, 11), (32, 11), (33, 11), (34, 11), (34, 10), (35, 10), (36, 10), (37, 10), (38, 10), (39, 10), (40, 10), (41, 10), (42, 10), (43, 10), (44, 10), (45, 10), (46, 10), (47, 10), (48, 10), (49, 10), (50, 10), (51, 10), (52, 10), (53, 10), (54, 10), (55, 10), (56, 10), (56, 10)], 3: [(56, 58), (55, 58), (54, 58), (53, 58), (52, 58), (52, 57), (52, 56), (52, 55), (52, 54), (52, 53), (52, 52), (52, 51), (52, 50), (52, 49), (52, 48), (51, 48), (51, 47), (51, 46), (51, 45), (50, 45), (49, 45), (48, 45), (47, 45), (47, 44), (47, 43), (47, 42), (46, 42), (45, 42), (44, 42), (43, 42), (42, 42), (41, 42), (40, 42), (39, 42), (38, 42), (37, 42), (37, 43), (37, 44), (36, 44), (35, 44), (34, 44), (33, 44), (32, 44), (31, 44), (30, 44), (30, 45), (29, 45), (29, 46), (29, 47), (29, 48), (29, 49), (29, 50), (30, 50), (30, 51), (31, 51), (32, 51), (33, 51), (33, 52), (33, 53), (34, 53), (35, 53), (36, 53), (37, 53), (37, 54), (37, 55), (37, 56), (37, 56)], 4: [(23, 3), (23, 4), (23, 5), (23, 6), (23, 7), (23, 8), (23, 9), (23, 10), (23, 11), (23, 12), (23, 13), (23, 14), (23, 15), (23, 16), (23, 17), (23, 18), (23, 19), (23, 20), (23, 21), (23, 22), (23, 23), (23, 24), (23, 25), (23, 26), (23, 27), (23, 28), (23, 29), (23, 30), (23, 31), (23, 32), (23, 33), (23, 34), (23, 35), (23, 36), (23, 37), (23, 38), (23, 39), (23, 40), (23, 41), (23, 42), (23, 43), (23, 44), (24, 44), (25, 44), (26, 44), (26, 45), (27, 45), (27, 46), (27, 47), (27, 48), (27, 49), (27, 50), (26, 50), (26, 51), (25, 51), (24, 51), (24, 52), (24, 53), (23, 53), (22, 53), (22, 54), (21, 54), (20, 54), (19, 54), (18, 54), (17, 54), (17, 55), (17, 56), (17, 57), (17, 58), (17, 59), (17, 60), (17, 61), (17, 62), (16, 62), (15, 62), (15, 63), (15, 64), (15, 65), (15, 66), (15, 67), (15, 68), (15, 69), (15, 70), (15, 71), (15, 72), (15, 73), (15, 73)]}, 93)