

CBSS-C STATS
starts:[4477, 572, 2952, 595, 329]
targets:[4954, 2239, 2385, 3890, 2815, 866, 4241, 4867, 2171, 902, 789, 3563, 3404, 2295, 2228, 4565, 4872, 2974, 4662, 694]
dests:[2580, 723, 754, 3408, 1501]
ac_dict:{4954: {0, 1}, 2239: {1, 2}, 2385: {2, 3}, 3890: {3, 4}, 2580: {0}, 723: {1}, 754: {2}, 3408: {3}, 1501: {4}}
clusters:[6 0 1 6 4 9 1 7 5 8 4 4 3 2 2 1 1 9 7 5]

round: 1
best_g_value: 329.0
open_list_size: 0
num_low_level_expanded: 1229
search_success: 1
search_time: 1.9685230269096792
n_tsp_call: 1
n_tsp_time: 1.9050265979021788
n_roots: 1
num_conflicts: 0
target_assignment: {4662: 0, 4954: 0, 4565: 0, 3404: 0, 2239: 2, 2171: 2, 902: 1, 866: 1, 789: 1, 2295: 3}
cluster_target_selection: {7: 4662, 6: 4954, 1: 4565, 3: 3404, 0: 2239, 5: 2171, 8: 902, 9: 866, 4: 789, 2: 2295}
num_nodes_transformed_graph: 98
agent_paths:({0: [(57, 68), (56, 68), (55, 68), (54, 68), (53, 68), (52, 68), (51, 68), (50, 68), (49, 68), (48, 68), (47, 68), (47, 69), (47, 70), (47, 71), (46, 71), (45, 71), (44, 71), (43, 71), (42, 71), (41, 71), (40, 71), (39, 71), (38, 71), (37, 71), (36, 71), (35, 71), (34, 71), (34, 70), (34, 69), (33, 69), (32, 69), (31, 69), (30, 69), (29, 69), (28, 69), (27, 69), (26, 69), (25, 69), (24, 69), (23, 69), (22, 69), (21, 69), (20, 69), (19, 69), (18, 69), (17, 69), (16, 69), (15, 69), (14, 69), (14, 70), (14, 71), (14, 72), (14, 73), (14, 74), (14, 75), (14, 76), (14, 75), (14, 74), (14, 73), (14, 72), (14, 71), (14, 70), (15, 70), (15, 69), (15, 68), (15, 67), (15, 66), (15, 65), (15, 64), (15, 63), (15, 62), (16, 62), (17, 62), (17, 61), (17, 60), (17, 59), (17, 58), (17, 57), (17, 56), (17, 55), (17, 54), (18, 54), (19, 54), (20, 54), (21, 54), (22, 54), (22, 53), (23, 53), (24, 53), (24, 52), (24, 51), (25, 51), (26, 51), (26, 50), (27, 50), (27, 49), (27, 48), (27, 47), (27, 46), (27, 45), (27, 44), (27, 43), (27, 42), (27, 41), (27, 40), (27, 39), (28, 39), (29, 39), (30, 39), (31, 39), (32, 39), (33, 39), (34, 39), (35, 39), (36, 39), (37, 39), (38, 39), (39, 39), (40, 39), (41, 39), (42, 39), (43, 39), (44, 39), (45, 39), (45, 39)], 1: [(52, 8), (53, 8), (54, 8), (55, 8), (56, 8), (57, 8), (57, 9), (57, 10), (57, 11), (57, 12), (57, 13), (56, 13), (55, 13), (54, 13), (53, 13), (52, 13), (51, 13), (50, 13), (49, 13), (48, 13), (47, 13), (46, 13), (45, 13), (44, 13), (43, 13), (42, 13), (41, 13), (40, 13), (39, 13), (38, 13), (37, 13), (36, 13), (35, 13), (34, 13), (33, 13), (32, 13), (31, 13), (30, 13), (29, 13), (28, 13), (27, 13), (26, 13), (25, 13), (24, 13), (23, 13), (22, 13), (21, 13), (20, 13), (20, 14), (20, 15), (20, 16), (20, 17), (20, 18), (19, 18), (18, 18), (18, 19), (17, 19), (16, 19), (15, 19), (14, 19), (13, 19), (12, 19), (11, 19), (10, 19), (9, 19), (9, 18), (9, 17), (9, 16), (9, 15), (9, 14), (9, 13), (9, 12), (8, 12), (8, 11), (8, 11)], 2: [(27, 45), (27, 44), (27, 43), (27, 42), (27, 41), (27, 40), (27, 39), (27, 38), (27, 37), (27, 36), (27, 35), (27, 34), (28, 34), (29, 34), (28, 34), (27, 34), (26, 34), (26, 33), (26, 32), (26, 31), (26, 30), (26, 29), (26, 28), (26, 27), (26, 26), (26, 25), (26, 24), (26, 23), (26, 22), (26, 21), (26, 20), (26, 19), (26, 18), (26, 17), (26, 16), (26, 15), (26, 14), (26, 13), (26, 12), (26, 11), (27, 11), (28, 11), (29, 11), (30, 11), (31, 11), (32, 11), (33, 11), (34, 11), (35, 11), (36, 11), (37, 11), (38, 11), (39, 11), (39, 11)], 3: [(10, 9), (10, 10), (10, 11), (11, 11), (12, 11), (12, 12), (12, 13), (12, 14), (12, 15), (12, 16), (12, 17), (12, 18), (12, 19), (13, 19), (14, 19), (15, 19), (16, 19), (17, 19), (18, 19), (19, 19), (20, 19), (20, 20), (20, 21), (20, 22), (20, 23), (20, 24), (20, 25), (20, 26), (20, 27), (20, 28), (20, 29), (20, 30), (20, 31), (20, 32), (20, 33), (20, 34), (20, 35), (21, 35), (22, 35), (23, 35), (24, 35), (25, 35), (26, 35), (27, 35), (28, 35), (28, 36), (28, 37), (28, 38), (28, 39), (28, 40), (28, 41), (28, 42), (28, 43), (28, 44), (28, 45), (28, 46), (28, 47), (28, 48), (28, 49), (28, 50), (28, 51), (28, 52), (28, 52)], 4: [(4, 5), (4, 6), (4, 7), (4, 8), (4, 9), (4, 10), (4, 11), (4, 12), (4, 13), (4, 14), (4, 15), (4, 16), (4, 17), (4, 18), (4, 19), (4, 20), (5, 20), (6, 20), (6, 21), (6, 22), (6, 23), (6, 23)]}, 123)