

CBSS-C STATS
starts:[864, 1869, 838, 3675, 2295, 4831, 2043, 4869, 930, 4375]
targets:[3715, 737, 654, 3864, 222, 4608, 4434, 672, 1181, 3534]
dests:[3854, 1387, 3929, 2754, 765, 655, 1935, 5078, 4716, 4632]
ac_dict:{3715: {0, 1}, 737: {1, 2}, 654: {2, 3}, 3864: {3, 4}, 222: {4, 5}, 4608: {5, 6}, 4434: {6, 7}, 672: {8, 7}, 1181: {8, 9}, 3854: {0}, 1387: {1}, 3929: {2}, 2754: {3}, 765: {4}, 655: {5}, 1935: {6}, 5078: {7}, 4716: {8}, 4632: {9}}
clusters:[3 2 3 2 2 3 4 1 0 2]

round: 6
best_g_value: 572.0
open_list_size: 5
num_low_level_expanded: 8407
search_success: 1
search_time: 0.6406337260268629
n_tsp_call: 1
n_tsp_time: 0.20082435104995966
n_roots: 1
num_conflicts: 5
target_assignment: {3534: 0, 3715: 0, 4434: 7, 672: 8, 1181: 8}
cluster_target_selection: {2: 3534, 3: 3715, 4: 4434, 1: 672, 0: 1181}
num_nodes_transformed_graph: 48
agent_paths:({0: [(19, 13), (19, 14), (20, 14), (21, 14), (22, 14), (23, 14), (23, 15), (23, 16), (23, 17), (23, 18), (23, 19), (23, 20), (23, 21), (23, 22), (23, 23), (23, 24), (23, 25), (23, 26), (23, 27), (23, 28), (23, 29), (23, 30), (23, 31), (23, 32), (23, 33), (23, 34), (23, 35), (23, 36), (23, 37), (23, 38), (23, 39), (23, 40), (23, 41), (23, 42), (23, 43), (24, 43), (24, 44), (25, 44), (26, 44), (26, 45), (27, 45), (27, 46), (27, 47), (27, 48), (27, 49), (27, 50), (26, 50), (26, 51), (25, 51), (24, 51), (24, 52), (24, 53), (24, 54), (23, 54), (22, 54), (21, 54), (20, 54), (19, 54), (18, 54), (17, 54), (16, 54), (15, 54), (14, 54), (13, 54), (12, 54), (11, 54), (10, 54), (10, 55), (10, 56), (10, 57), (11, 57), (12, 57), (12, 56), (13, 56), (14, 56), (15, 56), (16, 56), (17, 56), (18, 56), (19, 56), (19, 57), (19, 58), (19, 59), (19, 59)], 1: [(49, 28), (48, 28), (47, 28), (46, 28), (45, 28), (44, 28), (43, 28), (42, 28), (41, 28), (40, 28), (39, 28), (38, 28), (37, 28), (36, 28), (35, 28), (34, 28), (33, 28), (32, 28), (31, 28), (30, 28), (29, 28), (28, 28), (27, 28), (26, 28), (25, 28), (24, 28), (23, 28), (22, 28), (22, 27), (22, 26), (22, 25), (22, 24), (22, 23), (22, 22), (22, 21), (22, 21)], 2: [(58, 12), (57, 12), (56, 12), (55, 12), (54, 12), (53, 12), (52, 12), (51, 12), (50, 12), (49, 12), (48, 12), (47, 12), (46, 12), (45, 12), (44, 12), (43, 12), (42, 12), (41, 12), (40, 12), (39, 12), (38, 12), (37, 12), (36, 12), (35, 12), (34, 12), (33, 12), (32, 12), (31, 12), (30, 12), (29, 12), (29, 13), (29, 14), (28, 14), (27, 14), (27, 15), (27, 16), (27, 17), (27, 18), (28, 18), (28, 19), (28, 20), (28, 21), (28, 22), (28, 23), (28, 24), (28, 25), (28, 26), (29, 26), (29, 27), (29, 28), (29, 29), (29, 30), (29, 31), (29, 32), (29, 33), (29, 34), (29, 35), (29, 36), (29, 37), (29, 38), (29, 39), (29, 40), (29, 41), (29, 42), (29, 43), (29, 44), (29, 45), (29, 46), (29, 47), (29, 48), (29, 49), (29, 50), (29, 51), (29, 52), (29, 53), (29, 54), (29, 55), (29, 56), (29, 57), (29, 58), (29, 59), (29, 60), (29, 60)], 3: [(35, 56), (34, 56), (33, 56), (32, 56), (31, 56), (30, 56), (29, 56), (28, 56), (27, 56), (27, 55), (27, 54), (27, 53), (27, 52), (27, 51), (27, 50), (27, 49), (27, 48), (27, 47), (27, 46), (27, 45), (26, 45), (26, 44), (25, 44), (24, 44), (24, 43), (24, 42), (24, 42)], 4: [(20, 35), (20, 34), (20, 33), (20, 32), (20, 31), (20, 30), (20, 29), (20, 28), (20, 27), (20, 26), (20, 25), (20, 24), (20, 23), (20, 22), (20, 21), (20, 20), (20, 19), (20, 18), (20, 17), (20, 16), (20, 15), (20, 14), (20, 13), (20, 12), (20, 11), (21, 11), (22, 11), (23, 11), (24, 11), (25, 11), (26, 11), (27, 11), (28, 11), (29, 11), (30, 11), (31, 11), (32, 11), (33, 11), (34, 11), (35, 11), (36, 11), (37, 11), (38, 11), (39, 11), (40, 11), (41, 11), (42, 11), (43, 11), (44, 11), (45, 11), (46, 11), (47, 11), (48, 11), (49, 11), (50, 11), (50, 11)], 5: [(21, 74), (21, 73), (21, 72), (21, 71), (21, 70), (21, 69), (21, 68), (21, 67), (21, 66), (21, 65), (21, 64), (22, 64), (23, 64), (24, 64), (24, 63), (25, 63), (25, 62), (25, 61), (25, 60), (25, 59), (25, 58), (25, 57), (25, 56), (25, 55), (25, 54), (25, 53), (25, 52), (25, 51), (26, 51), (26, 50), (27, 50), (27, 49), (27, 48), (27, 47), (27, 46), (27, 45), (27, 44), (27, 43), (26, 43), (25, 43), (24, 43), (23, 43), (22, 43), (21, 43), (20, 43), (20, 42), (19, 42), (19, 41), (19, 40), (19, 39), (19, 38), (19, 37), (19, 36), (19, 35), (19, 34), (19, 33), (19, 32), (19, 31), (19, 30), (19, 29), (19, 28), (19, 27), (19, 26), (19, 25), (19, 24), (19, 23), (19, 22), (19, 21), (18, 21), (17, 21), (16, 21), (15, 21), (14, 21), (13, 21), (12, 21), (11, 21), (10, 21), (9, 21), (9, 20), (9, 19), (9, 18), (9, 17), (9, 16), (9, 15), (8, 15), (7, 15), (6, 15), (5, 15), (5, 14), (5, 13), (5, 12), (5, 11), (5, 10), (5, 10)], 6: [(28, 31), (28, 30), (28, 29), (29, 29), (30, 29), (31, 29), (32, 29), (33, 29), (34, 29), (35, 29), (36, 29), (37, 29), (38, 29), (39, 29), (40, 29), (41, 29), (42, 29), (43, 29), (44, 29), (45, 29), (46, 29), (47, 29), (48, 29), (49, 29), (50, 29), (50, 29)], 7: [(59, 74), (58, 74), (57, 74), (56, 74), (55, 74), (54, 74), (53, 74), (52, 74), (51, 74), (50, 74), (49, 74), (48, 74), (47, 74), (46, 74), (45, 74), (44, 74), (43, 74), (42, 74), (41, 74), (40, 74), (39, 74), (38, 74), (37, 74), (36, 74), (36, 73), (35, 73), (34, 73), (34, 72), (34, 71), (34, 70), (34, 69), (33, 69), (32, 69), (31, 69), (30, 69), (29, 69), (28, 69), (27, 69), (26, 69), (25, 69), (24, 69), (23, 69), (22, 69), (21, 69), (20, 69), (19, 69), (18, 69), (17, 69), (16, 69), (15, 69), (14, 69), (14, 68), (14, 69), (14, 70), (14, 71), (14, 72), (14, 73), (14, 74), (14, 75), (14, 76), (13, 76), (12, 76), (11, 76), (10, 76), (9, 76), (8, 76), (8, 77), (8, 78), (8, 78)], 8: [(20, 14), (20, 13), (20, 12), (20, 11), (20, 10), (21, 10), (22, 10), (21, 10), (20, 10), (20, 11), (20, 12), (20, 13), (20, 14), (20, 15), (20, 16), (20, 17), (20, 18), (19, 18), (18, 18), (18, 19), (17, 19), (16, 19), (15, 19), (14, 19), (13, 19), (12, 19), (11, 19), (11, 18), (12, 18), (12, 19), (13, 19), (14, 19), (15, 19), (16, 19), (17, 19), (18, 19), (19, 19), (20, 19), (21, 19), (22, 19), (23, 19), (24, 19), (25, 19), (26, 19), (27, 19), (27, 20), (27, 21), (27, 22), (27, 23), (27, 24), (27, 25), (27, 26), (27, 27), (27, 28), (27, 29), (27, 30), (27, 31), (27, 32), (27, 33), (27, 34), (27, 35), (27, 36), (27, 37), (27, 38), (27, 39), (27, 40), (27, 41), (27, 42), (27, 43), (27, 44), (27, 45), (27, 46), (27, 47), (27, 48), (27, 49), (27, 50), (27, 51), (27, 52), (27, 53), (27, 54), (27, 55), (27, 56), (27, 57), (27, 58), (27, 59), (27, 60), (27, 61), (27, 62), (27, 63), (27, 64), (27, 65), (27, 66), (28, 66), (29, 66), (29, 67), (30, 67), (31, 67), (32, 67), (33, 67), (34, 67), (35, 67), (36, 67), (36, 68), (36, 69), (36, 70), (36, 71), (36, 72), (36, 72)], 9: [(20, 67), (19, 67), (18, 67), (17, 67), (17, 68), (17, 69), (17, 70), (17, 71), (17, 71)]}, 106)