

CBSS-C STATS
starts:[1588, 4110, 4931, 879, 2894, 3747, 4404, 4728, 2561, 4306]
targets:[1387, 758, 3927, 3925, 2622, 2105, 2371, 1718, 4725, 378]
dests:[1866, 1741, 1066, 313, 1326, 814, 3757, 3479, 901, 4547]
ac_dict:{1387: {0, 1}, 758: {1, 2}, 3927: {2, 3}, 3925: {3, 4}, 2622: {4, 5}, 2105: {5, 6}, 2371: {6, 7}, 1718: {8, 7}, 4725: {8, 9}, 1866: {0}, 1741: {1}, 1066: {2}, 313: {3}, 1326: {4}, 814: {5}, 3757: {6}, 3479: {7}, 901: {8}, 4547: {9}}
clusters:[1 2 4 4 1 0 4 4 3 2]

round: 3
best_g_value: 566.0
open_list_size: 2
num_low_level_expanded: 6189
search_success: 1
search_time: 0.36860239412635565
n_tsp_call: 1
n_tsp_time: 0.11327729420736432
n_roots: 1
num_conflicts: 2
target_assignment: {3927: 2, 378: 3, 4725: 9, 2622: 5, 2105: 5}
cluster_target_selection: {4: 3927, 2: 378, 3: 4725, 1: 2622, 0: 2105}
num_nodes_transformed_graph: 34
agent_paths:({0: [(28, 24), (28, 25), (28, 26), (29, 26), (29, 27), (30, 27), (31, 27), (32, 27), (33, 27), (34, 27), (35, 27), (36, 27), (37, 27), (38, 27), (39, 27), (40, 27), (41, 27), (42, 27), (43, 27), (44, 27), (45, 27), (46, 27), (46, 28), (46, 28)], 1: [(15, 63), (15, 62), (16, 62), (17, 62), (17, 61), (17, 60), (17, 59), (17, 58), (17, 57), (17, 56), (17, 55), (17, 54), (18, 54), (19, 54), (20, 54), (21, 54), (22, 54), (22, 53), (23, 53), (24, 53), (24, 52), (24, 51), (25, 51), (26, 51), (26, 50), (27, 50), (27, 49), (27, 48), (27, 47), (27, 46), (27, 45), (27, 44), (27, 43), (27, 42), (27, 41), (27, 40), (27, 39), (27, 38), (27, 37), (27, 36), (27, 35), (27, 34), (27, 33), (27, 32), (27, 31), (27, 30), (27, 29), (27, 28), (27, 27), (28, 27), (29, 27), (30, 27), (31, 27), (32, 27), (33, 27), (34, 27), (35, 27), (36, 27), (37, 27), (38, 27), (39, 27), (40, 27), (41, 27), (42, 27), (43, 27), (44, 27), (45, 27), (46, 27), (47, 27), (48, 27), (49, 27), (50, 27), (51, 27), (51, 26), (51, 26)], 2: [(56, 75), (55, 75), (54, 75), (53, 75), (52, 75), (51, 75), (50, 75), (49, 75), (48, 75), (47, 75), (46, 75), (45, 75), (44, 75), (43, 75), (42, 75), (41, 75), (40, 75), (39, 75), (38, 75), (37, 75), (36, 75), (36, 74), (36, 73), (35, 73), (34, 73), (34, 72), (34, 71), (34, 70), (34, 69), (33, 69), (32, 69), (31, 69), (30, 69), (29, 69), (28, 69), (27, 69), (27, 68), (27, 67), (27, 66), (27, 65), (27, 64), (27, 63), (27, 62), (27, 61), (27, 60), (27, 59), (27, 58), (27, 57), (27, 56), (27, 55), (27, 54), (27, 53), (27, 52), (27, 51), (27, 50), (27, 49), (27, 48), (27, 47), (27, 46), (27, 45), (27, 44), (27, 43), (27, 42), (27, 41), (27, 40), (27, 39), (27, 38), (27, 37), (27, 36), (27, 35), (27, 34), (27, 33), (27, 32), (27, 31), (27, 30), (27, 29), (27, 28), (27, 27), (27, 26), (27, 25), (27, 24), (27, 23), (27, 22), (27, 21), (27, 20), (27, 19), (26, 19), (26, 18), (26, 17), (26, 16), (26, 16)], 3: [(34, 13), (34, 12), (34, 11), (34, 10), (35, 10), (36, 10), (37, 10), (38, 10), (39, 10), (40, 10), (41, 10), (42, 10), (43, 10), (44, 10), (45, 10), (46, 10), (47, 10), (48, 10), (49, 10), (49, 9), (50, 9), (50, 8), (50, 7), (50, 6), (50, 5), (51, 5), (52, 5), (53, 5), (53, 4), (53, 4)], 4: [(34, 44), (33, 44), (32, 44), (31, 44), (30, 44), (29, 44), (28, 44), (27, 44), (26, 44), (26, 43), (26, 42), (26, 41), (26, 40), (26, 39), (26, 38), (26, 37), (26, 36), (26, 35), (26, 34), (26, 33), (26, 32), (26, 31), (26, 30), (26, 29), (26, 28), (26, 27), (26, 26), (26, 25), (26, 24), (26, 23), (26, 22), (26, 21), (26, 20), (26, 20)], 5: [(42, 57), (41, 57), (40, 57), (39, 57), (38, 57), (37, 57), (36, 57), (35, 57), (34, 57), (33, 57), (32, 57), (31, 57), (30, 57), (29, 57), (28, 57), (27, 57), (27, 56), (27, 55), (27, 54), (27, 53), (27, 52), (27, 51), (27, 50), (27, 49), (27, 48), (27, 47), (27, 46), (27, 45), (26, 45), (26, 44), (25, 44), (24, 44), (23, 44), (22, 44), (22, 43), (22, 42), (22, 41), (22, 40), (22, 39), (22, 38), (22, 37), (22, 36), (22, 35), (22, 34), (22, 33), (22, 32), (23, 32), (24, 32), (25, 32), (25, 31), (25, 30), (25, 29), (25, 28), (25, 27), (25, 26), (25, 25), (25, 24), (25, 23), (25, 22), (25, 21), (25, 20), (25, 19), (25, 18), (25, 17), (25, 16), (25, 15), (25, 14), (25, 13), (25, 12), (26, 12), (27, 12), (28, 12), (29, 12), (30, 12), (31, 12), (32, 12), (33, 12), (34, 12), (34, 12)], 6: [(49, 67), (48, 67), (47, 67), (46, 67), (45, 67), (44, 67), (43, 67), (42, 67), (41, 67), (40, 67), (39, 67), (38, 67), (37, 67), (36, 67), (35, 67), (34, 67), (33, 67), (32, 67), (31, 67), (30, 67), (29, 67), (29, 66), (28, 66), (27, 66), (27, 65), (27, 64), (27, 63), (27, 62), (27, 61), (27, 60), (27, 59), (27, 58), (27, 57), (28, 57), (29, 57), (29, 56), (29, 55), (29, 54), (29, 53), (29, 52), (29, 51), (29, 50), (29, 49), (29, 48), (29, 47), (29, 46), (29, 45), (30, 45), (30, 44), (31, 44), (32, 44), (33, 44), (34, 44), (35, 44), (36, 44), (37, 44), (37, 43), (37, 42), (38, 42), (39, 42), (40, 42), (41, 42), (42, 42), (43, 42), (44, 42), (45, 42), (46, 42), (47, 42), (48, 42), (49, 42), (50, 42), (51, 42), (52, 42), (52, 43), (52, 44), (52, 45), (52, 46), (52, 47), (52, 48), (52, 49), (52, 50), (52, 51), (52, 52), (52, 53), (52, 54), (52, 55), (52, 56), (52, 57), (52, 57)], 7: [(48, 72), (47, 72), (46, 72), (45, 72), (44, 72), (43, 72), (42, 72), (41, 72), (40, 72), (39, 72), (38, 72), (37, 72), (36, 72), (35, 72), (34, 72), (34, 71), (34, 70), (34, 69), (34, 68), (34, 67), (33, 67), (32, 67), (31, 67), (30, 67), (29, 67), (29, 66), (28, 66), (27, 66), (27, 65), (27, 64), (27, 63), (27, 62), (27, 61), (27, 60), (27, 59), (27, 58), (27, 57), (27, 56), (27, 55), (27, 54), (27, 53), (28, 53), (29, 53), (30, 53), (31, 53), (32, 53), (33, 53), (34, 53), (34, 53)], 8: [(26, 39), (26, 38), (26, 37), (26, 36), (26, 35), (26, 34), (26, 33), (26, 32), (26, 31), (26, 30), (26, 29), (26, 28), (26, 27), (26, 26), (26, 25), (26, 24), (26, 23), (26, 22), (26, 21), (26, 20), (26, 19), (26, 18), (26, 17), (26, 16), (26, 15), (26, 14), (26, 13), (27, 13), (28, 13), (29, 13), (30, 13), (31, 13), (32, 13), (33, 13), (34, 13), (35, 13), (36, 13), (37, 13), (38, 13), (39, 13), (40, 13), (41, 13), (42, 13), (43, 13), (44, 13), (45, 13), (46, 13), (47, 13), (48, 13), (49, 13), (50, 13), (51, 13), (52, 13), (53, 13), (54, 13), (55, 13), (56, 13), (56, 13)], 9: [(16, 66), (17, 66), (18, 66), (19, 66), (20, 66), (21, 66), (22, 66), (23, 66), (24, 66), (25, 66), (26, 66), (27, 66), (28, 66), (29, 66), (29, 67), (30, 67), (31, 67), (31, 68), (32, 68), (33, 68), (34, 68), (35, 68), (36, 68), (37, 68), (38, 68), (39, 68), (40, 68), (41, 68), (42, 68), (43, 68), (44, 68), (45, 68), (45, 69), (45, 70), (45, 71), (45, 72), (45, 71), (45, 70), (45, 69), (46, 69), (47, 69), (48, 69), (49, 69), (50, 69), (51, 69), (52, 69), (53, 69), (54, 69), (55, 69), (56, 69), (57, 69), (58, 69), (59, 69), (60, 69), (61, 69), (62, 69), (62, 69)]}, 89)