

CBSS-C STATS
starts:[2821, 4509, 154, 542, 4636, 2363, 2685, 4523, 3278, 756]
targets:[902, 5076, 4984, 711, 3043, 4336, 4116, 2296, 3810, 4880, 333, 2772, 810, 2461, 4806]
dests:[3756, 3790, 4056, 267, 3527, 1441, 1644, 1944, 2627, 5026]
ac_dict:{902: {0, 1}, 5076: {1, 2}, 4984: {2, 3}, 711: {3, 4}, 3043: {4, 5}, 4336: {5, 6}, 4116: {6, 7}, 2296: {8, 7}, 3810: {8, 9}, 3756: {0}, 3790: {1}, 4056: {2}, 267: {3}, 3527: {4}, 1441: {5}, 1644: {6}, 1944: {7}, 2627: {8}, 5026: {9}}
clusters:[4 5 0 0 7 8 6 0 5 9 6 4 3 2 1]

round: 17
best_g_value: 695.0
open_list_size: 16
num_low_level_expanded: 37284
search_success: 1
search_time: 9.499351522885263
n_tsp_call: 18
n_tsp_time: 6.9654084839858115
n_roots: 1
num_conflicts: 16
target_assignment: {2772: 0, 4336: 5, 4806: 5, 3043: 5, 2461: 5, 810: 9, 5076: 1, 4880: 1, 333: 3, 2296: 7}
cluster_target_selection: {4: 2772, 8: 4336, 1: 4806, 7: 3043, 2: 2461, 3: 810, 5: 5076, 9: 4880, 6: 333, 0: 2296}
num_nodes_transformed_graph: 58
agent_paths:({0: [(26, 43), (26, 42), (27, 42), (28, 42), (29, 42), (30, 42), (31, 42), (32, 42), (33, 42), (34, 42), (35, 42), (36, 42), (37, 42), (38, 42), (39, 42), (40, 42), (41, 42), (42, 42), (43, 42), (44, 42), (45, 42), (46, 42), (47, 42), (48, 42), (49, 42), (50, 42), (51, 42), (51, 43), (51, 44), (51, 45), (51, 46), (51, 47), (51, 48), (52, 48), (52, 49), (52, 50), (51, 50), (51, 51), (51, 52), (51, 53), (51, 54), (51, 55), (51, 56), (51, 57), (51, 57)], 1: [(24, 69), (23, 69), (22, 69), (21, 69), (20, 69), (19, 69), (18, 69), (17, 69), (16, 69), (15, 69), (14, 69), (14, 70), (14, 71), (14, 72), (14, 73), (14, 74), (14, 75), (14, 76), (13, 76), (12, 76), (11, 76), (10, 76), (9, 76), (8, 76), (7, 76), (6, 76), (6, 77), (6, 78), (5, 78), (5, 77), (5, 76), (5, 75), (6, 75), (7, 75), (8, 75), (9, 75), (9, 76), (10, 76), (11, 76), (12, 76), (13, 76), (14, 76), (14, 75), (14, 74), (14, 73), (14, 72), (14, 71), (14, 70), (14, 69), (14, 68), (14, 67), (14, 66), (14, 65), (14, 64), (14, 63), (14, 62), (15, 62), (16, 62), (17, 62), (17, 61), (17, 60), (17, 59), (17, 58), (18, 58), (19, 58), (20, 58), (20, 58)], 2: [(24, 2), (25, 2), (26, 2), (26, 3), (26, 4), (26, 5), (26, 6), (26, 7), (26, 8), (26, 9), (26, 10), (26, 11), (26, 12), (26, 13), (26, 14), (26, 15), (26, 16), (26, 17), (26, 18), (26, 19), (26, 20), (26, 21), (26, 22), (26, 23), (26, 24), (26, 25), (26, 26), (26, 27), (26, 28), (26, 29), (26, 30), (26, 31), (26, 32), (26, 33), (26, 34), (26, 35), (26, 36), (26, 37), (26, 38), (26, 39), (26, 40), (26, 41), (26, 42), (26, 43), (26, 44), (26, 45), (27, 45), (27, 46), (27, 47), (27, 48), (27, 49), (27, 50), (26, 50), (26, 51), (26, 52), (26, 53), (26, 54), (26, 55), (26, 56), (26, 57), (26, 58), (26, 59), (26, 60), (26, 61), (26, 62), (26, 62)], 3: [(22, 8), (21, 8), (20, 8), (20, 9), (20, 10), (20, 11), (20, 12), (20, 13), (20, 14), (20, 15), (20, 16), (20, 17), (20, 18), (19, 18), (18, 18), (18, 19), (17, 19), (16, 19), (15, 19), (14, 19), (13, 19), (12, 19), (11, 19), (10, 19), (9, 19), (9, 18), (9, 17), (9, 16), (9, 15), (8, 15), (8, 14), (8, 13), (8, 12), (8, 11), (8, 10), (8, 9), (8, 8), (8, 7), (8, 6), (8, 5), (7, 5), (7, 4), (7, 4)], 4: [(21, 71), (20, 71), (19, 71), (18, 71), (17, 71), (17, 70), (17, 69), (17, 68), (17, 67), (17, 66), (17, 65), (17, 64), (17, 63), (17, 62), (17, 61), (17, 60), (17, 59), (17, 58), (17, 57), (17, 56), (17, 55), (17, 54), (17, 54)], 5: [(23, 36), (24, 36), (25, 36), (26, 36), (27, 36), (27, 37), (27, 38), (27, 39), (27, 40), (27, 41), (27, 42), (27, 43), (27, 44), (27, 45), (27, 46), (27, 47), (27, 48), (27, 49), (27, 50), (27, 51), (27, 52), (27, 53), (27, 54), (27, 55), (27, 56), (27, 57), (27, 58), (27, 59), (27, 60), (27, 61), (27, 62), (27, 63), (27, 64), (27, 65), (27, 66), (28, 66), (29, 66), (29, 67), (30, 67), (31, 67), (32, 67), (33, 67), (34, 67), (34, 66), (35, 66), (36, 66), (37, 66), (38, 66), (39, 66), (40, 66), (41, 66), (42, 66), (43, 66), (44, 66), (45, 66), (46, 66), (47, 66), (48, 66), (49, 66), (50, 66), (51, 66), (52, 66), (53, 66), (54, 66), (55, 66), (56, 66), (57, 66), (58, 66), (59, 66), (60, 66), (60, 67), (60, 68), (60, 69), (61, 69), (61, 70), (61, 71), (61, 72), (61, 73), (60, 73), (59, 73), (58, 73), (57, 73), (56, 73), (55, 73), (54, 73), (53, 73), (53, 72), (53, 71), (53, 70), (53, 69), (53, 68), (53, 67), (52, 67), (51, 67), (50, 67), (49, 67), (48, 67), (47, 67), (46, 67), (45, 67), (44, 67), (43, 67), (42, 67), (41, 67), (40, 67), (39, 67), (38, 67), (37, 67), (36, 67), (35, 67), (34, 67), (33, 67), (32, 67), (31, 67), (30, 67), (29, 67), (29, 66), (28, 66), (27, 66), (27, 65), (27, 64), (27, 63), (27, 62), (27, 61), (27, 60), (27, 59), (27, 58), (27, 57), (27, 56), (27, 55), (27, 54), (27, 53), (27, 52), (27, 51), (27, 50), (27, 49), (27, 48), (27, 47), (27, 46), (28, 46), (29, 46), (29, 45), (30, 45), (30, 44), (31, 44), (32, 44), (33, 44), (34, 44), (35, 44), (36, 44), (37, 44), (37, 43), (37, 42), (38, 42), (39, 42), (40, 42), (41, 42), (42, 42), (43, 42), (44, 42), (45, 42), (46, 42), (47, 42), (48, 42), (49, 42), (50, 42), (51, 42), (52, 42), (53, 42), (53, 43), (53, 44), (53, 45), (53, 46), (53, 45), (53, 44), (53, 43), (53, 42), (53, 41), (53, 40), (53, 39), (53, 38), (53, 37), (54, 37), (55, 37), (56, 37), (55, 37), (54, 37), (53, 37), (52, 37), (51, 37), (50, 37), (50, 38), (49, 38), (48, 38), (47, 38), (46, 38), (45, 38), (44, 38), (43, 38), (42, 38), (41, 38), (40, 38), (39, 38), (38, 38), (37, 38), (36, 38), (35, 38), (34, 38), (33, 38), (32, 38), (31, 38), (30, 38), (29, 38), (28, 38), (27, 38), (26, 38), (25, 38), (24, 38), (23, 38), (22, 38), (21, 38), (20, 38), (20, 37), (20, 36), (20, 35), (20, 34), (20, 33), (20, 32), (20, 31), (20, 30), (20, 29), (20, 28), (20, 27), (20, 26), (20, 25), (20, 24), (19, 24), (19, 23), (19, 22), (19, 21), (18, 21), (17, 21), (16, 21), (15, 21), (14, 21), (13, 21), (12, 21), (11, 21), (11, 22), (11, 22)], 6: [(20, 41), (19, 41), (19, 40), (19, 39), (19, 38), (19, 37), (19, 36), (19, 35), (19, 34), (19, 33), (19, 32), (19, 31), (19, 30), (19, 29), (19, 28), (19, 27), (19, 26), (19, 25), (19, 25)], 7: [(38, 69), (37, 69), (36, 69), (35, 69), (34, 69), (33, 69), (32, 69), (31, 69), (30, 69), (29, 69), (28, 69), (27, 69), (26, 69), (26, 68), (26, 67), (26, 66), (26, 65), (26, 64), (26, 63), (26, 62), (26, 61), (26, 60), (26, 59), (26, 58), (26, 57), (26, 56), (26, 55), (26, 54), (26, 53), (26, 52), (26, 51), (26, 50), (27, 50), (27, 49), (27, 48), (27, 47), (27, 46), (27, 45), (26, 45), (26, 44), (25, 44), (24, 44), (23, 44), (22, 44), (21, 44), (21, 43), (21, 42), (21, 41), (21, 40), (21, 39), (21, 38), (21, 37), (21, 36), (21, 35), (21, 34), (21, 33), (21, 32), (21, 31), (21, 30), (21, 29), (22, 29), (23, 29), (24, 29), (25, 29), (26, 29), (27, 29), (28, 29), (29, 29), (30, 29), (31, 29), (32, 29), (33, 29), (34, 29), (35, 29), (36, 29), (37, 29), (38, 29), (39, 29), (40, 29), (41, 29), (42, 29), (43, 29), (44, 29), (45, 29), (46, 29), (47, 29), (48, 29), (49, 29), (50, 29), (51, 29), (52, 29), (53, 29), (54, 29), (55, 29), (56, 29), (57, 29), (58, 29), (59, 29), (59, 29)], 8: [(28, 50), (28, 49), (28, 48), (28, 47), (28, 46), (28, 45), (28, 44), (28, 43), (28, 42), (28, 41), (27, 41), (27, 40), (27, 40)], 9: [(41, 11), (40, 11), (39, 11), (38, 11), (37, 11), (36, 11), (35, 11), (34, 11), (33, 11), (32, 11), (31, 11), (30, 11), (30, 12), (29, 12), (28, 12), (27, 12), (26, 12), (26, 13), (26, 14), (26, 15), (26, 16), (26, 17), (26, 18), (26, 19), (26, 20), (26, 21), (26, 22), (26, 23), (26, 24), (26, 25), (26, 26), (26, 27), (26, 28), (26, 29), (26, 30), (26, 31), (26, 32), (26, 33), (26, 34), (26, 35), (26, 36), (26, 37), (26, 38), (26, 39), (26, 40), (26, 41), (26, 42), (26, 43), (26, 44), (26, 45), (27, 45), (27, 46), (27, 47), (27, 48), (27, 49), (27, 50), (26, 50), (26, 51), (25, 51), (25, 52), (25, 53), (25, 54), (25, 55), (25, 56), (25, 57), (25, 58), (25, 59), (25, 60), (25, 61), (25, 62), (25, 63), (24, 63), (24, 64), (23, 64), (22, 64), (21, 64), (21, 65), (21, 66), (21, 67), (21, 68), (21, 69), (21, 70), (21, 71), (21, 72), (21, 73), (21, 74), (21, 75), (21, 76), (21, 77), (21, 77)]}, 248)