

CBSS-C STATS
starts:[1995, 2719, 330, 3830, 3756]
targets:[756, 4113, 642, 3512, 3675, 595, 4911, 2294, 2786, 3587]
dests:[574, 852, 1052, 1867, 2230]
ac_dict:{756: {0, 1}, 4113: {1, 2}, 642: {2, 3}, 3512: {3, 4}, 574: {0}, 852: {1}, 1052: {2}, 1867: {3}, 2230: {4}}
clusters:[3 4 1 1 0 2 1 4 0 4]

round: 1
best_g_value: 375.0
open_list_size: 0
num_low_level_expanded: 1685
search_success: 1
search_time: 0.17454379331320524
n_tsp_call: 1
n_tsp_time: 0.10240479512140155
n_roots: 1
num_conflicts: 0
target_assignment: {756: 0, 2786: 1, 2294: 1, 595: 2, 3512: 4}
cluster_target_selection: {3: 756, 0: 2786, 4: 2294, 2: 595, 1: 3512}
num_nodes_transformed_graph: 29
agent_paths:({0: [(45, 30), (44, 30), (43, 30), (42, 30), (41, 30), (41, 29), (41, 28), (41, 27), (40, 27), (39, 27), (38, 27), (37, 27), (36, 27), (35, 27), (34, 27), (33, 27), (32, 27), (31, 27), (30, 27), (29, 27), (29, 26), (28, 26), (28, 25), (28, 24), (28, 23), (28, 22), (28, 21), (28, 20), (28, 19), (28, 18), (27, 18), (27, 17), (27, 16), (27, 15), (27, 14), (27, 13), (27, 12), (27, 11), (28, 11), (29, 11), (30, 11), (31, 11), (32, 11), (33, 11), (34, 11), (35, 11), (36, 11), (37, 11), (38, 11), (39, 11), (40, 11), (41, 11), (41, 10), (42, 10), (43, 10), (44, 10), (45, 10), (46, 10), (47, 10), (48, 10), (49, 10), (49, 9), (50, 9), (50, 8), (51, 8), (52, 8), (53, 8), (54, 8), (54, 8)], 1: [(54, 41), (55, 41), (56, 41), (56, 42), (55, 42), (54, 42), (53, 42), (52, 42), (51, 42), (50, 42), (49, 42), (48, 42), (47, 42), (46, 42), (45, 42), (44, 42), (43, 42), (42, 42), (41, 42), (40, 42), (39, 42), (38, 42), (37, 42), (36, 42), (35, 42), (34, 42), (33, 42), (32, 42), (31, 42), (30, 42), (29, 42), (28, 42), (27, 42), (26, 42), (25, 42), (24, 42), (23, 42), (22, 42), (21, 42), (20, 42), (19, 42), (19, 41), (19, 40), (19, 39), (19, 38), (19, 37), (19, 36), (19, 35), (19, 34), (19, 33), (19, 32), (19, 31), (19, 30), (19, 29), (19, 28), (19, 27), (19, 26), (19, 25), (19, 24), (19, 23), (19, 22), (19, 21), (18, 21), (17, 21), (16, 21), (15, 21), (14, 21), (13, 21), (12, 21), (11, 21), (10, 21), (9, 21), (9, 20), (9, 19), (9, 18), (9, 17), (9, 16), (9, 15), (8, 15), (7, 15), (7, 14), (7, 13), (7, 13)], 2: [(5, 5), (6, 5), (7, 5), (8, 5), (9, 5), (10, 5), (10, 6), (10, 7), (10, 8), (10, 9), (10, 10), (10, 11), (11, 11), (12, 11), (12, 12), (12, 13), (12, 14), (12, 15), (12, 16), (12, 16)], 3: [(60, 58), (59, 58), (58, 58), (57, 58), (56, 58), (55, 58), (54, 58), (53, 58), (52, 58), (52, 57), (52, 56), (52, 55), (52, 54), (52, 53), (52, 52), (52, 51), (52, 50), (52, 49), (52, 48), (51, 48), (51, 47), (51, 46), (51, 45), (50, 45), (49, 45), (48, 45), (47, 45), (47, 44), (47, 43), (47, 42), (47, 41), (47, 40), (47, 39), (47, 38), (46, 38), (45, 38), (44, 38), (43, 38), (42, 38), (41, 38), (40, 38), (39, 38), (38, 38), (38, 37), (37, 37), (36, 37), (35, 37), (34, 37), (34, 36), (34, 35), (33, 35), (32, 35), (31, 35), (30, 35), (29, 35), (29, 34), (29, 33), (29, 32), (29, 31), (29, 30), (29, 29), (29, 28), (30, 28), (31, 28), (32, 28), (33, 28), (34, 28), (35, 28), (36, 28), (37, 28), (38, 28), (39, 28), (40, 28), (41, 28), (42, 28), (43, 28), (44, 28), (45, 28), (46, 28), (47, 28), (47, 28)], 4: [(51, 57), (51, 56), (51, 55), (51, 54), (51, 53), (51, 52), (51, 51), (51, 50), (52, 50), (52, 49), (52, 48), (51, 48), (51, 47), (51, 46), (51, 45), (50, 45), (49, 45), (48, 45), (47, 45), (47, 44), (47, 43), (47, 42), (46, 42), (45, 42), (44, 42), (43, 42), (42, 42), (41, 42), (40, 42), (39, 42), (38, 42), (37, 42), (36, 42), (35, 42), (34, 42), (33, 42), (32, 42), (31, 42), (30, 42), (29, 42), (28, 42), (27, 42), (27, 43), (27, 44), (27, 45), (27, 46), (27, 47), (27, 48), (27, 49), (27, 50), (26, 50), (26, 51), (25, 51), (24, 51), (24, 52), (24, 53), (23, 53), (22, 53), (22, 54), (21, 54), (20, 54), (19, 54), (18, 54), (17, 54), (16, 54), (15, 54), (14, 54), (13, 54), (12, 54), (11, 54), (10, 54), (9, 54), (8, 54), (7, 54), (6, 54), (5, 54), (4, 54), (3, 54), (2, 54), (3, 54), (4, 54), (5, 54), (6, 54), (7, 54), (8, 54), (9, 54), (10, 54), (11, 54), (12, 54), (13, 54), (14, 54), (15, 54), (16, 54), (17, 54), (18, 54), (19, 54), (20, 54), (21, 54), (22, 54), (22, 53), (23, 53), (24, 53), (24, 52), (24, 51), (25, 51), (26, 51), (26, 50), (27, 50), (27, 49), (27, 48), (27, 47), (27, 46), (27, 45), (26, 45), (26, 44), (25, 44), (24, 44), (23, 44), (22, 44), (21, 44), (20, 44), (20, 43), (20, 42), (20, 41), (20, 40), (20, 39), (20, 38), (20, 37), (20, 36), (20, 35), (20, 34), (20, 34)]}, 130)