

CBSS-C STATS
starts:[2724, 3800, 2985, 394, 760]
targets:[824, 1239, 572, 2630, 888, 1439, 3945, 4591, 1840, 1253]
dests:[2891, 3502, 791, 3389, 1563]
ac_dict:{824: {0, 1}, 1239: {1, 2}, 572: {2, 3}, 2630: {3, 4}, 2891: {0}, 3502: {1}, 791: {2}, 3389: {3}, 1563: {4}}
clusters:[0 0 0 2 2 1 4 4 4 3]

round: 2
best_g_value: 329.0
open_list_size: 1
num_low_level_expanded: 2862
search_success: 1
search_time: 0.1413137437775731
n_tsp_call: 1
n_tsp_time: 0.06726864073425531
n_roots: 1
num_conflicts: 1
target_assignment: {1239: 2, 1253: 3, 1840: 3, 888: 4, 1439: 4}
cluster_target_selection: {0: 1239, 3: 1253, 4: 1840, 2: 888, 1: 1439}
num_nodes_transformed_graph: 29
agent_paths:({0: [(59, 41), (58, 41), (57, 41), (56, 41), (55, 41), (54, 41), (53, 41), (52, 41), (51, 41), (50, 41), (49, 41), (48, 41), (47, 41), (46, 41), (45, 41), (44, 41), (43, 41), (42, 41), (41, 41), (40, 41), (39, 41), (38, 41), (37, 41), (36, 41), (35, 41), (34, 41), (33, 41), (32, 41), (31, 41), (31, 42), (31, 43), (31, 44), (31, 44)], 1: [(30, 58), (30, 57), (30, 56), (30, 55), (30, 54), (30, 53), (29, 53), (29, 52), (29, 51), (29, 50), (29, 49), (29, 48), (29, 47), (29, 46), (29, 45), (30, 45), (30, 44), (31, 44), (32, 44), (33, 44), (34, 44), (35, 44), (36, 44), (37, 44), (37, 43), (37, 42), (38, 42), (39, 42), (40, 42), (41, 42), (42, 42), (43, 42), (44, 42), (45, 42), (46, 42), (47, 42), (48, 42), (49, 42), (50, 42), (51, 42), (52, 42), (53, 42), (53, 43), (53, 44), (53, 45), (53, 46), (53, 47), (53, 48), (53, 49), (53, 50), (54, 50), (55, 50), (56, 50), (56, 51), (56, 52), (57, 52), (57, 53), (57, 53)], 2: [(60, 45), (59, 45), (58, 45), (57, 45), (56, 45), (55, 45), (54, 45), (53, 45), (52, 45), (51, 45), (50, 45), (49, 45), (48, 45), (47, 45), (47, 44), (47, 43), (47, 42), (46, 42), (45, 42), (44, 42), (43, 42), (42, 42), (41, 42), (40, 42), (39, 42), (39, 41), (38, 41), (37, 41), (36, 41), (35, 41), (34, 41), (33, 41), (32, 41), (31, 41), (30, 41), (29, 41), (28, 41), (27, 41), (26, 41), (25, 41), (24, 41), (23, 41), (22, 41), (21, 41), (20, 41), (19, 41), (19, 40), (19, 39), (19, 38), (19, 37), (19, 36), (19, 35), (19, 34), (19, 33), (19, 32), (19, 31), (19, 30), (19, 29), (19, 28), (19, 27), (19, 26), (19, 25), (19, 24), (19, 23), (19, 22), (19, 21), (18, 21), (17, 21), (16, 21), (15, 21), (14, 21), (13, 21), (12, 21), (11, 21), (10, 21), (9, 21), (8, 21), (7, 21), (6, 21), (5, 21), (4, 21), (4, 20), (4, 19), (4, 18), (4, 17), (4, 16), (4, 15), (4, 14), (4, 13), (4, 12), (5, 12), (6, 12), (7, 12), (8, 12), (9, 12), (10, 12), (11, 12), (11, 12)], 3: [(4, 6), (5, 6), (6, 6), (7, 6), (8, 6), (9, 6), (10, 6), (10, 7), (10, 8), (10, 9), (10, 10), (10, 11), (11, 11), (12, 11), (12, 12), (12, 13), (12, 14), (12, 15), (12, 16), (12, 17), (12, 18), (12, 19), (13, 19), (14, 19), (15, 19), (16, 19), (17, 19), (18, 19), (19, 19), (20, 19), (20, 20), (20, 21), (20, 22), (20, 23), (20, 24), (20, 25), (20, 26), (20, 27), (20, 28), (20, 29), (20, 30), (20, 31), (20, 32), (20, 33), (20, 34), (20, 35), (20, 36), (20, 37), (20, 38), (20, 39), (20, 40), (20, 41), (20, 42), (20, 43), (20, 44), (21, 44), (22, 44), (23, 44), (24, 44), (25, 44), (26, 44), (26, 45), (27, 45), (27, 46), (27, 47), (27, 48), (27, 49), (27, 50), (26, 50), (26, 51), (25, 51), (24, 51), (24, 52), (24, 53), (23, 53), (22, 53), (22, 54), (21, 54), (20, 54), (19, 54), (18, 54), (17, 54), (16, 54), (15, 54), (14, 54), (13, 54), (12, 54), (11, 54), (10, 54), (9, 54), (9, 53), (9, 52), (9, 52)], 4: [(45, 11), (44, 11), (43, 11), (43, 12), (43, 13), (42, 13), (41, 13), (40, 13), (39, 13), (38, 13), (37, 13), (36, 13), (35, 13), (34, 13), (33, 13), (32, 13), (31, 13), (30, 13), (29, 13), (28, 13), (27, 13), (26, 13), (25, 13), (24, 13), (23, 13), (22, 13), (21, 13), (20, 13), (20, 14), (20, 15), (20, 16), (20, 17), (20, 18), (19, 18), (18, 18), (18, 19), (17, 19), (16, 19), (15, 19), (14, 19), (13, 19), (12, 19), (11, 19), (10, 19), (9, 19), (9, 20), (9, 21), (9, 22), (8, 22), (7, 22), (6, 22), (5, 22), (4, 22), (3, 22), (3, 23), (3, 24), (3, 24)]}, 96)