

CBSS-C STATS
starts:[3735, 921, 1353, 4729, 2892, 695, 1434, 1647, 735, 2647]
targets:[1984, 3654, 3629, 580, 1781, 281, 1780, 4750, 4621, 3727, 4862, 4868, 2909, 350, 1318]
dests:[1182, 2038, 2693, 2169, 2580, 1442, 1522, 2529, 4981, 2366]
ac_dict:{1984: {0, 1}, 3654: {1, 2}, 3629: {2, 3}, 580: {3, 4}, 1781: {4, 5}, 281: {5, 6}, 1780: {6, 7}, 4750: {8, 7}, 4621: {8, 9}, 1182: {0}, 2038: {1}, 2693: {2}, 2169: {3}, 2580: {4}, 1442: {5}, 1522: {6}, 2529: {7}, 4981: {8}, 2366: {9}}
clusters:[5 2 7 2 1 9 5 4 1 1 3 3 0 8 6]

round: 1
best_g_value: 668.0
open_list_size: 0
num_low_level_expanded: 3210
search_success: 1
search_time: 1.5174047788605094
n_tsp_call: 1
n_tsp_time: 1.3420762890018523
n_roots: 1
num_conflicts: 0
target_assignment: {3727: 8, 4750: 8, 2909: 2, 3629: 2, 3654: 2, 350: 5, 281: 5, 1318: 5, 4862: 3, 1780: 7}
cluster_target_selection: {1: 3727, 4: 4750, 0: 2909, 7: 3629, 2: 3654, 8: 350, 9: 281, 6: 1318, 3: 4862, 5: 1780}
num_nodes_transformed_graph: 98
agent_paths:({0: [(30, 57), (29, 57), (28, 57), (27, 57), (27, 56), (27, 55), (27, 54), (27, 53), (27, 52), (27, 51), (27, 50), (27, 49), (27, 48), (27, 47), (27, 46), (27, 45), (26, 45), (26, 44), (25, 44), (24, 44), (23, 44), (22, 44), (21, 44), (20, 44), (20, 43), (20, 42), (19, 42), (19, 41), (19, 40), (19, 39), (19, 38), (19, 37), (19, 36), (19, 35), (19, 34), (19, 33), (19, 32), (19, 31), (19, 30), (19, 29), (19, 28), (19, 27), (19, 26), (19, 25), (19, 24), (19, 23), (19, 22), (19, 21), (18, 21), (17, 21), (16, 21), (15, 21), (14, 21), (13, 21), (12, 21), (12, 20), (12, 19), (12, 18), (12, 18)], 1: [(11, 14), (12, 14), (12, 15), (12, 16), (12, 17), (12, 18), (12, 19), (13, 19), (14, 19), (15, 19), (16, 19), (17, 19), (18, 19), (19, 19), (20, 19), (21, 19), (22, 19), (23, 19), (23, 20), (23, 21), (23, 22), (23, 23), (23, 24), (23, 25), (23, 26), (23, 27), (23, 28), (23, 29), (23, 30), (23, 31), (23, 31)], 2: [(53, 20), (52, 20), (51, 20), (51, 21), (51, 22), (51, 23), (51, 24), (51, 25), (51, 26), (51, 27), (50, 27), (49, 27), (49, 28), (49, 29), (48, 29), (47, 29), (46, 29), (45, 29), (44, 29), (43, 29), (42, 29), (41, 29), (40, 29), (39, 29), (38, 29), (37, 29), (36, 29), (35, 29), (34, 29), (33, 29), (32, 29), (31, 29), (30, 29), (29, 29), (29, 30), (29, 31), (29, 32), (29, 33), (29, 34), (29, 35), (30, 35), (31, 35), (32, 35), (33, 35), (34, 35), (34, 36), (34, 37), (35, 37), (36, 37), (37, 37), (38, 37), (38, 38), (39, 38), (40, 38), (41, 38), (42, 38), (43, 38), (44, 38), (45, 38), (46, 38), (47, 38), (48, 38), (49, 38), (49, 39), (49, 40), (49, 41), (49, 42), (49, 43), (49, 44), (50, 44), (51, 44), (52, 44), (53, 44), (53, 45), (53, 46), (53, 47), (53, 48), (53, 49), (53, 50), (54, 50), (54, 51), (54, 52), (54, 53), (54, 54), (54, 55), (53, 55), (52, 55), (52, 54), (52, 53), (52, 52), (52, 51), (52, 50), (52, 49), (52, 48), (51, 48), (51, 47), (51, 46), (51, 45), (50, 45), (49, 45), (48, 45), (47, 45), (47, 44), (47, 43), (47, 42), (46, 42), (45, 42), (44, 42), (43, 42), (42, 42), (41, 42), (40, 42), (39, 42), (38, 42), (37, 42), (36, 42), (35, 42), (34, 42), (33, 42), (32, 42), (31, 42), (30, 42), (29, 42), (28, 42), (27, 42), (27, 43), (27, 44), (27, 45), (27, 46), (27, 47), (27, 48), (27, 49), (27, 50), (26, 50), (26, 51), (25, 51), (24, 51), (24, 52), (24, 53), (23, 53), (22, 53), (22, 54), (21, 54), (20, 54), (19, 54), (18, 54), (17, 54), (16, 54), (15, 54), (14, 54), (14, 55), (14, 56), (14, 55), (14, 54), (15, 54), (16, 54), (17, 54), (18, 54), (19, 54), (20, 54), (21, 54), (22, 54), (22, 53), (23, 53), (24, 53), (24, 52), (24, 51), (25, 51), (26, 51), (26, 50), (27, 50), (27, 49), (27, 48), (27, 47), (27, 46), (27, 45), (27, 44), (27, 43), (27, 42), (27, 41), (28, 41), (28, 41)], 3: [(49, 72), (50, 72), (51, 72), (52, 72), (52, 73), (52, 74), (51, 74), (50, 74), (49, 74), (48, 74), (47, 74), (46, 74), (45, 74), (44, 74), (43, 74), (42, 74), (41, 74), (40, 74), (39, 74), (38, 74), (37, 74), (36, 74), (36, 73), (35, 73), (34, 73), (34, 72), (34, 71), (34, 70), (34, 69), (33, 69), (32, 69), (31, 69), (30, 69), (29, 69), (28, 69), (27, 69), (27, 68), (27, 67), (27, 66), (27, 65), (27, 64), (27, 63), (27, 62), (27, 61), (27, 60), (27, 59), (27, 58), (27, 57), (27, 56), (27, 55), (27, 54), (27, 53), (27, 52), (27, 51), (27, 50), (27, 49), (27, 48), (27, 47), (27, 46), (27, 45), (26, 45), (26, 44), (25, 44), (24, 44), (24, 43), (24, 42), (24, 41), (24, 40), (24, 39), (24, 38), (24, 37), (24, 36), (24, 35), (24, 34), (24, 33), (24, 33)], 4: [(32, 44), (32, 43), (32, 42), (32, 41), (32, 40), (32, 39), (33, 39), (34, 39), (35, 39), (36, 39), (37, 39), (38, 39), (39, 39), (40, 39), (41, 39), (42, 39), (43, 39), (44, 39), (45, 39), (45, 39)], 5: [(45, 10), (44, 10), (43, 10), (42, 10), (41, 10), (40, 10), (39, 10), (38, 10), (37, 10), (36, 10), (35, 10), (34, 10), (34, 11), (33, 11), (32, 11), (31, 11), (30, 11), (29, 11), (28, 11), (27, 11), (26, 11), (25, 11), (25, 10), (25, 9), (25, 8), (25, 7), (25, 6), (25, 5), (24, 5), (23, 5), (22, 5), (21, 5), (21, 4), (20, 4), (20, 5), (20, 6), (20, 7), (20, 8), (20, 9), (20, 10), (20, 11), (20, 12), (20, 13), (20, 14), (20, 15), (20, 16), (20, 17), (20, 18), (19, 18), (18, 18), (18, 19), (18, 20), (17, 20), (16, 20), (15, 20), (14, 20), (13, 20), (12, 20), (12, 21), (12, 22), (12, 22)], 6: [(4, 22), (5, 22), (6, 22), (7, 22), (8, 22), (9, 22), (10, 22), (11, 22), (12, 22), (12, 21), (13, 21), (14, 21), (15, 21), (16, 21), (17, 21), (18, 21), (19, 21), (20, 21), (21, 21), (22, 21), (23, 21), (24, 21), (25, 21), (26, 21), (27, 21), (27, 22), (27, 23), (27, 23)], 7: [(22, 25), (23, 25), (24, 25), (25, 25), (25, 26), (25, 27), (26, 27), (27, 27), (28, 27), (29, 27), (29, 28), (29, 29), (29, 30), (29, 31), (29, 32), (29, 33), (29, 34), (29, 35), (30, 35), (31, 35), (32, 35), (33, 35), (34, 35), (34, 36), (34, 37), (35, 37), (36, 37), (37, 37), (38, 37), (38, 38), (39, 38), (40, 38), (41, 38), (42, 38), (43, 38), (44, 38), (45, 38), (46, 38), (47, 38), (48, 38), (49, 38), (50, 38), (51, 38), (52, 38), (53, 38), (54, 38), (55, 38), (56, 38), (57, 38), (58, 38), (59, 38), (59, 38)], 8: [(20, 11), (21, 11), (22, 11), (22, 12), (22, 13), (22, 14), (22, 15), (22, 16), (22, 17), (22, 18), (22, 19), (22, 20), (22, 21), (22, 22), (22, 23), (22, 24), (22, 25), (22, 26), (22, 27), (22, 28), (22, 29), (22, 30), (22, 31), (22, 32), (22, 33), (22, 34), (22, 35), (22, 36), (22, 37), (22, 38), (22, 39), (22, 40), (22, 41), (22, 42), (22, 43), (22, 44), (23, 44), (24, 44), (25, 44), (26, 44), (26, 45), (27, 45), (27, 46), (27, 47), (27, 48), (27, 49), (27, 50), (26, 50), (26, 51), (25, 51), (24, 51), (24, 52), (24, 53), (23, 53), (22, 53), (22, 54), (22, 55), (22, 56), (22, 57), (21, 57), (20, 57), (19, 57), (18, 57), (17, 57), (17, 58), (17, 59), (17, 60), (17, 61), (17, 62), (16, 62), (15, 62), (14, 62), (14, 63), (14, 64), (14, 65), (14, 66), (14, 67), (14, 68), (14, 69), (14, 70), (14, 71), (14, 72), (14, 73), (14, 74), (14, 75), (14, 76), (13, 76), (12, 76), (11, 76), (10, 76), (9, 76), (8, 76), (7, 76), (6, 76), (5, 76), (5, 75), (5, 74), (5, 73), (6, 73), (7, 73), (8, 73), (9, 73), (9, 74), (9, 75), (9, 76), (10, 76), (11, 76), (12, 76), (13, 76), (14, 76), (15, 76), (16, 76), (16, 75), (17, 75), (18, 75), (19, 75), (20, 75), (21, 75), (21, 74), (21, 73), (21, 72), (21, 71), (21, 70), (22, 70), (23, 70), (24, 70), (25, 70), (26, 70), (27, 70), (28, 70), (29, 70), (29, 69), (30, 69), (31, 69), (32, 69), (33, 69), (34, 69), (35, 69), (36, 69), (37, 69), (38, 69), (39, 69), (40, 69), (41, 69), (41, 70), (41, 71), (41, 72), (41, 73), (41, 74), (41, 75), (41, 76), (41, 76)], 9: [(47, 40), (46, 40), (45, 40), (44, 40), (43, 40), (42, 40), (41, 40), (40, 40), (39, 40), (38, 40), (37, 40), (36, 40), (35, 40), (34, 40), (33, 40), (32, 40), (31, 40), (30, 40), (29, 40), (28, 40), (27, 40), (26, 40), (26, 39), (26, 38), (26, 37), (26, 36), (26, 36)]}, 180)