

CBSS-C STATS
starts:[1992, 4526, 1289, 3839, 3734, 4106, 4524, 267, 4397, 2688]
targets:[1378, 4736, 3480, 4278, 4405, 2424, 606, 1546, 1922, 4511]
dests:[5014, 4869, 2684, 1372, 155, 4527, 2824, 344, 4508, 765]
ac_dict:{1378: {0, 1}, 4736: {1, 2}, 3480: {2, 3}, 4278: {3, 4}, 4405: {4, 5}, 2424: {5, 6}, 606: {6, 7}, 1546: {8, 7}, 1922: {8, 9}, 5014: {0}, 4869: {1}, 2684: {2}, 1372: {3}, 155: {4}, 4527: {5}, 2824: {6}, 344: {7}, 4508: {8}, 765: {9}}
clusters:[0 2 0 0 3 4 4 0 1 1]

round: 8
best_g_value: 534.0
open_list_size: 7
num_low_level_expanded: 6896
search_success: 1
search_time: 0.5594729580916464
n_tsp_call: 1
n_tsp_time: 0.22811375418677926
n_roots: 1
num_conflicts: 7
target_assignment: {4511: 0, 4405: 5, 3480: 3, 606: 7, 4736: 1}
cluster_target_selection: {1: 4511, 3: 4405, 0: 3480, 4: 606, 2: 4736}
num_nodes_transformed_graph: 48
agent_paths:({0: [(42, 30), (41, 30), (40, 30), (39, 30), (38, 30), (37, 30), (36, 30), (35, 30), (34, 30), (34, 29), (33, 29), (32, 29), (31, 29), (30, 29), (29, 29), (28, 29), (28, 30), (28, 31), (28, 32), (28, 33), (28, 34), (28, 35), (28, 36), (28, 37), (28, 38), (28, 39), (28, 40), (28, 41), (28, 42), (28, 43), (28, 44), (28, 45), (28, 46), (28, 47), (28, 48), (27, 48), (27, 49), (27, 50), (26, 50), (26, 51), (26, 52), (26, 53), (26, 54), (26, 55), (26, 56), (26, 57), (26, 58), (26, 59), (26, 60), (26, 61), (26, 62), (26, 63), (26, 64), (26, 65), (26, 66), (26, 67), (26, 68), (26, 69), (25, 69), (24, 69), (24, 70), (23, 70), (22, 70), (21, 70), (20, 70), (19, 70), (18, 70), (17, 70), (16, 70), (15, 70), (14, 70), (14, 71), (14, 72), (14, 73), (14, 74), (14, 75), (14, 76), (13, 76), (12, 76), (11, 76), (10, 76), (9, 76), (9, 77), (9, 77)], 1: [(41, 69), (42, 69), (43, 69), (44, 69), (45, 69), (46, 69), (47, 69), (48, 69), (49, 69), (50, 69), (51, 69), (52, 69), (53, 69), (54, 69), (55, 69), (56, 69), (56, 70), (56, 71), (56, 72), (57, 72), (58, 72), (59, 72), (59, 73), (59, 74), (59, 74)], 2: [(54, 19), (53, 19), (52, 19), (51, 19), (51, 20), (51, 21), (51, 22), (51, 23), (51, 24), (51, 25), (51, 26), (51, 27), (50, 27), (49, 27), (48, 27), (47, 27), (46, 27), (45, 27), (44, 27), (43, 27), (42, 27), (41, 27), (40, 27), (39, 27), (38, 27), (37, 27), (36, 27), (35, 27), (34, 27), (33, 27), (32, 27), (31, 27), (30, 27), (29, 27), (28, 27), (27, 27), (26, 27), (25, 27), (24, 27), (23, 27), (22, 27), (21, 27), (20, 27), (19, 27), (19, 28), (19, 29), (19, 30), (19, 31), (19, 32), (19, 33), (19, 34), (19, 35), (19, 36), (19, 37), (19, 38), (19, 39), (19, 40), (19, 41), (19, 41)], 3: [(4, 59), (4, 58), (4, 57), (4, 56), (4, 55), (4, 54), (5, 54), (6, 54), (7, 54), (8, 54), (9, 54), (10, 54), (11, 54), (12, 54), (13, 54), (14, 54), (15, 54), (16, 54), (17, 54), (18, 54), (19, 54), (20, 54), (21, 54), (22, 54), (22, 53), (23, 53), (24, 53), (25, 53), (26, 53), (27, 53), (28, 53), (29, 53), (30, 53), (31, 53), (32, 53), (33, 53), (34, 53), (35, 53), (34, 53), (33, 53), (32, 53), (31, 53), (30, 53), (29, 53), (28, 53), (27, 53), (27, 52), (27, 51), (27, 50), (27, 49), (27, 48), (27, 47), (27, 46), (27, 45), (26, 45), (26, 44), (25, 44), (24, 44), (23, 44), (22, 44), (21, 44), (20, 44), (20, 43), (20, 42), (20, 41), (20, 40), (19, 40), (19, 39), (19, 38), (19, 37), (19, 36), (19, 35), (19, 34), (19, 33), (19, 32), (19, 31), (19, 30), (19, 29), (19, 28), (19, 27), (19, 26), (19, 25), (19, 24), (19, 23), (19, 22), (19, 21), (18, 21), (17, 21), (16, 21), (15, 21), (14, 21), (13, 21), (12, 21), (11, 21), (10, 21), (9, 21), (8, 21), (7, 21), (7, 21)], 4: [(29, 57), (28, 57), (27, 57), (27, 56), (27, 55), (27, 54), (27, 53), (27, 52), (27, 51), (27, 50), (27, 49), (27, 48), (27, 47), (27, 46), (27, 45), (26, 45), (26, 44), (25, 44), (25, 43), (25, 42), (25, 41), (25, 40), (25, 39), (25, 38), (25, 37), (25, 36), (25, 35), (25, 34), (25, 33), (25, 32), (25, 31), (25, 30), (25, 29), (25, 28), (25, 27), (25, 26), (25, 25), (25, 24), (25, 23), (25, 22), (25, 21), (25, 20), (25, 19), (25, 18), (25, 17), (25, 16), (25, 15), (25, 14), (25, 13), (25, 12), (25, 11), (25, 10), (25, 9), (25, 8), (25, 7), (25, 6), (25, 5), (25, 4), (25, 3), (25, 2), (25, 2)], 5: [(11, 63), (12, 63), (13, 63), (14, 63), (15, 63), (16, 63), (17, 63), (18, 63), (19, 63), (20, 63), (21, 63), (21, 64), (22, 64), (23, 64), (24, 64), (25, 64), (26, 64), (26, 65), (27, 65), (27, 66), (28, 66), (29, 66), (29, 67), (30, 67), (31, 67), (32, 67), (33, 67), (34, 67), (35, 67), (36, 67), (37, 67), (38, 67), (39, 67), (40, 67), (41, 67), (42, 67), (43, 67), (44, 67), (45, 67), (46, 67), (47, 67), (48, 67), (49, 67), (50, 67), (49, 67), (48, 67), (47, 67), (46, 67), (45, 67), (44, 67), (43, 67), (42, 67), (42, 68), (42, 69), (42, 69)], 6: [(39, 69), (38, 69), (37, 69), (36, 69), (35, 69), (34, 69), (33, 69), (32, 69), (31, 69), (30, 69), (29, 69), (29, 68), (29, 67), (29, 66), (28, 66), (27, 66), (27, 65), (27, 64), (27, 63), (27, 62), (27, 61), (27, 60), (27, 59), (27, 58), (27, 57), (27, 56), (27, 55), (27, 54), (27, 53), (27, 52), (27, 51), (27, 50), (27, 49), (27, 48), (27, 47), (27, 46), (27, 45), (27, 44), (27, 43), (28, 43), (29, 43), (29, 43)], 7: [(7, 4), (8, 4), (9, 4), (10, 4), (10, 5), (10, 6), (10, 7), (10, 8), (10, 9), (10, 10), (10, 11), (11, 11), (12, 11), (12, 12), (12, 13), (12, 14), (12, 15), (12, 16), (12, 17), (12, 18), (12, 19), (13, 19), (14, 19), (15, 19), (16, 19), (17, 19), (18, 19), (18, 18), (19, 18), (20, 18), (20, 17), (20, 16), (20, 15), (20, 14), (20, 13), (20, 12), (20, 11), (20, 10), (20, 9), (21, 9), (20, 9), (20, 8), (19, 8), (19, 7), (19, 6), (19, 5), (19, 5)], 8: [(42, 67), (41, 67), (40, 67), (39, 67), (38, 67), (37, 67), (36, 67), (35, 67), (34, 67), (33, 67), (32, 67), (31, 67), (30, 67), (29, 67), (28, 67), (27, 67), (26, 67), (25, 67), (24, 67), (23, 67), (23, 68), (23, 69), (23, 69)], 9: [(23, 41), (23, 40), (23, 39), (23, 38), (23, 37), (23, 36), (23, 35), (23, 34), (23, 33), (23, 32), (23, 31), (23, 30), (23, 29), (23, 28), (23, 27), (23, 26), (23, 25), (23, 24), (23, 23), (23, 22), (23, 21), (23, 20), (23, 19), (23, 18), (23, 17), (23, 16), (23, 15), (23, 14), (23, 13), (23, 12), (23, 11), (24, 11), (25, 11), (26, 11), (27, 11), (28, 11), (29, 11), (30, 11), (31, 11), (32, 11), (33, 11), (34, 11), (35, 11), (36, 11), (37, 11), (38, 11), (39, 11), (40, 11), (41, 11), (42, 11), (43, 11), (44, 11), (45, 11), (46, 11), (47, 11), (48, 11), (49, 11), (50, 11), (50, 11)]}, 97)