

CBSS-C STATS
starts:[4509, 3488, 924, 900, 4101]
targets:[3371, 3795, 3661, 5017, 1906, 1976, 2368, 4981, 483, 1469, 3499, 4460, 5064, 4467, 1931, 2911, 2001, 2653, 5083, 1499]
dests:[3543, 2558, 1856, 5075, 3724]
ac_dict:{3371: {0, 1}, 3795: {1, 2}, 3661: {2, 3}, 5017: {3, 4}, 3543: {0}, 2558: {1}, 1856: {2}, 5075: {3}, 3724: {4}}
clusters:[0 3 6 5 8 2 7 3 0 3 4 1 0 6 6 9 6 5 0 8]

round: 1
best_g_value: 352.0
open_list_size: 0
num_low_level_expanded: 1126
search_success: 1
search_time: 0.5228717080317438
n_tsp_call: 1
n_tsp_time: 0.46501629799604416
n_roots: 1
num_conflicts: 0
target_assignment: {4981: 0, 4460: 0, 1906: 2, 1976: 3, 2368: 3, 3661: 3, 5083: 3, 2911: 1, 3499: 1, 2653: 1}
cluster_target_selection: {3: 4981, 1: 4460, 8: 1906, 2: 1976, 7: 2368, 6: 3661, 0: 5083, 9: 2911, 4: 3499, 5: 2653}
num_nodes_transformed_graph: 53
agent_paths:({0: [(24, 69), (25, 69), (26, 69), (27, 69), (28, 69), (29, 69), (30, 69), (31, 69), (32, 69), (33, 69), (34, 69), (35, 69), (36, 69), (37, 69), (38, 69), (39, 69), (40, 69), (41, 69), (41, 70), (41, 71), (41, 72), (41, 73), (41, 74), (41, 75), (41, 76), (40, 76), (40, 75), (40, 74), (40, 73), (40, 72), (40, 71), (40, 70), (40, 69), (40, 68), (39, 68), (38, 68), (37, 68), (36, 68), (35, 68), (34, 68), (33, 68), (33, 67), (32, 67), (31, 67), (30, 67), (29, 67), (29, 66), (28, 66), (27, 66), (27, 65), (27, 64), (27, 63), (27, 62), (27, 61), (27, 60), (27, 59), (27, 58), (27, 57), (27, 56), (27, 55), (27, 54), (28, 54), (29, 54), (30, 54), (31, 54), (32, 54), (33, 54), (33, 54)], 1: [(43, 53), (42, 53), (41, 53), (40, 53), (39, 53), (38, 53), (37, 53), (36, 53), (35, 53), (34, 53), (33, 53), (33, 52), (33, 51), (32, 51), (31, 51), (30, 51), (30, 50), (29, 50), (29, 49), (29, 48), (29, 47), (29, 46), (29, 45), (29, 44), (30, 44), (31, 44), (32, 44), (33, 44), (34, 44), (35, 44), (36, 44), (37, 44), (37, 43), (37, 42), (38, 42), (39, 42), (40, 42), (41, 42), (42, 42), (43, 42), (44, 42), (45, 42), (46, 42), (47, 42), (48, 42), (49, 42), (50, 42), (51, 42), (51, 43), (51, 44), (52, 44), (53, 44), (53, 45), (53, 46), (53, 47), (53, 48), (53, 49), (53, 50), (54, 50), (54, 51), (54, 52), (54, 53), (53, 53), (53, 52), (53, 51), (53, 50), (53, 49), (53, 48), (53, 47), (53, 46), (53, 45), (53, 44), (53, 43), (53, 42), (53, 41), (53, 40), (52, 40), (51, 40), (50, 40), (49, 40), (48, 40), (47, 40), (46, 40), (45, 40), (44, 40), (43, 40), (42, 40), (41, 40), (40, 40), (39, 40), (38, 40), (37, 40), (36, 40), (35, 40), (34, 40), (33, 40), (32, 40), (31, 40), (30, 40), (29, 40), (28, 40), (27, 40), (26, 40), (25, 40), (24, 40), (23, 40), (23, 39), (23, 39)], 2: [(14, 14), (14, 15), (13, 15), (13, 16), (12, 16), (12, 17), (12, 18), (12, 19), (13, 19), (14, 19), (15, 19), (16, 19), (17, 19), (18, 19), (19, 19), (20, 19), (21, 19), (21, 20), (21, 21), (21, 22), (21, 23), (21, 24), (21, 25), (21, 26), (21, 27), (21, 28), (21, 29), (21, 28), (22, 28), (23, 28), (24, 28), (25, 28), (26, 28), (27, 28), (28, 28), (29, 28), (30, 28), (31, 28), (32, 28), (33, 28), (34, 28), (35, 28), (36, 28), (36, 28)], 3: [(55, 13), (54, 13), (53, 13), (52, 13), (51, 13), (50, 13), (49, 13), (48, 13), (47, 13), (46, 13), (45, 13), (44, 13), (43, 13), (42, 13), (41, 13), (40, 13), (39, 13), (38, 13), (37, 13), (36, 13), (35, 13), (34, 13), (33, 13), (32, 13), (31, 13), (30, 13), (29, 13), (28, 13), (27, 13), (26, 13), (26, 14), (26, 15), (26, 16), (26, 17), (26, 18), (26, 19), (26, 20), (26, 21), (26, 22), (26, 23), (26, 24), (26, 25), (26, 26), (26, 27), (26, 28), (26, 29), (26, 30), (27, 30), (28, 30), (28, 31), (28, 32), (28, 33), (28, 34), (28, 35), (28, 36), (27, 36), (27, 37), (27, 38), (27, 39), (27, 40), (27, 41), (27, 42), (27, 43), (27, 44), (27, 45), (27, 46), (27, 47), (27, 48), (27, 49), (27, 50), (26, 50), (26, 51), (25, 51), (24, 51), (24, 52), (24, 53), (23, 53), (22, 53), (22, 54), (21, 54), (21, 55), (21, 56), (20, 56), (19, 56), (18, 56), (17, 56), (17, 57), (17, 58), (17, 59), (17, 60), (17, 61), (17, 62), (16, 62), (15, 62), (14, 62), (14, 63), (14, 64), (14, 65), (14, 66), (14, 67), (14, 68), (14, 69), (14, 70), (14, 71), (14, 72), (14, 73), (14, 74), (14, 75), (14, 76), (13, 76), (13, 77), (13, 78), (12, 78), (11, 78), (10, 78), (9, 78), (8, 78), (7, 78), (6, 78), (5, 78), (5, 78)], 4: [(6, 63), (6, 62), (7, 62), (8, 62), (9, 62), (10, 62), (11, 62), (12, 62), (13, 62), (14, 62), (15, 62), (16, 62), (17, 62), (17, 61), (17, 60), (17, 59), (17, 58), (17, 57), (18, 57), (19, 57), (19, 57)]}, 119)