

CBSS-C STATS
starts:[4318, 4601, 5077, 1867, 4587, 4598, 1693, 1584, 4310, 607]
targets:[891, 2309, 4494, 1044, 703, 823, 1781, 4881, 1993, 1534, 3879, 2502, 4826, 2656, 4115]
dests:[1986, 917, 999, 2527, 2955, 1286, 2567, 3887, 3930, 206]
ac_dict:{891: {0, 1}, 2309: {1, 2}, 4494: {2, 3}, 1044: {3, 4}, 703: {4, 5}, 823: {5, 6}, 1781: {6, 7}, 4881: {8, 7}, 1993: {8, 9}, 1986: {0}, 917: {1}, 999: {2}, 2527: {3}, 2955: {4}, 1286: {5}, 2567: {6}, 3887: {7}, 3930: {8}, 206: {9}}
clusters:[9 4 1 2 1 7 3 0 1 6 8 5 7 0 0]

round: 1
best_g_value: 790.0
open_list_size: 0
num_low_level_expanded: 4517
search_success: 1
search_time: 0.7661857027560472
n_tsp_call: 1
n_tsp_time: 0.5304601388052106
n_roots: 1
num_conflicts: 0
target_assignment: {3879: 0, 1781: 6, 2502: 6, 4494: 2, 4826: 2, 4115: 2, 2309: 1, 891: 1, 1534: 3, 1044: 3}
cluster_target_selection: {8: 3879, 3: 1781, 5: 2502, 1: 4494, 7: 4826, 0: 4115, 4: 2309, 9: 891, 6: 1534, 2: 1044}
num_nodes_transformed_graph: 59
agent_paths:({0: [(28, 66), (27, 66), (27, 65), (27, 64), (27, 63), (27, 62), (27, 61), (27, 60), (27, 59), (28, 59), (29, 59), (30, 59), (31, 59), (32, 59), (33, 59), (33, 58), (34, 58), (35, 58), (36, 58), (37, 58), (38, 58), (39, 58), (40, 58), (41, 58), (42, 58), (43, 58), (44, 58), (44, 59), (44, 58), (43, 58), (42, 58), (41, 58), (40, 58), (39, 58), (38, 58), (37, 58), (36, 58), (36, 57), (36, 56), (36, 55), (36, 54), (36, 53), (35, 53), (34, 53), (33, 53), (33, 52), (33, 51), (32, 51), (31, 51), (30, 51), (30, 50), (29, 50), (29, 49), (29, 48), (29, 47), (29, 46), (29, 45), (29, 44), (29, 43), (29, 42), (29, 41), (29, 40), (29, 39), (29, 38), (29, 37), (29, 36), (29, 35), (29, 34), (29, 33), (29, 32), (29, 31), (29, 30), (29, 29), (30, 29), (31, 29), (32, 29), (33, 29), (34, 29), (35, 29), (36, 29), (36, 30), (36, 30)], 1: [(51, 70), (50, 70), (49, 70), (48, 70), (47, 70), (46, 70), (45, 70), (44, 70), (43, 70), (42, 70), (41, 70), (40, 70), (39, 70), (38, 70), (37, 70), (36, 70), (35, 70), (34, 70), (34, 69), (34, 68), (34, 67), (33, 67), (32, 67), (31, 67), (30, 67), (29, 67), (29, 66), (28, 66), (27, 66), (27, 65), (27, 64), (27, 63), (27, 62), (27, 61), (27, 60), (27, 59), (27, 58), (27, 57), (27, 56), (27, 55), (27, 54), (27, 53), (27, 52), (27, 51), (27, 50), (27, 49), (27, 48), (27, 47), (27, 46), (27, 45), (27, 44), (27, 43), (27, 42), (27, 41), (27, 40), (27, 39), (27, 38), (27, 37), (27, 36), (27, 35), (28, 35), (29, 35), (30, 35), (31, 35), (32, 35), (33, 35), (34, 35), (33, 35), (32, 35), (31, 35), (30, 35), (29, 35), (29, 34), (29, 33), (29, 32), (29, 31), (29, 30), (29, 29), (29, 28), (29, 27), (29, 26), (28, 26), (28, 25), (28, 24), (28, 23), (28, 22), (28, 21), (28, 20), (28, 19), (28, 18), (27, 18), (27, 17), (27, 16), (27, 15), (27, 14), (27, 13), (28, 13), (29, 13), (30, 13), (31, 13), (32, 13), (33, 13), (34, 13), (35, 13), (36, 13), (37, 13), (38, 13), (39, 13), (40, 13), (41, 13), (42, 13), (43, 13), (44, 13), (45, 13), (46, 13), (45, 13), (44, 13), (43, 13), (42, 13), (41, 13), (40, 13), (39, 13), (38, 13), (37, 13), (36, 13), (35, 13), (34, 13), (33, 13), (32, 13), (31, 13), (30, 13), (29, 13), (28, 13), (27, 13), (26, 13), (25, 13), (24, 13), (23, 13), (22, 13), (21, 13), (20, 13), (20, 14), (20, 15), (20, 16), (20, 17), (20, 18), (19, 18), (18, 18), (18, 19), (17, 19), (16, 19), (15, 19), (14, 19), (13, 19), (12, 19), (11, 19), (10, 19), (9, 19), (9, 18), (9, 17), (9, 16), (9, 15), (8, 15), (7, 15), (7, 14), (7, 14)], 2: [(7, 78), (7, 77), (7, 76), (7, 75), (7, 74), (7, 73), (7, 72), (7, 71), (7, 70), (7, 69), (8, 69), (9, 69), (9, 70), (9, 71), (9, 72), (9, 73), (9, 74), (9, 75), (9, 76), (10, 76), (11, 76), (12, 76), (13, 76), (14, 76), (14, 75), (14, 74), (15, 74), (16, 74), (16, 73), (16, 72), (16, 71), (16, 70), (16, 69), (16, 68), (16, 67), (16, 66), (16, 65), (16, 64), (16, 63), (17, 63), (18, 63), (19, 63), (20, 63), (19, 63), (19, 62), (19, 61), (19, 60), (19, 59), (19, 58), (19, 57), (19, 56), (19, 55), (19, 54), (20, 54), (21, 54), (22, 54), (22, 53), (23, 53), (24, 53), (24, 52), (24, 51), (25, 51), (26, 51), (26, 50), (27, 50), (27, 49), (27, 48), (27, 47), (27, 46), (27, 45), (26, 45), (26, 44), (25, 44), (24, 44), (24, 43), (24, 42), (24, 41), (24, 40), (24, 39), (24, 38), (24, 37), (24, 36), (24, 35), (24, 34), (24, 33), (24, 32), (24, 31), (24, 30), (24, 29), (24, 28), (24, 27), (24, 26), (24, 25), (24, 24), (24, 23), (24, 22), (24, 21), (24, 20), (24, 19), (24, 18), (24, 17), (24, 16), (24, 15), (24, 15)], 3: [(47, 28), (46, 28), (45, 28), (44, 28), (43, 28), (42, 28), (41, 28), (40, 28), (39, 28), (39, 27), (38, 27), (38, 26), (38, 25), (38, 24), (38, 23), (39, 23), (38, 23), (37, 23), (36, 23), (35, 23), (35, 24), (35, 25), (35, 26), (34, 26), (34, 27), (33, 27), (32, 27), (31, 27), (30, 27), (29, 27), (28, 27), (27, 27), (26, 27), (25, 27), (24, 27), (23, 27), (22, 27), (21, 27), (20, 27), (19, 27), (19, 26), (19, 25), (19, 24), (19, 23), (19, 22), (19, 21), (18, 21), (17, 21), (16, 21), (15, 21), (14, 21), (13, 21), (12, 21), (11, 21), (10, 21), (9, 21), (8, 21), (7, 21), (6, 21), (5, 21), (4, 21), (4, 20), (4, 19), (4, 18), (4, 17), (4, 16), (4, 17), (4, 18), (4, 19), (4, 20), (5, 20), (6, 20), (7, 20), (8, 20), (9, 20), (10, 20), (11, 20), (12, 20), (13, 20), (14, 20), (15, 20), (16, 20), (17, 20), (18, 20), (19, 20), (20, 20), (21, 20), (22, 20), (23, 20), (24, 20), (25, 20), (26, 20), (27, 20), (28, 20), (28, 21), (28, 22), (28, 23), (28, 24), (28, 25), (28, 26), (29, 26), (29, 27), (29, 28), (29, 29), (29, 30), (29, 31), (29, 32), (29, 33), (29, 34), (29, 35), (30, 35), (31, 35), (32, 35), (33, 35), (34, 35), (34, 36), (34, 37), (35, 37), (36, 37), (37, 37), (38, 37), (38, 38), (39, 38), (40, 38), (41, 38), (42, 38), (43, 38), (44, 38), (45, 38), (46, 38), (47, 38), (48, 38), (49, 38), (50, 38), (51, 38), (52, 38), (53, 38), (54, 38), (55, 38), (56, 38), (57, 38), (57, 38)], 4: [(37, 70), (36, 70), (35, 70), (34, 70), (34, 69), (33, 69), (32, 69), (31, 69), (30, 69), (30, 68), (30, 67), (29, 67), (29, 66), (28, 66), (27, 66), (27, 65), (27, 64), (27, 63), (27, 62), (27, 61), (27, 60), (27, 59), (27, 58), (27, 57), (27, 56), (27, 55), (27, 54), (27, 53), (27, 52), (27, 51), (27, 50), (27, 49), (27, 48), (27, 47), (27, 46), (27, 45), (28, 45), (29, 45), (30, 45), (30, 45)], 5: [(48, 70), (48, 69), (48, 68), (48, 67), (47, 67), (46, 67), (45, 67), (44, 67), (43, 67), (42, 67), (41, 67), (40, 67), (39, 67), (38, 67), (37, 67), (36, 67), (35, 67), (34, 67), (33, 67), (32, 67), (31, 67), (30, 67), (29, 67), (29, 66), (28, 66), (27, 66), (27, 65), (27, 64), (27, 63), (27, 62), (27, 61), (27, 60), (27, 59), (27, 58), (27, 57), (27, 56), (27, 55), (27, 54), (27, 53), (27, 52), (27, 51), (27, 50), (27, 49), (27, 48), (27, 47), (27, 46), (27, 45), (27, 44), (27, 43), (27, 42), (27, 41), (27, 40), (27, 39), (27, 38), (27, 37), (27, 36), (27, 35), (27, 34), (27, 33), (27, 32), (27, 31), (27, 30), (27, 29), (27, 28), (27, 27), (28, 27), (29, 27), (30, 27), (31, 27), (32, 27), (33, 27), (34, 27), (35, 27), (36, 27), (37, 27), (38, 27), (39, 27), (40, 27), (41, 27), (42, 27), (43, 27), (44, 27), (45, 27), (46, 27), (47, 27), (48, 27), (49, 27), (50, 27), (51, 27), (51, 26), (51, 25), (51, 24), (51, 23), (51, 22), (51, 21), (51, 20), (51, 19), (51, 19)], 6: [(3, 26), (3, 25), (3, 24), (3, 23), (4, 23), (5, 23), (6, 23), (7, 23), (8, 23), (9, 23), (10, 23), (11, 23), (12, 23), (12, 22), (12, 21), (13, 21), (14, 21), (15, 21), (16, 21), (17, 21), (18, 21), (19, 21), (20, 21), (21, 21), (22, 21), (23, 21), (24, 21), (25, 21), (26, 21), (26, 22), (26, 23), (26, 24), (26, 25), (26, 26), (26, 27), (27, 27), (28, 27), (29, 27), (29, 28), (29, 29), (29, 30), (29, 31), (29, 32), (29, 33), (29, 34), (29, 35), (30, 35), (31, 35), (32, 35), (32, 36), (32, 37), (32, 38), (32, 39), (32, 39)], 7: [(24, 24), (25, 24), (26, 24), (27, 24), (28, 24), (28, 25), (28, 26), (29, 26), (29, 27), (29, 28), (29, 29), (29, 30), (29, 31), (29, 32), (29, 33), (29, 34), (29, 35), (30, 35), (31, 35), (32, 35), (33, 35), (34, 35), (34, 36), (34, 37), (35, 37), (36, 37), (37, 37), (38, 37), (38, 38), (39, 38), (40, 38), (41, 38), (42, 38), (43, 38), (44, 38), (45, 38), (46, 38), (47, 38), (48, 38), (49, 38), (50, 38), (51, 38), (52, 38), (52, 39), (52, 40), (52, 41), (52, 42), (52, 43), (52, 44), (52, 45), (52, 46), (52, 47), (52, 48), (52, 49), (52, 50), (52, 51), (52, 52), (52, 53), (52, 54), (52, 55), (52, 56), (52, 57), (52, 58), (52, 59), (52, 59)], 8: [(20, 66), (20, 65), (20, 64), (21, 64), (22, 64), (23, 64), (24, 64), (24, 63), (25, 63), (25, 62), (25, 61), (25, 60), (26, 60), (27, 60), (28, 60), (29, 60), (30, 60), (30, 60)], 9: [(22, 9), (21, 9), (20, 9), (20, 10), (20, 11), (20, 12), (20, 13), (20, 14), (20, 15), (20, 16), (20, 17), (20, 18), (19, 18), (18, 18), (18, 19), (17, 19), (16, 19), (15, 19), (14, 19), (13, 19), (12, 19), (11, 19), (11, 18), (11, 17), (11, 16), (11, 15), (11, 14), (11, 13), (11, 12), (11, 11), (10, 11), (10, 10), (10, 9), (10, 8), (10, 7), (10, 6), (10, 5), (10, 4), (10, 3), (11, 3), (11, 3)]}, 164)