

CBSS-C STATS
starts:[1648, 1502, 1943, 3744, 4569]
targets:[3814, 3355, 396, 2426, 474, 2460, 4939, 202, 2571, 763, 3945, 2707, 2702, 3802, 3761, 1791, 3584, 1519, 4311, 4309]
dests:[2775, 4392, 512, 1181, 1587]
ac_dict:{3814: {0, 1}, 3355: {1, 2}, 396: {2, 3}, 2426: {3, 4}, 2775: {0}, 4392: {1}, 512: {2}, 1181: {3}, 1587: {4}}
clusters:[5 4 0 2 4 8 7 6 1 8 0 3 2 9 2 1 9 1 1 0]

round: 1
best_g_value: 467.0
open_list_size: 0
num_low_level_expanded: 2637
search_success: 1
search_time: 2.0570547240786254
n_tsp_call: 1
n_tsp_time: 1.9503119518049061
n_roots: 1
num_conflicts: 0
target_assignment: {2702: 0, 2707: 0, 4309: 4, 1519: 1, 3355: 1, 3814: 1, 3802: 1, 4939: 1, 202: 3, 763: 2}
cluster_target_selection: {2: 2702, 3: 2707, 0: 4309, 1: 1519, 4: 3355, 5: 3814, 9: 3802, 7: 4939, 6: 202, 8: 763}
num_nodes_transformed_graph: 98
agent_paths:({0: [(23, 25), (24, 25), (25, 25), (26, 25), (27, 25), (28, 25), (28, 26), (29, 26), (29, 27), (29, 28), (29, 29), (29, 30), (29, 31), (29, 32), (29, 33), (29, 34), (29, 35), (30, 35), (31, 35), (32, 35), (33, 35), (34, 35), (34, 36), (34, 37), (35, 37), (36, 37), (37, 37), (37, 38), (37, 39), (37, 40), (37, 41), (38, 41), (39, 41), (40, 41), (41, 41), (42, 41), (43, 41), (44, 41), (45, 41), (45, 42), (45, 42)], 1: [(7, 23), (8, 23), (9, 23), (10, 23), (11, 23), (12, 23), (12, 22), (12, 21), (13, 21), (14, 21), (15, 21), (16, 21), (17, 21), (18, 21), (19, 21), (20, 21), (21, 21), (22, 21), (23, 21), (24, 21), (24, 22), (24, 23), (25, 23), (26, 23), (27, 23), (28, 23), (28, 24), (28, 25), (28, 26), (29, 26), (29, 27), (29, 28), (29, 29), (29, 30), (29, 31), (29, 32), (29, 33), (29, 34), (29, 35), (29, 36), (29, 37), (29, 38), (29, 39), (29, 40), (29, 41), (29, 42), (29, 43), (29, 44), (29, 45), (29, 46), (29, 47), (29, 48), (29, 49), (29, 50), (30, 50), (30, 51), (31, 51), (32, 51), (33, 51), (33, 52), (33, 53), (34, 53), (35, 53), (36, 53), (37, 53), (38, 53), (39, 53), (40, 53), (40, 52), (40, 51), (40, 52), (40, 53), (41, 53), (42, 53), (43, 53), (44, 53), (44, 54), (44, 55), (44, 56), (44, 57), (44, 58), (43, 58), (42, 58), (41, 58), (40, 58), (39, 58), (38, 58), (37, 58), (36, 58), (35, 58), (34, 58), (33, 58), (32, 58), (32, 59), (32, 60), (32, 61), (31, 61), (30, 61), (29, 61), (29, 62), (28, 62), (27, 62), (27, 63), (27, 64), (27, 65), (27, 66), (28, 66), (29, 66), (29, 67), (30, 67), (31, 67), (32, 67), (33, 67), (34, 67), (35, 67), (36, 67), (37, 67), (38, 67), (39, 67), (40, 67), (41, 67), (42, 67), (43, 67), (44, 67), (45, 67), (46, 67), (47, 67), (48, 67), (49, 67), (50, 67), (51, 67), (52, 67), (53, 67), (54, 67), (55, 67), (56, 67), (57, 67), (58, 67), (59, 67), (60, 67), (60, 68), (60, 69), (61, 69), (62, 69), (62, 70), (62, 71), (62, 72), (62, 73), (62, 74), (62, 75), (63, 75), (64, 75), (63, 75), (62, 75), (61, 75), (60, 75), (59, 75), (58, 75), (57, 75), (56, 75), (55, 75), (54, 75), (53, 75), (52, 75), (51, 75), (50, 75), (49, 75), (48, 75), (47, 75), (46, 75), (45, 75), (44, 75), (43, 75), (42, 75), (41, 75), (40, 75), (39, 75), (38, 75), (37, 75), (37, 74), (37, 73), (37, 72), (37, 71), (37, 70), (37, 69), (37, 68), (37, 67), (37, 67)], 2: [(58, 29), (57, 29), (56, 29), (55, 29), (54, 29), (53, 29), (52, 29), (51, 29), (50, 29), (49, 29), (48, 29), (48, 28), (48, 27), (47, 27), (46, 27), (45, 27), (44, 27), (43, 27), (42, 27), (41, 27), (40, 27), (39, 27), (38, 27), (37, 27), (36, 27), (35, 27), (34, 27), (33, 27), (32, 27), (31, 27), (30, 27), (29, 27), (29, 26), (28, 26), (28, 25), (28, 24), (28, 23), (28, 22), (28, 21), (28, 20), (28, 19), (28, 18), (27, 18), (27, 17), (27, 16), (27, 15), (27, 14), (27, 13), (27, 12), (27, 11), (28, 11), (29, 11), (30, 11), (31, 11), (32, 11), (33, 11), (34, 11), (35, 11), (36, 11), (37, 11), (38, 11), (39, 11), (40, 11), (41, 11), (42, 11), (43, 11), (44, 11), (45, 11), (46, 11), (47, 11), (48, 11), (48, 10), (49, 10), (49, 9), (50, 9), (50, 8), (50, 7), (51, 7), (52, 7), (53, 7), (54, 7), (55, 7), (56, 7), (57, 7), (57, 7)], 3: [(39, 57), (38, 57), (37, 57), (36, 57), (35, 57), (34, 57), (33, 57), (32, 57), (31, 57), (30, 57), (29, 57), (28, 57), (27, 57), (27, 56), (27, 55), (27, 54), (27, 53), (27, 52), (27, 51), (27, 50), (27, 49), (27, 48), (27, 47), (27, 46), (27, 45), (26, 45), (26, 44), (25, 44), (24, 44), (23, 44), (22, 44), (21, 44), (20, 44), (20, 43), (20, 42), (19, 42), (19, 41), (19, 40), (19, 39), (19, 38), (19, 37), (19, 36), (19, 35), (19, 34), (19, 33), (19, 32), (19, 31), (19, 30), (19, 29), (19, 28), (19, 27), (19, 26), (19, 25), (19, 24), (19, 23), (19, 22), (19, 21), (18, 21), (17, 21), (16, 21), (15, 21), (14, 21), (13, 21), (12, 21), (11, 21), (10, 21), (9, 21), (9, 20), (9, 19), (9, 18), (9, 17), (9, 16), (9, 15), (8, 15), (7, 15), (7, 14), (7, 13), (7, 12), (7, 11), (7, 10), (7, 9), (7, 8), (7, 7), (7, 6), (7, 5), (7, 4), (7, 3), (8, 3), (9, 3), (10, 3), (10, 4), (10, 5), (10, 6), (10, 7), (10, 8), (10, 9), (10, 10), (10, 11), (11, 11), (11, 12), (11, 13), (11, 14), (11, 15), (11, 16), (11, 17), (11, 18), (11, 18)], 4: [(19, 70), (19, 69), (19, 68), (19, 67), (19, 66), (19, 65), (19, 64), (19, 63), (19, 62), (19, 61), (19, 60), (19, 59), (19, 58), (19, 57), (19, 56), (19, 55), (19, 54), (20, 54), (21, 54), (22, 54), (22, 53), (23, 53), (24, 53), (24, 52), (24, 51), (25, 51), (26, 51), (26, 50), (27, 50), (27, 49), (27, 48), (27, 47), (27, 46), (27, 45), (27, 44), (27, 43), (27, 42), (27, 41), (27, 40), (27, 39), (27, 38), (27, 37), (27, 36), (27, 35), (27, 34), (27, 33), (27, 32), (27, 31), (27, 30), (27, 29), (27, 28), (27, 27), (27, 26), (27, 25), (27, 24), (27, 24)]}, 186)