

CBSS-C STATS
starts:[4535, 4414, 2518, 1400, 3632, 4859, 688, 1383, 3749, 2560]
targets:[1325, 3696, 4342, 1785, 835, 1452, 3532, 412, 1392, 4122]
dests:[4384, 3695, 199, 548, 3709, 2849, 2424, 1888, 2532, 1782]
ac_dict:{1325: {0, 1}, 3696: {1, 2}, 4342: {2, 3}, 1785: {3, 4}, 835: {4, 5}, 1452: {5, 6}, 3532: {6, 7}, 412: {8, 7}, 1392: {8, 9}, 4384: {0}, 3695: {1}, 199: {2}, 548: {3}, 3709: {4}, 2849: {5}, 2424: {6}, 1888: {7}, 2532: {8}, 1782: {9}}
clusters:[1 3 1 4 2 3 0 2 1 1]

round: 14
best_g_value: 636.0
open_list_size: 13
num_low_level_expanded: 14720
search_success: 1
search_time: 3.7832579580135643
n_tsp_call: 13
n_tsp_time: 2.4270522468723357
n_roots: 1
num_conflicts: 13
target_assignment: {4122: 5, 1785: 3, 412: 7, 3696: 1, 3532: 6}
cluster_target_selection: {1: 4122, 4: 1785, 2: 412, 3: 3696, 0: 3532}
num_nodes_transformed_graph: 48
agent_paths:({0: [(50, 69), (49, 69), (48, 69), (47, 69), (46, 69), (45, 69), (44, 69), (43, 69), (42, 69), (41, 69), (40, 69), (39, 69), (38, 69), (37, 69), (36, 69), (35, 69), (34, 69), (33, 69), (32, 69), (31, 69), (30, 69), (29, 69), (29, 68), (29, 67), (29, 67)], 1: [(59, 67), (58, 67), (57, 67), (56, 67), (55, 67), (54, 67), (53, 67), (52, 67), (51, 67), (50, 67), (49, 67), (48, 67), (47, 67), (46, 67), (45, 67), (44, 67), (43, 67), (42, 67), (41, 67), (40, 67), (39, 67), (38, 67), (37, 67), (36, 67), (35, 67), (34, 67), (33, 67), (32, 67), (31, 67), (30, 67), (30, 68), (29, 68), (28, 68), (28, 67), (28, 66), (27, 66), (27, 65), (27, 64), (27, 63), (27, 62), (27, 61), (27, 60), (27, 59), (27, 58), (27, 57), (27, 56), (28, 56), (29, 56), (29, 55), (29, 54), (29, 53), (29, 52), (29, 51), (29, 50), (29, 49), (29, 48), (29, 47), (29, 46), (29, 45), (30, 45), (30, 44), (31, 44), (32, 44), (33, 44), (34, 44), (35, 44), (36, 44), (37, 44), (37, 43), (37, 42), (38, 42), (39, 42), (40, 42), (41, 42), (42, 42), (43, 42), (44, 42), (45, 42), (46, 42), (47, 42), (48, 42), (49, 42), (50, 42), (51, 42), (52, 42), (53, 42), (53, 43), (53, 44), (53, 45), (53, 46), (53, 47), (53, 48), (53, 49), (53, 50), (54, 50), (55, 50), (56, 50), (56, 51), (56, 52), (56, 53), (56, 54), (56, 55), (56, 56), (55, 56), (55, 56)], 2: [(48, 38), (47, 38), (46, 38), (45, 38), (44, 38), (43, 38), (42, 38), (41, 38), (40, 38), (39, 38), (38, 38), (37, 38), (36, 38), (35, 38), (34, 38), (33, 38), (32, 38), (31, 38), (30, 38), (29, 38), (28, 38), (27, 38), (26, 38), (25, 38), (24, 38), (23, 38), (22, 38), (21, 38), (20, 38), (19, 38), (19, 37), (19, 36), (19, 35), (19, 34), (19, 33), (19, 32), (19, 31), (19, 30), (19, 29), (19, 28), (19, 27), (19, 26), (19, 25), (19, 24), (19, 23), (19, 22), (19, 21), (18, 21), (17, 21), (16, 21), (15, 21), (14, 21), (13, 21), (12, 21), (11, 21), (10, 21), (9, 21), (8, 21), (7, 21), (6, 21), (5, 21), (4, 21), (4, 20), (4, 19), (4, 18), (4, 17), (4, 16), (4, 15), (4, 14), (4, 13), (4, 12), (4, 11), (4, 10), (4, 9), (4, 8), (4, 7), (4, 6), (4, 5), (4, 4), (4, 3), (4, 3)], 3: [(35, 21), (35, 22), (35, 23), (35, 24), (35, 25), (35, 26), (34, 26), (34, 27), (33, 27), (32, 27), (31, 27), (30, 27), (29, 27), (28, 27), (28, 26), (28, 25), (28, 24), (28, 23), (28, 22), (28, 21), (28, 20), (28, 19), (28, 18), (27, 18), (27, 17), (27, 16), (27, 15), (27, 14), (27, 13), (27, 12), (27, 11), (27, 10), (27, 9), (27, 8), (28, 8), (28, 8)], 4: [(57, 55), (56, 55), (55, 55), (54, 55), (53, 55), (52, 55), (52, 54), (52, 53), (52, 52), (52, 51), (52, 50), (52, 49), (52, 48), (51, 48), (51, 47), (51, 46), (51, 45), (50, 45), (49, 45), (48, 45), (47, 45), (47, 44), (47, 43), (47, 42), (46, 42), (45, 42), (44, 42), (43, 42), (42, 42), (41, 42), (40, 42), (39, 42), (38, 42), (37, 42), (36, 42), (35, 42), (34, 42), (33, 42), (32, 42), (31, 42), (30, 42), (29, 42), (28, 42), (28, 43), (28, 44), (28, 45), (28, 46), (28, 47), (28, 48), (27, 48), (27, 49), (27, 50), (26, 50), (26, 51), (25, 51), (24, 51), (24, 52), (24, 53), (23, 53), (22, 53), (22, 54), (21, 54), (20, 54), (19, 54), (18, 54), (17, 54), (16, 54), (15, 54), (14, 54), (13, 54), (12, 54), (11, 54), (10, 54), (9, 54), (8, 54), (7, 54), (6, 54), (5, 54), (4, 54), (4, 55), (4, 56), (4, 57), (4, 57)], 5: [(49, 74), (48, 74), (47, 74), (46, 74), (45, 74), (44, 74), (43, 74), (42, 74), (41, 74), (40, 74), (39, 74), (38, 74), (37, 74), (36, 74), (36, 73), (35, 73), (34, 73), (34, 72), (34, 71), (34, 70), (34, 69), (33, 69), (32, 69), (31, 69), (30, 69), (29, 69), (28, 69), (27, 69), (27, 68), (27, 67), (27, 66), (27, 65), (27, 64), (27, 63), (27, 62), (27, 61), (27, 60), (27, 59), (27, 58), (27, 57), (27, 56), (27, 55), (27, 54), (27, 53), (27, 52), (27, 51), (27, 50), (27, 49), (28, 49), (28, 48), (28, 47), (28, 46), (28, 45), (28, 44), (28, 43), (29, 43), (30, 43), (31, 43), (32, 43), (33, 43), (34, 43), (35, 43), (36, 43), (37, 43), (37, 42), (38, 42), (39, 42), (40, 42), (41, 42), (42, 42), (43, 42), (44, 42), (45, 42), (46, 42), (47, 42), (48, 42), (49, 42), (50, 42), (51, 42), (52, 42), (53, 42), (54, 42), (54, 43), (54, 43)], 6: [(38, 10), (37, 10), (36, 10), (35, 10), (34, 10), (34, 11), (33, 11), (32, 11), (31, 11), (30, 11), (29, 11), (28, 11), (27, 11), (26, 11), (26, 12), (26, 13), (26, 14), (26, 15), (26, 16), (26, 17), (26, 18), (26, 19), (26, 20), (26, 21), (26, 22), (26, 23), (26, 24), (26, 25), (26, 26), (26, 27), (26, 28), (26, 29), (26, 30), (26, 31), (26, 32), (26, 33), (26, 34), (26, 35), (26, 36), (26, 37), (26, 38), (26, 39), (26, 40), (26, 41), (26, 42), (26, 43), (26, 44), (26, 45), (27, 45), (27, 46), (27, 47), (27, 48), (27, 49), (27, 50), (26, 50), (26, 51), (25, 51), (24, 51), (24, 52), (24, 53), (23, 53), (22, 53), (22, 54), (22, 53), (23, 53), (24, 53), (24, 52), (24, 51), (25, 51), (26, 51), (26, 50), (27, 50), (27, 49), (27, 48), (27, 47), (27, 46), (27, 45), (26, 45), (26, 44), (25, 44), (24, 44), (23, 44), (22, 44), (21, 44), (20, 44), (20, 43), (20, 42), (19, 42), (19, 41), (19, 40), (19, 39), (19, 38), (19, 37), (19, 37)], 7: [(18, 21), (18, 20), (18, 19), (18, 18), (19, 18), (20, 18), (20, 17), (20, 16), (20, 15), (20, 14), (20, 13), (20, 12), (20, 11), (20, 10), (20, 9), (20, 8), (20, 7), (20, 6), (21, 6), (22, 6), (21, 6), (20, 6), (20, 7), (20, 8), (20, 9), (20, 10), (20, 11), (20, 12), (20, 13), (20, 14), (20, 15), (20, 16), (20, 17), (20, 18), (19, 18), (18, 18), (18, 19), (17, 19), (16, 19), (15, 19), (14, 19), (13, 19), (12, 19), (11, 19), (10, 19), (9, 19), (9, 20), (8, 20), (7, 20), (6, 20), (5, 20), (4, 20), (4, 21), (4, 22), (3, 22), (3, 23), (3, 24), (3, 25), (3, 26), (3, 27), (3, 28), (3, 29), (3, 29)], 8: [(44, 57), (44, 56), (44, 55), (44, 54), (44, 53), (43, 53), (42, 53), (41, 53), (40, 53), (39, 53), (38, 53), (37, 53), (36, 53), (35, 53), (34, 53), (33, 53), (33, 52), (33, 51), (32, 51), (31, 51), (30, 51), (30, 50), (29, 50), (29, 49), (29, 48), (29, 47), (29, 46), (29, 45), (29, 44), (29, 43), (29, 42), (29, 41), (29, 40), (29, 39), (29, 38), (30, 38), (31, 38), (32, 38), (33, 38), (34, 38), (35, 38), (36, 38), (37, 38), (38, 38), (39, 38), (40, 38), (41, 38), (42, 38), (43, 38), (44, 38), (45, 38), (46, 38), (47, 38), (48, 38), (49, 38), (50, 38), (51, 38), (52, 38), (53, 38), (54, 38), (55, 38), (56, 38), (57, 38), (58, 38), (59, 38), (60, 38), (61, 38), (62, 38), (62, 38)], 9: [(25, 39), (25, 38), (25, 37), (25, 36), (25, 35), (25, 34), (25, 33), (25, 32), (25, 31), (25, 30), (25, 29), (25, 28), (25, 27), (26, 27), (27, 27), (27, 27)]}, 103)