

CBSS-C STATS
starts:[3789, 658, 1861, 4427, 4426]
targets:[1628, 2594, 4111, 2430, 3976, 1531, 820, 2621, 4995, 1907]
dests:[4399, 2719, 2764, 2502, 764]
ac_dict:{1628: {0, 1}, 2594: {1, 2}, 4111: {2, 3}, 2430: {3, 4}, 4399: {0}, 2719: {1}, 2764: {2}, 2502: {3}, 764: {4}}
clusters:[0 1 0 1 1 1 1 1 0 1]

round: 1
best_g_value: 329.0
open_list_size: 0
num_low_level_expanded: 1635
search_success: 1
search_time: 0.10957822017371655
n_tsp_call: 1
n_tsp_time: 0.047211292665451765
n_roots: 1
num_conflicts: 0
target_assignment: {2621: 1, 4111: 3}
cluster_target_selection: {1: 2621, 0: 4111}
num_nodes_transformed_graph: 29
agent_paths:({0: [(19, 58), (19, 59), (19, 60), (19, 61), (19, 62), (19, 63), (20, 63), (21, 63), (21, 64), (22, 64), (23, 64), (24, 64), (25, 64), (26, 64), (27, 64), (27, 65), (27, 66), (28, 66), (29, 66), (29, 67), (30, 67), (31, 67), (32, 67), (33, 67), (34, 67), (35, 67), (36, 67), (37, 67), (38, 67), (39, 67), (40, 67), (41, 67), (42, 67), (43, 67), (44, 67), (44, 67)], 1: [(8, 10), (9, 10), (10, 10), (10, 11), (11, 11), (12, 11), (12, 12), (12, 13), (12, 14), (12, 15), (12, 16), (12, 17), (12, 18), (12, 19), (13, 19), (14, 19), (15, 19), (16, 19), (17, 19), (18, 19), (19, 19), (20, 19), (21, 19), (21, 20), (21, 21), (21, 22), (21, 23), (21, 24), (21, 25), (21, 26), (21, 27), (21, 28), (21, 29), (21, 30), (21, 31), (21, 32), (21, 33), (21, 34), (21, 35), (21, 36), (21, 37), (21, 38), (21, 39), (21, 40), (22, 40), (23, 40), (24, 40), (25, 40), (26, 40), (27, 40), (28, 40), (29, 40), (30, 40), (31, 40), (32, 40), (33, 40), (34, 40), (35, 40), (36, 40), (37, 40), (38, 40), (39, 40), (40, 40), (41, 40), (42, 40), (43, 40), (44, 40), (45, 40), (46, 40), (47, 40), (48, 40), (49, 40), (50, 40), (51, 40), (52, 40), (53, 40), (54, 40), (54, 41), (54, 41)], 2: [(41, 28), (40, 28), (39, 28), (38, 28), (37, 28), (36, 28), (35, 28), (34, 28), (34, 29), (33, 29), (32, 29), (31, 29), (30, 29), (29, 29), (29, 30), (29, 31), (29, 32), (29, 33), (29, 34), (29, 35), (30, 35), (31, 35), (32, 35), (33, 35), (34, 35), (34, 36), (34, 37), (34, 38), (34, 39), (34, 40), (34, 41), (34, 42), (34, 42)], 3: [(7, 68), (8, 68), (9, 68), (9, 69), (9, 70), (9, 71), (9, 72), (9, 73), (9, 74), (9, 75), (9, 76), (10, 76), (11, 76), (12, 76), (13, 76), (14, 76), (14, 75), (14, 74), (14, 73), (14, 72), (14, 71), (14, 70), (14, 69), (14, 68), (14, 67), (14, 66), (14, 65), (14, 64), (14, 63), (15, 63), (16, 63), (16, 62), (17, 62), (17, 61), (17, 60), (17, 59), (17, 58), (17, 57), (17, 56), (17, 55), (17, 54), (18, 54), (19, 54), (20, 54), (21, 54), (22, 54), (22, 53), (23, 53), (24, 53), (24, 52), (24, 51), (25, 51), (26, 51), (26, 50), (27, 50), (27, 49), (27, 48), (27, 47), (27, 46), (27, 45), (27, 44), (27, 43), (27, 42), (27, 41), (27, 40), (27, 39), (27, 38), (28, 38), (29, 38), (30, 38), (31, 38), (32, 38), (32, 38)], 4: [(6, 68), (7, 68), (8, 68), (9, 68), (9, 69), (9, 70), (9, 71), (9, 72), (9, 73), (9, 74), (9, 75), (9, 76), (10, 76), (11, 76), (12, 76), (13, 76), (14, 76), (14, 75), (14, 74), (14, 73), (14, 72), (14, 71), (14, 70), (14, 69), (14, 68), (14, 67), (14, 66), (14, 65), (14, 64), (14, 63), (14, 62), (15, 62), (16, 62), (17, 62), (17, 61), (17, 60), (17, 59), (17, 58), (17, 57), (17, 56), (17, 55), (17, 54), (18, 54), (19, 54), (20, 54), (21, 54), (22, 54), (22, 53), (23, 53), (24, 53), (24, 52), (24, 51), (25, 51), (26, 51), (26, 50), (27, 50), (27, 49), (27, 48), (27, 47), (27, 46), (27, 45), (27, 44), (27, 43), (27, 42), (27, 41), (27, 40), (27, 39), (27, 38), (27, 37), (27, 36), (27, 35), (27, 34), (27, 33), (27, 32), (27, 31), (27, 30), (27, 29), (27, 28), (27, 27), (27, 26), (27, 25), (27, 24), (27, 23), (27, 22), (27, 21), (27, 20), (27, 19), (27, 18), (27, 17), (27, 16), (27, 15), (27, 14), (27, 13), (27, 12), (27, 11), (28, 11), (29, 11), (30, 11), (31, 11), (32, 11), (33, 11), (34, 11), (35, 11), (36, 11), (37, 11), (38, 11), (39, 11), (40, 11), (41, 11), (42, 11), (43, 11), (44, 11), (45, 11), (46, 11), (47, 11), (48, 11), (49, 11), (49, 11)]}, 116)