

CBSS-C STATS
starts:[3653, 2973, 3431, 3496, 4732]
targets:[2459, 4121, 592, 4657, 3512, 1786, 2428, 4912, 1973, 3989, 3172, 3787, 2882, 3794, 2815, 1887, 2705, 2509, 3680, 2632]
dests:[4903, 3533, 4670, 557, 4622]
ac_dict:{2459: {0, 1}, 4121: {1, 2}, 592: {2, 3}, 4657: {3, 4}, 4903: {0}, 3533: {1}, 4670: {2}, 557: {3}, 4622: {4}}
clusters:[6 2 4 6 8 5 0 7 4 2 1 0 9 0 9 3 0 7 7 9]

round: 1
best_g_value: 416.0
open_list_size: 0
num_low_level_expanded: 2065
search_success: 1
search_time: 2.1559166498482227
n_tsp_call: 1
n_tsp_time: 2.063039695378393
n_roots: 1
num_conflicts: 0
target_assignment: {3512: 0, 3172: 3, 2509: 3, 1786: 3, 1973: 3, 1887: 3, 2705: 1, 2632: 1, 4121: 2, 4657: 4}
cluster_target_selection: {8: 3512, 1: 3172, 7: 2509, 5: 1786, 4: 1973, 3: 1887, 0: 2705, 9: 2632, 2: 4121, 6: 4657}
num_nodes_transformed_graph: 98
agent_paths:({0: [(13, 56), (12, 56), (11, 56), (10, 56), (9, 56), (8, 56), (7, 56), (6, 56), (5, 56), (4, 56), (3, 56), (2, 56), (2, 55), (2, 54), (3, 54), (4, 54), (5, 54), (6, 54), (7, 54), (8, 54), (9, 54), (10, 54), (11, 54), (12, 54), (13, 54), (14, 54), (15, 54), (16, 54), (17, 54), (18, 54), (19, 54), (20, 54), (21, 54), (22, 54), (23, 54), (24, 54), (25, 54), (26, 54), (27, 54), (27, 55), (27, 56), (27, 57), (27, 58), (27, 59), (27, 60), (27, 61), (27, 62), (27, 63), (27, 64), (27, 65), (27, 66), (28, 66), (28, 67), (28, 68), (28, 69), (28, 70), (28, 71), (28, 72), (28, 73), (28, 74), (28, 75), (28, 75)], 1: [(48, 45), (47, 45), (47, 44), (47, 43), (47, 42), (46, 42), (45, 42), (44, 42), (43, 42), (42, 42), (41, 42), (40, 42), (40, 41), (39, 41), (38, 41), (37, 41), (36, 41), (35, 41), (34, 41), (33, 41), (32, 41), (32, 40), (31, 40), (30, 40), (29, 40), (28, 40), (27, 40), (27, 41), (27, 42), (27, 43), (27, 44), (27, 45), (27, 46), (27, 47), (27, 48), (27, 49), (27, 50), (26, 50), (26, 51), (25, 51), (24, 51), (24, 52), (24, 53), (23, 53), (23, 54), (23, 54)], 2: [(51, 52), (51, 51), (51, 50), (52, 50), (52, 49), (52, 48), (51, 48), (51, 47), (51, 46), (51, 45), (50, 45), (49, 45), (48, 45), (47, 45), (47, 44), (47, 43), (47, 42), (46, 42), (45, 42), (44, 42), (43, 42), (42, 42), (41, 42), (40, 42), (39, 42), (38, 42), (37, 42), (36, 42), (35, 42), (34, 42), (33, 42), (32, 42), (31, 42), (30, 42), (29, 42), (28, 42), (27, 42), (27, 43), (27, 44), (27, 45), (27, 46), (27, 47), (27, 48), (27, 49), (27, 50), (26, 50), (26, 51), (26, 52), (26, 53), (26, 54), (26, 55), (26, 56), (26, 57), (26, 58), (26, 59), (26, 60), (26, 61), (26, 62), (26, 63), (27, 63), (27, 64), (27, 65), (27, 66), (28, 66), (29, 66), (29, 67), (30, 67), (31, 67), (32, 67), (33, 67), (34, 67), (35, 67), (36, 67), (37, 67), (38, 67), (39, 67), (40, 67), (41, 67), (42, 67), (43, 67), (44, 67), (45, 67), (46, 67), (47, 67), (48, 67), (49, 67), (50, 67), (51, 67), (52, 67), (53, 67), (54, 67), (55, 67), (55, 68), (55, 69), (55, 70), (55, 71), (55, 71)], 3: [(51, 53), (51, 52), (51, 51), (51, 50), (52, 50), (52, 49), (52, 48), (51, 48), (51, 47), (51, 46), (51, 45), (50, 45), (49, 45), (48, 45), (47, 45), (47, 44), (47, 43), (47, 42), (46, 42), (45, 42), (44, 42), (43, 42), (42, 42), (41, 42), (40, 42), (39, 42), (39, 41), (39, 40), (39, 39), (39, 38), (38, 38), (37, 38), (36, 38), (35, 38), (34, 38), (33, 38), (32, 38), (31, 38), (31, 37), (31, 36), (31, 35), (30, 35), (29, 35), (29, 34), (29, 33), (29, 32), (29, 31), (29, 30), (29, 29), (29, 28), (29, 27), (30, 27), (31, 27), (30, 27), (29, 27), (28, 27), (27, 27), (26, 27), (25, 27), (24, 27), (23, 27), (23, 28), (23, 29), (23, 30), (22, 30), (21, 30), (20, 30), (19, 30), (19, 29), (19, 28), (19, 27), (19, 26), (19, 25), (19, 24), (19, 23), (19, 22), (19, 21), (18, 21), (17, 21), (16, 21), (15, 21), (14, 21), (13, 21), (12, 21), (11, 21), (10, 21), (9, 21), (8, 21), (7, 21), (6, 21), (5, 21), (4, 21), (4, 22), (3, 22), (3, 23), (3, 24), (3, 25), (2, 25), (2, 26), (2, 27), (2, 28), (2, 29), (2, 28), (2, 27), (2, 26), (2, 25), (3, 25), (3, 24), (3, 23), (3, 22), (4, 22), (4, 21), (4, 20), (5, 20), (6, 20), (7, 20), (8, 20), (9, 20), (9, 19), (10, 19), (11, 19), (12, 19), (13, 19), (14, 19), (15, 19), (16, 19), (17, 19), (18, 19), (18, 18), (19, 18), (20, 18), (20, 17), (20, 16), (20, 15), (20, 14), (20, 13), (20, 12), (20, 11), (21, 11), (22, 11), (23, 11), (24, 11), (25, 11), (26, 11), (27, 11), (28, 11), (29, 11), (30, 11), (31, 11), (32, 11), (33, 11), (34, 11), (34, 10), (35, 10), (36, 10), (36, 9), (36, 8), (37, 8), (37, 8)], 4: [(52, 72), (51, 72), (50, 72), (49, 72), (48, 72), (47, 72), (46, 72), (45, 72), (44, 72), (43, 72), (42, 72), (42, 71), (41, 71), (40, 71), (39, 71), (38, 71), (37, 71), (36, 71), (35, 71), (34, 71), (34, 70), (34, 69), (33, 69), (32, 69), (31, 69), (30, 69), (29, 69), (28, 69), (27, 69), (26, 69), (25, 69), (24, 69), (23, 69), (22, 69), (21, 69), (20, 69), (19, 69), (18, 69), (17, 69), (16, 69), (15, 69), (14, 69), (14, 70), (14, 71), (14, 72), (14, 73), (14, 74), (14, 75), (14, 76), (13, 76), (12, 76), (11, 76), (10, 76), (9, 76), (8, 76), (7, 76), (7, 75), (7, 74), (7, 73), (7, 72), (7, 71), (7, 71)]}, 157)