

CBSS-C STATS
starts:[895, 1922, 1245, 4458, 1875]
targets:[3476, 630, 2239, 2525, 4385, 4033, 4856, 3522, 4547, 3594]
dests:[4186, 2106, 4752, 4954, 4924]
ac_dict:{3476: {0, 1}, 630: {1, 2}, 2239: {2, 3}, 2525: {3, 4}, 4186: {0}, 2106: {1}, 4752: {2}, 4954: {3}, 4924: {4}}
clusters:[4 0 1 3 1 3 2 0 0 2]

round: 6
best_g_value: 349.0
open_list_size: 5
num_low_level_expanded: 11696
search_success: 1
search_time: 0.8401581849902868
n_tsp_call: 10
n_tsp_time: 0.4513995749875903
n_roots: 1
num_conflicts: 5
target_assignment: {3476: 0, 3522: 2, 4033: 2, 4385: 4, 4856: 4}
cluster_target_selection: {4: 3476, 0: 3522, 3: 4033, 1: 4385, 2: 4856}
num_nodes_transformed_graph: 29
agent_paths:({0: [(50, 13), (49, 13), (48, 13), (47, 13), (46, 13), (45, 13), (44, 13), (43, 13), (42, 13), (41, 13), (40, 13), (39, 13), (38, 13), (37, 13), (36, 13), (35, 13), (34, 13), (33, 13), (32, 13), (31, 13), (30, 13), (29, 13), (29, 14), (28, 14), (27, 14), (27, 15), (27, 16), (27, 17), (27, 18), (28, 18), (28, 19), (28, 20), (28, 21), (28, 22), (28, 23), (28, 24), (28, 25), (28, 26), (29, 26), (29, 27), (29, 28), (29, 29), (29, 30), (29, 31), (29, 32), (29, 33), (29, 34), (29, 35), (29, 36), (29, 37), (29, 38), (29, 39), (29, 40), (29, 41), (29, 42), (29, 43), (29, 44), (29, 45), (29, 46), (29, 47), (29, 48), (29, 49), (29, 50), (30, 50), (30, 51), (31, 51), (31, 52), (31, 53), (30, 53), (29, 53), (28, 53), (27, 53), (26, 53), (26, 54), (26, 55), (26, 56), (26, 57), (26, 58), (26, 59), (26, 60), (26, 61), (26, 62), (26, 63), (26, 64), (26, 64)], 1: [(37, 29), (36, 29), (35, 29), (34, 29), (33, 29), (32, 29), (31, 29), (30, 29), (29, 29), (28, 29), (27, 29), (26, 29), (26, 30), (26, 31), (26, 32), (26, 32)], 2: [(10, 19), (11, 19), (12, 19), (12, 20), (12, 21), (13, 21), (14, 21), (15, 21), (16, 21), (17, 21), (18, 21), (19, 21), (19, 22), (19, 23), (19, 24), (19, 25), (19, 26), (19, 27), (19, 28), (19, 29), (19, 30), (19, 31), (19, 32), (19, 33), (19, 34), (19, 35), (19, 36), (19, 37), (19, 38), (19, 39), (19, 40), (19, 41), (19, 42), (20, 42), (20, 43), (20, 44), (21, 44), (22, 44), (23, 44), (24, 44), (25, 44), (26, 44), (26, 45), (27, 45), (27, 46), (27, 47), (27, 48), (27, 49), (27, 50), (26, 50), (26, 51), (25, 51), (24, 51), (24, 52), (24, 53), (23, 53), (22, 53), (22, 54), (21, 54), (20, 54), (19, 54), (18, 54), (17, 54), (16, 54), (15, 54), (14, 54), (13, 54), (12, 54), (11, 54), (10, 54), (9, 54), (8, 54), (7, 54), (6, 54), (5, 54), (4, 54), (3, 54), (3, 55), (3, 56), (3, 57), (3, 58), (3, 59), (3, 60), (3, 61), (3, 62), (4, 62), (5, 62), (6, 62), (7, 62), (7, 63), (8, 63), (9, 63), (10, 63), (11, 63), (12, 63), (13, 63), (14, 63), (14, 64), (14, 65), (14, 66), (14, 67), (14, 68), (14, 69), (14, 70), (14, 71), (14, 72), (14, 73), (15, 73), (15, 74), (15, 75), (15, 76), (15, 77), (14, 77), (13, 77), (12, 77), (11, 77), (10, 77), (9, 77), (8, 77), (7, 77), (7, 76), (7, 75), (7, 74), (7, 73), (7, 73)], 3: [(38, 68), (37, 68), (36, 68), (35, 68), (34, 68), (33, 68), (32, 68), (31, 68), (30, 68), (29, 68), (28, 68), (27, 68), (26, 68), (25, 68), (24, 68), (23, 68), (22, 68), (21, 68), (20, 68), (19, 68), (18, 68), (17, 68), (16, 68), (15, 68), (14, 68), (14, 69), (14, 70), (14, 71), (14, 72), (14, 73), (14, 74), (14, 75), (14, 76), (14, 76)], 4: [(55, 28), (54, 28), (53, 28), (52, 28), (51, 28), (50, 28), (49, 28), (48, 28), (47, 28), (46, 28), (45, 28), (44, 28), (43, 28), (42, 28), (41, 28), (40, 28), (39, 28), (38, 28), (37, 28), (36, 28), (35, 28), (34, 28), (33, 28), (32, 28), (31, 28), (30, 28), (30, 29), (29, 29), (29, 30), (29, 31), (29, 32), (29, 33), (29, 34), (29, 35), (29, 36), (29, 37), (29, 38), (29, 39), (29, 40), (29, 41), (29, 42), (29, 43), (29, 44), (29, 45), (29, 46), (29, 47), (29, 48), (29, 49), (29, 50), (29, 51), (29, 52), (29, 53), (29, 54), (29, 55), (29, 56), (29, 57), (29, 58), (29, 59), (29, 60), (29, 61), (29, 62), (28, 62), (27, 62), (27, 63), (27, 64), (27, 65), (27, 66), (28, 66), (29, 66), (29, 67), (30, 67), (31, 67), (32, 67), (33, 67), (34, 67), (35, 67), (36, 67), (37, 67), (38, 67), (39, 67), (40, 67), (41, 67), (42, 67), (43, 67), (44, 67), (45, 67), (46, 67), (46, 68), (46, 69), (46, 70), (46, 71), (46, 72), (46, 73), (46, 74), (47, 74), (48, 74), (49, 74), (49, 75), (49, 75)]}, 123)