

CBSS-C STATS
starts:[893, 4671, 4519, 2761, 3677, 1531, 2756, 904, 824, 5011]
targets:[4751, 351, 2455, 2039, 4472, 836, 867, 765, 2920, 3781]
dests:[4382, 1518, 4632, 2655, 393, 204, 1678, 4055, 4527, 4988]
ac_dict:{4751: {0, 1}, 351: {1, 2}, 2455: {2, 3}, 2039: {3, 4}, 4472: {4, 5}, 836: {5, 6}, 867: {6, 7}, 765: {8, 7}, 2920: {8, 9}, 4382: {0}, 1518: {1}, 4632: {2}, 2655: {3}, 393: {4}, 204: {5}, 1678: {6}, 4055: {7}, 4527: {8}, 4988: {9}}
clusters:[1 1 3 2 0 4 2 2 3 1]

round: 29
best_g_value: 798.0
open_list_size: 28
num_low_level_expanded: 33294
search_success: 1
search_time: 3.610688950866461
n_tsp_call: 15
n_tsp_time: 1.5318825007416308
n_roots: 1
num_conflicts: 28
target_assignment: {836: 5, 2455: 3, 3781: 9, 4472: 4, 2039: 4}
cluster_target_selection: {4: 836, 3: 2455, 1: 3781, 0: 4472, 2: 2039}
num_nodes_transformed_graph: 33
agent_paths:({0: [(48, 13), (47, 13), (46, 13), (45, 13), (44, 13), (43, 13), (42, 13), (41, 13), (40, 13), (39, 13), (38, 13), (37, 13), (36, 13), (35, 13), (34, 13), (33, 13), (32, 13), (31, 13), (30, 13), (29, 13), (28, 13), (27, 13), (27, 14), (27, 15), (27, 16), (27, 17), (27, 18), (27, 19), (27, 20), (27, 21), (27, 22), (27, 23), (27, 24), (27, 25), (27, 26), (27, 27), (27, 28), (27, 29), (27, 30), (27, 31), (27, 32), (27, 33), (27, 34), (27, 35), (27, 36), (27, 37), (27, 38), (27, 39), (27, 40), (27, 41), (27, 42), (27, 43), (27, 44), (27, 45), (27, 46), (27, 47), (27, 48), (27, 49), (27, 50), (27, 51), (27, 52), (27, 53), (27, 54), (27, 55), (27, 56), (27, 57), (27, 58), (27, 59), (27, 60), (27, 61), (27, 62), (27, 63), (27, 64), (27, 65), (27, 66), (27, 67), (27, 67)], 1: [(56, 71), (55, 71), (54, 71), (53, 71), (52, 71), (51, 71), (50, 71), (49, 71), (48, 71), (47, 71), (46, 71), (45, 71), (44, 71), (43, 71), (42, 71), (41, 71), (40, 71), (39, 71), (38, 71), (37, 71), (36, 71), (35, 71), (34, 71), (34, 70), (34, 69), (33, 69), (32, 69), (31, 69), (30, 69), (29, 69), (28, 69), (27, 69), (27, 68), (27, 67), (27, 66), (27, 65), (27, 64), (27, 63), (27, 62), (27, 61), (27, 60), (27, 59), (27, 58), (27, 57), (27, 56), (27, 55), (27, 54), (27, 53), (27, 52), (27, 51), (27, 50), (27, 49), (28, 49), (28, 48), (28, 47), (28, 46), (27, 46), (27, 45), (26, 45), (26, 44), (25, 44), (24, 44), (23, 44), (23, 43), (23, 42), (23, 41), (23, 40), (23, 39), (23, 38), (23, 37), (23, 36), (23, 35), (23, 34), (23, 33), (23, 32), (23, 31), (23, 30), (23, 29), (23, 28), (23, 27), (23, 26), (23, 25), (23, 24), (23, 23), (23, 23)], 2: [(34, 69), (33, 69), (32, 69), (31, 69), (30, 69), (29, 69), (28, 69), (27, 69), (26, 69), (25, 69), (24, 69), (23, 69), (22, 69), (21, 69), (20, 69), (19, 69), (18, 69), (17, 69), (17, 70), (17, 71), (17, 71)], 3: [(31, 42), (31, 41), (31, 40), (31, 39), (31, 38), (32, 38), (33, 38), (34, 38), (35, 38), (36, 38), (37, 38), (38, 38), (39, 38), (40, 38), (41, 38), (42, 38), (43, 38), (44, 38), (45, 38), (46, 38), (47, 38), (48, 38), (49, 38), (50, 38), (50, 37), (51, 37), (52, 37), (53, 37), (54, 37), (55, 37), (55, 38), (55, 39), (55, 40), (55, 40)], 4: [(37, 56), (37, 57), (37, 58), (36, 58), (35, 58), (34, 58), (33, 58), (33, 59), (33, 60), (33, 61), (32, 61), (31, 61), (30, 61), (29, 61), (29, 62), (28, 62), (27, 62), (27, 63), (27, 64), (27, 65), (27, 66), (28, 66), (29, 66), (29, 67), (30, 67), (31, 67), (32, 67), (33, 67), (34, 67), (35, 67), (36, 67), (37, 67), (38, 67), (39, 67), (40, 67), (41, 67), (42, 67), (43, 67), (44, 67), (45, 67), (46, 67), (47, 67), (48, 67), (49, 67), (50, 67), (51, 67), (52, 67), (52, 68), (51, 68), (50, 68), (49, 68), (48, 68), (47, 68), (46, 68), (45, 68), (44, 68), (43, 68), (42, 68), (41, 68), (40, 68), (39, 68), (38, 68), (37, 68), (36, 68), (35, 68), (34, 68), (33, 68), (32, 68), (31, 68), (30, 68), (29, 68), (28, 68), (28, 67), (28, 66), (28, 66), (27, 66), (27, 65), (27, 64), (27, 63), (27, 62), (27, 61), (27, 60), (27, 59), (27, 58), (27, 57), (27, 56), (27, 55), (27, 54), (27, 53), (27, 52), (27, 51), (27, 50), (27, 49), (27, 48), (27, 47), (27, 46), (27, 45), (26, 45), (26, 44), (25, 44), (24, 44), (24, 43), (24, 42), (24, 41), (24, 40), (24, 39), (24, 38), (24, 37), (24, 36), (24, 35), (24, 34), (24, 33), (24, 32), (24, 31), (23, 31), (22, 31), (21, 31), (20, 31), (19, 31), (19, 30), (19, 29), (19, 28), (19, 27), (19, 26), (19, 25), (19, 24), (19, 23), (19, 22), (19, 21), (18, 21), (17, 21), (16, 21), (15, 21), (14, 21), (13, 21), (12, 21), (11, 21), (10, 21), (9, 21), (8, 21), (7, 21), (6, 21), (5, 21), (4, 21), (4, 20), (4, 19), (4, 18), (4, 17), (4, 16), (4, 15), (4, 14), (3, 14), (3, 13), (3, 12), (3, 11), (3, 10), (3, 9), (3, 8), (3, 7), (3, 6), (3, 6)], 5: [(36, 23), (35, 23), (35, 24), (35, 25), (35, 26), (34, 26), (34, 27), (33, 27), (32, 27), (31, 27), (30, 27), (29, 27), (29, 26), (28, 26), (28, 25), (28, 24), (28, 23), (28, 22), (28, 21), (28, 20), (28, 19), (27, 19), (26, 19), (26, 18), (26, 17), (26, 16), (26, 15), (26, 14), (26, 13), (26, 12), (27, 12), (28, 12), (29, 12), (30, 12), (31, 12), (32, 12), (33, 12), (34, 12), (35, 12), (36, 12), (37, 12), (38, 12), (39, 12), (40, 12), (41, 12), (42, 12), (43, 12), (44, 12), (45, 12), (46, 12), (47, 12), (48, 12), (49, 12), (50, 12), (51, 12), (52, 12), (53, 12), (54, 12), (55, 12), (56, 12), (55, 12), (54, 12), (53, 12), (52, 12), (51, 12), (50, 12), (49, 12), (48, 12), (47, 12), (46, 12), (45, 12), (44, 12), (43, 12), (42, 12), (41, 12), (40, 12), (39, 12), (38, 12), (37, 12), (36, 12), (35, 12), (34, 12), (33, 12), (32, 12), (31, 12), (30, 12), (29, 12), (28, 12), (27, 12), (26, 12), (25, 12), (24, 12), (23, 12), (22, 12), (21, 12), (20, 12), (20, 13), (20, 14), (20, 15), (20, 16), (20, 17), (20, 18), (19, 18), (18, 18), (18, 19), (17, 19), (16, 19), (15, 19), (14, 19), (13, 19), (12, 19), (11, 19), (10, 19), (9, 19), (9, 18), (9, 17), (9, 16), (9, 15), (9, 14), (9, 13), (9, 12), (9, 11), (9, 10), (9, 9), (9, 8), (9, 7), (9, 6), (9, 5), (9, 4), (9, 3), (9, 3)], 6: [(26, 42), (26, 41), (26, 40), (26, 39), (26, 38), (26, 37), (26, 36), (26, 35), (26, 34), (26, 33), (26, 32), (26, 31), (26, 30), (26, 29), (26, 28), (26, 27), (27, 27), (28, 27), (29, 27), (30, 27), (31, 27), (32, 27), (33, 27), (34, 27), (35, 27), (36, 27), (37, 27), (38, 27), (39, 27), (40, 27), (41, 27), (42, 27), (43, 27), (44, 27), (45, 27), (46, 27), (47, 27), (48, 27), (49, 27), (50, 27), (51, 27), (51, 26), (51, 25), (52, 25), (53, 25), (53, 25)], 7: [(59, 13), (58, 13), (57, 13), (56, 13), (55, 13), (54, 13), (53, 13), (52, 13), (51, 13), (50, 13), (49, 13), (48, 13), (47, 13), (46, 13), (45, 13), (44, 13), (43, 13), (42, 13), (41, 13), (40, 13), (39, 13), (38, 13), (37, 13), (36, 13), (35, 13), (34, 13), (33, 13), (32, 13), (31, 13), (30, 13), (29, 13), (28, 13), (27, 13), (27, 14), (27, 15), (27, 16), (27, 17), (27, 18), (27, 19), (27, 20), (27, 21), (27, 22), (27, 23), (27, 24), (27, 25), (27, 26), (27, 27), (27, 28), (27, 29), (27, 30), (27, 31), (27, 32), (27, 33), (27, 34), (27, 35), (27, 36), (27, 37), (27, 38), (27, 39), (27, 40), (27, 41), (27, 42), (27, 43), (27, 44), (27, 45), (27, 46), (27, 47), (27, 48), (27, 49), (27, 50), (26, 50), (26, 51), (25, 51), (25, 52), (25, 53), (25, 54), (25, 55), (25, 56), (25, 57), (25, 58), (25, 59), (25, 60), (25, 61), (25, 62), (25, 62)], 8: [(44, 12), (43, 12), (42, 12), (42, 13), (41, 13), (40, 13), (39, 13), (38, 13), (37, 13), (36, 13), (35, 13), (34, 13), (33, 13), (32, 13), (31, 13), (30, 13), (29, 13), (29, 14), (28, 14), (27, 14), (27, 15), (27, 16), (27, 17), (27, 18), (27, 19), (27, 20), (27, 21), (27, 22), (27, 23), (27, 24), (27, 25), (27, 26), (27, 27), (27, 28), (27, 29), (27, 30), (27, 31), (27, 32), (27, 33), (27, 34), (27, 35), (27, 36), (27, 37), (27, 38), (27, 39), (27, 40), (27, 41), (27, 42), (27, 43), (27, 44), (27, 45), (27, 46), (27, 47), (27, 48), (27, 49), (27, 50), (27, 51), (27, 52), (27, 53), (27, 54), (27, 55), (27, 56), (27, 57), (27, 58), (27, 59), (27, 60), (27, 61), (27, 62), (27, 63), (27, 64), (27, 65), (27, 66), (28, 66), (29, 66), (29, 67), (30, 67), (31, 67), (32, 67), (33, 67), (34, 67), (35, 67), (36, 67), (37, 67), (38, 67), (39, 67), (40, 67), (41, 67), (42, 67), (42, 68), (42, 69), (42, 69)], 9: [(6, 77), (6, 76), (7, 76), (8, 76), (9, 76), (10, 76), (11, 76), (12, 76), (13, 76), (14, 76), (14, 75), (14, 74), (14, 73), (14, 72), (14, 71), (14, 70), (14, 69), (14, 68), (14, 67), (14, 66), (14, 65), (14, 64), (14, 63), (13, 63), (12, 63), (11, 63), (11, 62), (11, 61), (11, 60), (11, 59), (11, 58), (11, 59), (11, 60), (12, 60), (12, 61), (13, 61), (14, 61), (14, 62), (15, 62), (16, 62), (17, 62), (18, 62), (19, 62), (19, 63), (20, 63), (21, 63), (21, 64), (22, 64), (23, 64), (24, 64), (25, 64), (26, 64), (27, 64), (27, 65), (27, 66), (28, 66), (29, 66), (29, 67), (30, 67), (31, 67), (32, 67), (33, 67), (34, 67), (35, 67), (36, 67), (37, 67), (38, 67), (39, 67), (40, 67), (41, 67), (42, 67), (43, 67), (44, 67), (45, 67), (46, 67), (47, 67), (48, 67), (48, 68), (48, 69), (48, 70), (48, 71), (48, 72), (48, 73), (48, 74), (48, 75), (48, 76), (48, 76)]}, 159)