

CBSS-C STATS
starts:[3748, 799, 1251, 2914, 1758, 4544, 1757, 1386, 4386, 3821]
targets:[4720, 2455, 1652, 4916, 509, 4447, 4664, 653, 655, 3450]
dests:[3471, 5069, 2985, 1974, 985, 3950, 4986, 1936, 4624, 2043]
ac_dict:{4720: {0, 1}, 2455: {1, 2}, 1652: {2, 3}, 4916: {3, 4}, 509: {4, 5}, 4447: {5, 6}, 4664: {6, 7}, 653: {8, 7}, 655: {8, 9}, 3471: {0}, 5069: {1}, 2985: {2}, 1974: {3}, 985: {4}, 3950: {5}, 4986: {6}, 1936: {7}, 4624: {8}, 2043: {9}}
clusters:[3 4 2 2 1 0 4 0 3 1]

round: 1
best_g_value: 645.0
open_list_size: 0
num_low_level_expanded: 3755
search_success: 1
search_time: 0.3694911920465529
n_tsp_call: 1
n_tsp_time: 0.18768539372831583
n_roots: 1
num_conflicts: 0
target_assignment: {3450: 0, 4447: 6, 4720: 1, 1652: 2, 2455: 2}
cluster_target_selection: {1: 3450, 0: 4447, 3: 4720, 2: 1652, 4: 2455}
num_nodes_transformed_graph: 48
agent_paths:({0: [(43, 57), (42, 57), (41, 57), (40, 57), (39, 57), (38, 57), (37, 57), (36, 57), (35, 57), (34, 57), (33, 57), (32, 57), (31, 57), (30, 57), (29, 57), (28, 57), (27, 57), (26, 57), (25, 57), (24, 57), (23, 57), (22, 57), (21, 57), (20, 57), (19, 57), (18, 57), (17, 57), (17, 56), (16, 56), (15, 56), (14, 56), (13, 56), (12, 56), (11, 56), (10, 56), (9, 56), (8, 56), (7, 56), (6, 56), (5, 56), (5, 55), (5, 54), (5, 53), (5, 54), (6, 54), (7, 54), (8, 54), (9, 54), (10, 54), (11, 54), (12, 54), (13, 54), (14, 54), (15, 54), (16, 54), (17, 54), (18, 54), (19, 54), (20, 54), (21, 54), (22, 54), (22, 53), (23, 53), (24, 53), (25, 53), (26, 53), (26, 53)], 1: [(19, 12), (20, 12), (21, 12), (22, 12), (23, 12), (24, 12), (25, 12), (26, 12), (27, 12), (27, 13), (27, 14), (27, 15), (27, 16), (27, 17), (27, 18), (27, 19), (27, 20), (27, 21), (27, 22), (27, 23), (27, 24), (27, 25), (27, 26), (27, 27), (27, 28), (27, 29), (27, 30), (27, 31), (27, 32), (27, 33), (27, 34), (27, 35), (27, 36), (27, 37), (27, 38), (27, 39), (27, 40), (27, 41), (27, 42), (27, 43), (27, 44), (27, 45), (27, 46), (27, 47), (27, 48), (27, 49), (27, 50), (27, 51), (27, 52), (27, 53), (27, 54), (27, 55), (27, 56), (27, 57), (27, 58), (27, 59), (27, 60), (27, 61), (27, 62), (27, 63), (27, 64), (27, 65), (27, 66), (28, 66), (29, 66), (29, 67), (30, 67), (31, 67), (32, 67), (33, 67), (34, 67), (35, 67), (36, 67), (37, 67), (38, 67), (39, 67), (40, 67), (40, 68), (40, 69), (40, 70), (40, 71), (40, 72), (41, 72), (42, 72), (43, 72), (44, 72), (45, 72), (46, 72), (47, 72), (48, 72), (49, 72), (50, 72), (51, 72), (52, 72), (53, 72), (54, 72), (55, 72), (56, 72), (57, 72), (58, 72), (59, 72), (60, 72), (61, 72), (62, 72), (62, 73), (62, 74), (62, 75), (63, 75), (64, 75), (64, 76), (64, 77), (64, 77)], 2: [(16, 19), (17, 19), (18, 19), (19, 19), (20, 19), (21, 19), (22, 19), (23, 19), (24, 19), (25, 19), (26, 19), (27, 19), (27, 20), (27, 21), (27, 22), (27, 23), (27, 24), (27, 25), (28, 25), (28, 26), (29, 26), (29, 27), (29, 28), (29, 29), (29, 30), (29, 31), (29, 32), (29, 33), (29, 34), (29, 35), (30, 35), (31, 35), (32, 35), (33, 35), (34, 35), (34, 36), (34, 37), (35, 37), (36, 37), (37, 37), (38, 37), (38, 38), (39, 38), (40, 38), (41, 38), (42, 38), (43, 38), (44, 38), (45, 38), (46, 38), (47, 38), (48, 38), (49, 38), (50, 38), (50, 37), (51, 37), (52, 37), (53, 37), (54, 37), (55, 37), (56, 37), (57, 37), (58, 37), (59, 37), (60, 37), (60, 38), (60, 39), (60, 40), (60, 41), (60, 42), (60, 43), (60, 44), (60, 45), (60, 45)], 3: [(54, 44), (53, 44), (52, 44), (51, 44), (50, 44), (49, 44), (48, 44), (47, 44), (47, 43), (47, 42), (46, 42), (45, 42), (44, 42), (43, 42), (42, 42), (41, 42), (40, 42), (39, 42), (38, 42), (37, 42), (36, 42), (35, 42), (34, 42), (33, 42), (32, 42), (31, 42), (30, 42), (29, 42), (28, 42), (27, 42), (26, 42), (25, 42), (24, 42), (24, 41), (24, 40), (24, 39), (24, 38), (24, 37), (24, 36), (24, 35), (24, 34), (24, 33), (24, 32), (24, 31), (24, 30), (24, 30)], 4: [(3, 27), (3, 26), (3, 25), (3, 24), (3, 23), (3, 22), (4, 22), (4, 21), (4, 20), (4, 19), (4, 18), (4, 17), (4, 16), (4, 15), (5, 15), (6, 15), (7, 15), (8, 15), (9, 15), (10, 15), (10, 15)], 5: [(59, 69), (58, 69), (57, 69), (56, 69), (55, 69), (54, 69), (53, 69), (52, 69), (51, 69), (50, 69), (50, 68), (50, 67), (49, 67), (48, 67), (47, 67), (46, 67), (45, 67), (44, 67), (43, 67), (42, 67), (41, 67), (40, 67), (39, 67), (38, 67), (37, 67), (36, 67), (35, 67), (34, 67), (33, 67), (32, 67), (31, 67), (30, 67), (29, 67), (29, 66), (28, 66), (27, 66), (27, 65), (27, 64), (27, 63), (27, 62), (27, 61), (27, 60), (28, 60), (29, 60), (29, 59), (29, 58), (29, 57), (29, 56), (29, 55), (29, 54), (29, 53), (29, 52), (29, 51), (29, 50), (29, 49), (29, 48), (29, 47), (29, 46), (29, 45), (30, 45), (30, 44), (31, 44), (32, 44), (33, 44), (34, 44), (35, 44), (36, 44), (37, 44), (37, 43), (37, 42), (38, 42), (39, 42), (40, 42), (41, 42), (42, 42), (43, 42), (44, 42), (45, 42), (46, 42), (47, 42), (48, 42), (49, 42), (50, 42), (50, 43), (50, 44), (50, 45), (51, 45), (51, 46), (51, 47), (51, 48), (52, 48), (52, 49), (52, 50), (51, 50), (51, 51), (51, 52), (51, 53), (51, 54), (51, 55), (51, 56), (51, 57), (50, 57), (50, 58), (50, 59), (50, 60), (50, 60)], 6: [(2, 27), (3, 27), (3, 26), (3, 25), (3, 24), (3, 23), (4, 23), (5, 23), (6, 23), (7, 23), (8, 23), (9, 23), (10, 23), (11, 23), (12, 23), (12, 22), (12, 21), (13, 21), (14, 21), (15, 21), (16, 21), (17, 21), (18, 21), (19, 21), (20, 21), (21, 21), (22, 21), (23, 21), (24, 21), (25, 21), (26, 21), (27, 21), (27, 22), (27, 23), (27, 24), (27, 25), (27, 26), (27, 27), (27, 28), (27, 29), (27, 30), (27, 31), (27, 32), (27, 33), (27, 34), (27, 35), (27, 36), (27, 37), (27, 38), (27, 39), (27, 40), (27, 41), (27, 42), (27, 43), (27, 44), (27, 45), (27, 46), (27, 47), (27, 48), (27, 49), (27, 50), (27, 51), (27, 52), (27, 53), (27, 54), (27, 55), (27, 56), (27, 57), (27, 58), (27, 59), (27, 60), (27, 61), (27, 62), (27, 63), (27, 64), (27, 65), (27, 66), (27, 67), (27, 68), (28, 68), (29, 68), (30, 68), (31, 68), (32, 68), (33, 68), (34, 68), (35, 68), (36, 68), (37, 68), (38, 68), (39, 68), (40, 68), (41, 68), (42, 68), (43, 68), (44, 68), (45, 68), (46, 68), (46, 69), (46, 70), (46, 71), (46, 72), (46, 73), (46, 74), (46, 75), (46, 76), (46, 76)], 7: [(21, 21), (22, 21), (23, 21), (24, 21), (25, 21), (26, 21), (27, 21), (28, 21), (28, 22), (28, 23), (28, 24), (28, 25), (28, 26), (29, 26), (29, 27), (30, 27), (31, 27), (32, 27), (33, 27), (34, 27), (35, 27), (36, 27), (37, 27), (38, 27), (39, 27), (40, 27), (41, 27), (42, 27), (43, 27), (44, 27), (45, 27), (46, 27), (47, 27), (48, 27), (49, 27), (50, 27), (51, 27), (51, 28), (51, 29), (51, 29)], 8: [(31, 67), (30, 67), (29, 67), (28, 67), (27, 67), (26, 67), (25, 67), (24, 67), (23, 67), (22, 67), (21, 67), (20, 67), (19, 67), (18, 67), (17, 67), (16, 67), (15, 67), (14, 67), (14, 68), (14, 69), (14, 70), (14, 71), (14, 72), (14, 73), (14, 74), (14, 75), (14, 76), (13, 76), (12, 76), (11, 76), (10, 76), (9, 76), (9, 75), (9, 74), (9, 73), (9, 72), (9, 71), (9, 71)], 9: [(51, 58), (51, 57), (51, 56), (51, 55), (51, 54), (51, 53), (51, 52), (51, 51), (51, 50), (52, 50), (52, 49), (52, 48), (51, 48), (51, 47), (51, 46), (51, 45), (50, 45), (49, 45), (48, 45), (47, 45), (47, 44), (47, 43), (47, 42), (46, 42), (45, 42), (44, 42), (43, 42), (42, 42), (41, 42), (40, 42), (39, 42), (38, 42), (37, 42), (36, 42), (35, 42), (34, 42), (33, 42), (32, 42), (31, 42), (30, 42), (29, 42), (28, 42), (28, 41), (28, 40), (28, 39), (28, 38), (28, 37), (28, 36), (28, 35), (28, 34), (28, 33), (28, 32), (28, 31), (28, 31)]}, 110)