

CBSS-C STATS
starts:[556, 2293, 767, 1984, 4921]
targets:[1251, 3945, 4122, 1381, 1252, 3709, 913, 4587, 4916, 4920]
dests:[4979, 2627, 4934, 1840, 3821]
ac_dict:{1251: {0, 1}, 3945: {1, 2}, 4122: {2, 3}, 1381: {3, 4}, 4979: {0}, 2627: {1}, 4934: {2}, 1840: {3}, 3821: {4}}
clusters:[1 4 0 1 0 2 1 3 0 2]

round: 3
best_g_value: 398.0
open_list_size: 2
num_low_level_expanded: 4612
search_success: 1
search_time: 1.7946524531580508
n_tsp_call: 10
n_tsp_time: 1.6066073230467737
n_roots: 1
num_conflicts: 2
target_assignment: {4916: 4, 4587: 4, 3945: 2, 4920: 2, 1381: 3}
cluster_target_selection: {0: 4916, 3: 4587, 4: 3945, 2: 4920, 1: 1381}
num_nodes_transformed_graph: 48
agent_paths:({0: [(36, 8), (36, 9), (36, 10), (36, 11), (36, 12), (36, 13), (35, 13), (34, 13), (33, 13), (32, 13), (31, 13), (30, 13), (29, 13), (29, 14), (28, 14), (27, 14), (27, 15), (27, 16), (27, 17), (27, 18), (28, 18), (28, 19), (28, 20), (28, 21), (28, 22), (28, 23), (28, 24), (28, 25), (28, 26), (28, 27), (28, 28), (28, 29), (28, 30), (28, 31), (28, 32), (28, 33), (28, 34), (28, 35), (28, 36), (28, 37), (28, 38), (28, 39), (28, 40), (28, 41), (28, 42), (28, 43), (28, 44), (28, 45), (28, 46), (28, 47), (28, 48), (28, 49), (28, 50), (28, 51), (28, 52), (28, 53), (28, 54), (28, 55), (28, 56), (28, 57), (28, 58), (28, 59), (28, 60), (28, 61), (28, 62), (27, 62), (27, 63), (27, 64), (27, 65), (27, 66), (28, 66), (29, 66), (29, 67), (30, 67), (31, 67), (32, 67), (33, 67), (34, 67), (35, 67), (36, 67), (37, 67), (38, 67), (39, 67), (39, 68), (39, 69), (39, 70), (39, 71), (39, 72), (39, 73), (39, 74), (39, 75), (39, 76), (39, 76)], 1: [(18, 35), (19, 35), (20, 35), (21, 35), (22, 35), (23, 35), (24, 35), (25, 35), (26, 35), (27, 35), (27, 36), (27, 37), (27, 38), (27, 39), (27, 40), (27, 40)], 2: [(52, 11), (51, 11), (50, 11), (49, 11), (48, 11), (47, 11), (46, 11), (45, 11), (45, 12), (45, 13), (44, 13), (43, 13), (42, 13), (41, 13), (40, 13), (39, 13), (38, 13), (37, 13), (36, 13), (35, 13), (34, 13), (33, 13), (32, 13), (31, 13), (30, 13), (29, 13), (29, 14), (28, 14), (27, 14), (27, 15), (27, 16), (27, 17), (27, 18), (28, 18), (28, 19), (28, 20), (28, 21), (28, 22), (28, 23), (28, 24), (28, 25), (28, 26), (29, 26), (29, 27), (29, 28), (29, 29), (29, 30), (29, 31), (29, 32), (29, 33), (29, 34), (29, 35), (29, 36), (29, 37), (29, 38), (29, 39), (29, 40), (29, 41), (29, 42), (29, 43), (29, 44), (29, 45), (29, 46), (29, 47), (29, 48), (29, 49), (29, 50), (30, 50), (30, 51), (31, 51), (32, 51), (33, 51), (33, 52), (33, 53), (34, 53), (35, 53), (36, 53), (37, 53), (38, 53), (39, 53), (40, 53), (41, 53), (42, 53), (43, 53), (44, 53), (45, 53), (45, 54), (45, 55), (45, 56), (45, 57), (45, 58), (45, 59), (45, 60), (45, 59), (44, 59), (44, 58), (43, 58), (42, 58), (41, 58), (40, 58), (39, 58), (38, 58), (37, 58), (36, 58), (35, 58), (34, 58), (33, 58), (33, 59), (33, 60), (33, 61), (32, 61), (31, 61), (30, 61), (29, 61), (29, 62), (28, 62), (27, 62), (27, 63), (27, 64), (27, 65), (27, 66), (28, 66), (29, 66), (29, 67), (30, 67), (31, 67), (32, 67), (33, 67), (34, 67), (35, 67), (36, 67), (37, 67), (38, 67), (39, 67), (40, 67), (41, 67), (42, 67), (43, 67), (44, 67), (45, 67), (45, 68), (45, 69), (45, 70), (45, 71), (45, 72), (45, 73), (45, 74), (45, 75), (46, 75), (47, 75), (48, 75), (49, 75), (50, 75), (51, 75), (52, 75), (53, 75), (54, 75), (55, 75), (56, 75), (57, 75), (58, 75), (59, 75), (59, 75)], 3: [(34, 30), (34, 29), (33, 29), (32, 29), (31, 29), (30, 29), (29, 29), (28, 29), (27, 29), (26, 29), (25, 29), (24, 29), (23, 29), (22, 29), (21, 29), (20, 29), (19, 29), (19, 28), (19, 27), (19, 26), (19, 25), (19, 24), (19, 23), (19, 22), (19, 21), (18, 21), (17, 21), (16, 21), (17, 21), (18, 21), (19, 21), (20, 21), (20, 22), (20, 23), (20, 24), (20, 25), (20, 26), (20, 27), (20, 28), (20, 28)], 4: [(46, 75), (45, 75), (44, 75), (43, 75), (42, 75), (41, 75), (40, 75), (39, 75), (38, 75), (37, 75), (37, 74), (37, 73), (37, 72), (37, 71), (37, 70), (37, 69), (37, 68), (37, 67), (36, 67), (35, 67), (34, 67), (33, 67), (32, 67), (31, 67), (30, 67), (29, 67), (29, 66), (28, 66), (27, 66), (27, 65), (27, 64), (27, 63), (27, 62), (27, 61), (27, 60), (27, 59), (27, 58), (28, 58), (29, 58), (29, 57), (29, 56), (29, 55), (29, 54), (29, 53), (29, 52), (29, 51), (29, 50), (29, 49), (29, 48), (29, 47), (29, 46), (29, 45), (30, 45), (30, 44), (31, 44), (32, 44), (33, 44), (34, 44), (35, 44), (36, 44), (37, 44), (37, 43), (37, 42), (38, 42), (39, 42), (40, 42), (41, 42), (42, 42), (43, 42), (44, 42), (45, 42), (46, 42), (47, 42), (48, 42), (49, 42), (50, 42), (51, 42), (51, 43), (51, 44), (51, 45), (51, 46), (51, 47), (51, 48), (52, 48), (52, 49), (52, 50), (51, 50), (51, 51), (51, 52), (51, 53), (51, 54), (51, 55), (51, 56), (51, 57), (51, 58), (51, 58)]}, 161)