

CBSS-C STATS
starts:[4017, 1500, 1371, 1787, 4827, 3617, 3626, 4278, 2918, 4719]
targets:[2595, 886, 513, 1788, 1393, 3678, 4508, 981, 4891, 2172]
dests:[574, 1864, 1789, 4782, 2510, 3724, 4184, 692, 2465, 4105]
ac_dict:{2595: {0, 1}, 886: {1, 2}, 513: {2, 3}, 1788: {3, 4}, 1393: {4, 5}, 3678: {5, 6}, 4508: {6, 7}, 981: {8, 7}, 4891: {8, 9}, 574: {0}, 1864: {1}, 1789: {2}, 4782: {3}, 2510: {4}, 3724: {5}, 4184: {6}, 692: {7}, 2465: {8}, 4105: {9}}
clusters:[0 3 0 1 3 3 4 3 4 2]

round: 7
best_g_value: 573.0
open_list_size: 6
num_low_level_expanded: 8830
search_success: 1
search_time: 0.5241650599054992
n_tsp_call: 1
n_tsp_time: 0.10872517107054591
n_roots: 1
num_conflicts: 6
target_assignment: {2595: 0, 2172: 0, 4891: 9, 1788: 3, 3678: 5}
cluster_target_selection: {0: 2595, 2: 2172, 4: 4891, 1: 1788, 3: 3678}
num_nodes_transformed_graph: 34
agent_paths:({0: [(52, 61), (52, 60), (52, 59), (52, 58), (52, 57), (52, 56), (52, 55), (52, 54), (52, 53), (52, 52), (52, 51), (52, 50), (52, 49), (52, 48), (52, 47), (52, 46), (52, 45), (52, 44), (52, 43), (52, 42), (52, 41), (52, 40), (52, 39), (53, 39), (54, 39), (55, 39), (56, 39), (57, 39), (58, 39), (59, 39), (60, 39), (59, 39), (58, 39), (57, 39), (56, 39), (55, 39), (54, 39), (53, 39), (52, 39), (51, 39), (50, 39), (49, 39), (48, 39), (47, 39), (46, 39), (45, 39), (44, 39), (43, 39), (42, 39), (41, 39), (40, 39), (39, 39), (38, 39), (37, 39), (36, 39), (35, 39), (34, 39), (33, 39), (32, 39), (31, 39), (30, 39), (29, 39), (28, 39), (27, 39), (27, 38), (27, 37), (27, 36), (27, 35), (27, 34), (27, 33), (27, 32), (27, 31), (27, 30), (27, 29), (27, 28), (27, 27), (27, 26), (27, 25), (27, 24), (27, 23), (27, 22), (27, 21), (27, 20), (27, 19), (27, 18), (27, 17), (27, 16), (27, 15), (27, 14), (27, 13), (27, 12), (27, 11), (28, 11), (29, 11), (30, 11), (31, 11), (32, 11), (33, 11), (34, 11), (35, 11), (36, 11), (37, 11), (38, 11), (39, 11), (40, 11), (41, 11), (42, 11), (43, 11), (43, 10), (44, 10), (45, 10), (46, 10), (47, 10), (48, 10), (49, 10), (49, 9), (50, 9), (50, 8), (51, 8), (52, 8), (53, 8), (54, 8), (54, 8)], 1: [(5, 23), (6, 23), (7, 23), (8, 23), (9, 23), (10, 23), (11, 23), (12, 23), (12, 22), (12, 21), (13, 21), (14, 21), (15, 21), (16, 21), (17, 21), (18, 21), (19, 21), (20, 21), (21, 21), (22, 21), (23, 21), (24, 21), (25, 21), (26, 21), (27, 21), (28, 21), (28, 22), (28, 23), (28, 24), (28, 25), (28, 26), (29, 26), (29, 27), (30, 27), (31, 27), (32, 27), (33, 27), (33, 28), (34, 28), (35, 28), (36, 28), (37, 28), (38, 28), (39, 28), (40, 28), (41, 28), (42, 28), (43, 28), (44, 28), (44, 28)], 2: [(6, 21), (7, 21), (8, 21), (9, 21), (10, 21), (11, 21), (12, 21), (13, 21), (14, 21), (15, 21), (16, 21), (17, 21), (18, 21), (19, 21), (20, 21), (21, 21), (22, 21), (23, 21), (24, 21), (25, 21), (26, 21), (27, 21), (28, 21), (28, 22), (28, 23), (28, 24), (28, 25), (28, 26), (29, 26), (29, 27), (30, 27), (31, 27), (32, 27), (33, 27), (34, 27), (34, 27)], 3: [(32, 27), (33, 27), (33, 28), (33, 29), (32, 29), (31, 29), (30, 29), (29, 29), (29, 30), (29, 31), (29, 32), (29, 33), (29, 34), (29, 35), (29, 36), (29, 37), (29, 38), (29, 39), (29, 40), (29, 41), (29, 42), (29, 43), (29, 44), (29, 45), (29, 46), (29, 47), (29, 48), (29, 49), (29, 50), (29, 51), (29, 52), (29, 53), (29, 54), (29, 55), (29, 56), (29, 57), (29, 58), (29, 59), (29, 60), (29, 61), (29, 62), (28, 62), (27, 62), (27, 63), (27, 64), (27, 65), (27, 66), (28, 66), (29, 66), (29, 67), (30, 67), (31, 67), (32, 67), (33, 67), (34, 67), (35, 67), (36, 67), (37, 67), (37, 68), (37, 69), (37, 70), (37, 71), (37, 72), (37, 73), (37, 73)], 4: [(17, 74), (17, 73), (17, 72), (17, 71), (17, 70), (17, 69), (17, 68), (17, 67), (17, 66), (17, 65), (17, 64), (17, 63), (17, 62), (17, 61), (17, 60), (17, 59), (17, 58), (17, 57), (17, 56), (17, 55), (17, 54), (18, 54), (19, 54), (20, 54), (21, 54), (22, 54), (22, 53), (23, 53), (24, 53), (24, 52), (24, 51), (25, 51), (26, 51), (26, 50), (27, 50), (27, 49), (27, 48), (27, 47), (27, 46), (27, 45), (27, 44), (27, 43), (27, 42), (27, 41), (27, 40), (27, 39), (27, 38), (28, 38), (29, 38), (30, 38), (31, 38), (32, 38), (33, 38), (34, 38), (35, 38), (36, 38), (37, 38), (38, 38), (39, 38), (40, 38), (40, 38)], 5: [(42, 55), (41, 55), (40, 55), (39, 55), (38, 55), (38, 56), (37, 56), (36, 56), (35, 56), (34, 56), (33, 56), (32, 56), (31, 56), (30, 56), (29, 56), (28, 56), (27, 56), (26, 56), (25, 56), (24, 56), (23, 56), (22, 56), (21, 56), (20, 56), (19, 56), (19, 57), (19, 57)], 6: [(51, 55), (51, 54), (51, 53), (51, 52), (51, 51), (51, 50), (52, 50), (52, 49), (52, 48), (51, 48), (51, 47), (51, 46), (51, 45), (50, 45), (49, 45), (48, 45), (47, 45), (47, 44), (47, 43), (47, 42), (46, 42), (45, 42), (44, 42), (43, 42), (42, 42), (41, 42), (40, 42), (39, 42), (38, 42), (37, 42), (36, 42), (35, 42), (34, 42), (33, 42), (32, 42), (31, 42), (30, 42), (29, 42), (28, 42), (28, 43), (28, 44), (28, 45), (28, 46), (28, 47), (28, 48), (28, 49), (28, 50), (27, 50), (26, 50), (26, 51), (25, 51), (25, 52), (25, 53), (25, 54), (25, 55), (25, 56), (25, 57), (25, 58), (25, 59), (25, 60), (25, 61), (25, 62), (25, 63), (24, 63), (24, 64), (24, 64)], 7: [(53, 65), (53, 66), (52, 66), (51, 66), (50, 66), (49, 66), (48, 66), (47, 66), (46, 66), (45, 66), (44, 66), (43, 66), (42, 66), (41, 66), (40, 66), (39, 66), (38, 66), (37, 66), (36, 66), (35, 66), (34, 66), (34, 67), (33, 67), (32, 67), (31, 67), (30, 67), (29, 67), (29, 66), (28, 66), (27, 66), (27, 65), (27, 64), (27, 63), (27, 62), (27, 61), (27, 60), (27, 59), (27, 58), (27, 57), (27, 56), (27, 55), (27, 54), (27, 53), (27, 52), (27, 51), (27, 50), (27, 49), (27, 48), (27, 47), (27, 46), (27, 45), (27, 44), (27, 43), (27, 42), (27, 41), (27, 40), (27, 39), (27, 38), (27, 37), (27, 36), (27, 35), (27, 34), (27, 33), (27, 32), (27, 31), (27, 30), (27, 29), (27, 28), (27, 27), (27, 26), (27, 25), (27, 24), (27, 23), (27, 22), (27, 21), (27, 20), (27, 19), (27, 18), (27, 17), (27, 16), (27, 15), (27, 14), (27, 13), (27, 12), (27, 11), (28, 11), (29, 11), (30, 11), (31, 11), (32, 11), (33, 11), (34, 11), (34, 10), (35, 10), (36, 10), (37, 10), (38, 10), (39, 10), (40, 10), (41, 10), (42, 10), (42, 10)], 8: [(58, 44), (58, 43), (58, 42), (58, 41), (58, 40), (58, 39), (58, 38), (58, 37), (59, 37), (60, 37), (60, 37)], 9: [(39, 72), (38, 72), (37, 72), (36, 72), (35, 72), (34, 72), (34, 71), (34, 70), (34, 69), (33, 69), (32, 69), (31, 69), (30, 69), (29, 69), (28, 69), (27, 69), (26, 69), (25, 69), (24, 69), (23, 69), (22, 69), (21, 69), (20, 69), (19, 69), (18, 69), (17, 69), (16, 69), (16, 70), (16, 71), (16, 72), (16, 73), (16, 74), (16, 75), (15, 75), (14, 75), (14, 74), (14, 73), (14, 72), (14, 71), (14, 70), (14, 69), (14, 68), (14, 67), (14, 66), (14, 65), (14, 64), (14, 63), (13, 63), (12, 63), (11, 63), (10, 63), (10, 63)]}, 121)