

CBSS-C STATS
starts:[5092, 4305, 1522, 2564, 2763]
targets:[1985, 2169, 3954, 3584, 809, 4685, 1049, 727, 764, 3652, 4804, 265, 1726, 4989, 282, 1001, 3821, 3405, 3368, 4398]
dests:[3659, 612, 1822, 1611, 3530]
ac_dict:{1985: {0, 1}, 2169: {1, 2}, 3954: {2, 3}, 3584: {3, 4}, 3659: {0}, 612: {1}, 1822: {2}, 1611: {3}, 3530: {4}}
clusters:[7 6 9 8 2 3 5 0 3 5 1 2 7 2 4 1 6 6 3 8]

round: 2
best_g_value: 354.0
open_list_size: 1
num_low_level_expanded: 1803
search_success: 1
search_time: 0.6251020529307425
n_tsp_call: 1
n_tsp_time: 0.5444997237063944
n_roots: 1
num_conflicts: 1
target_assignment: {3405: 1, 1001: 1, 809: 1, 282: 1, 3584: 4, 3368: 3, 3954: 3, 1726: 3, 727: 2, 1049: 2}
cluster_target_selection: {6: 3405, 1: 1001, 2: 809, 4: 282, 8: 3584, 3: 3368, 9: 3954, 7: 1726, 0: 727, 5: 1049}
num_nodes_transformed_graph: 52
agent_paths:({0: [(22, 78), (21, 78), (20, 78), (20, 77), (20, 76), (20, 75), (19, 75), (19, 74), (19, 73), (19, 72), (19, 71), (19, 70), (19, 69), (19, 68), (19, 67), (19, 66), (19, 65), (19, 64), (19, 63), (19, 62), (19, 61), (19, 60), (19, 59), (19, 58), (19, 57), (19, 56), (19, 56)], 1: [(15, 66), (15, 65), (15, 64), (15, 63), (15, 62), (16, 62), (17, 62), (17, 61), (17, 60), (17, 59), (17, 58), (17, 57), (17, 56), (17, 55), (17, 54), (18, 54), (19, 54), (20, 54), (21, 54), (22, 54), (23, 54), (24, 54), (24, 53), (24, 52), (25, 52), (25, 51), (26, 51), (26, 50), (27, 50), (27, 49), (27, 48), (27, 47), (27, 46), (27, 45), (26, 45), (26, 44), (26, 43), (26, 42), (26, 41), (26, 40), (26, 39), (26, 38), (26, 37), (26, 36), (26, 35), (26, 34), (26, 33), (26, 32), (26, 31), (26, 30), (26, 29), (26, 28), (26, 27), (26, 26), (26, 25), (26, 24), (26, 23), (26, 22), (26, 21), (26, 20), (26, 19), (26, 18), (26, 17), (26, 16), (26, 15), (26, 14), (26, 13), (26, 12), (27, 12), (28, 12), (29, 12), (28, 12), (27, 12), (26, 12), (25, 12), (24, 12), (23, 12), (22, 12), (22, 11), (22, 10), (22, 9), (22, 8), (22, 7), (22, 6), (22, 5), (22, 4), (23, 4), (24, 4), (25, 4), (26, 4), (27, 4), (27, 5), (27, 6), (27, 7), (27, 8), (27, 9), (27, 9)], 2: [(27, 23), (26, 23), (25, 23), (24, 23), (23, 23), (22, 23), (21, 23), (20, 23), (19, 23), (19, 22), (19, 21), (18, 21), (17, 21), (16, 21), (15, 21), (14, 21), (13, 21), (12, 21), (12, 20), (12, 19), (12, 18), (12, 17), (12, 16), (12, 15), (12, 14), (12, 13), (12, 12), (12, 11), (11, 11), (10, 11), (9, 11), (9, 12), (9, 13), (9, 14), (9, 15), (9, 16), (9, 17), (9, 18), (9, 19), (9, 20), (8, 20), (7, 20), (6, 20), (5, 20), (4, 20), (4, 21), (4, 22), (3, 22), (3, 23), (3, 24), (3, 25), (2, 25), (2, 26), (2, 27), (2, 28), (2, 28)], 3: [(29, 39), (30, 39), (31, 39), (32, 39), (33, 39), (34, 39), (35, 39), (36, 39), (37, 39), (38, 39), (39, 39), (40, 39), (41, 39), (42, 39), (43, 39), (44, 39), (45, 39), (46, 39), (47, 39), (48, 39), (49, 39), (50, 39), (51, 39), (52, 39), (53, 39), (53, 40), (53, 41), (53, 42), (53, 43), (53, 44), (53, 45), (53, 46), (53, 47), (53, 48), (53, 49), (53, 50), (53, 51), (54, 51), (54, 52), (54, 53), (54, 54), (54, 55), (54, 56), (54, 57), (54, 58), (54, 59), (54, 60), (53, 60), (52, 60), (52, 59), (52, 58), (52, 57), (52, 56), (52, 55), (52, 54), (52, 53), (52, 52), (52, 51), (52, 50), (52, 49), (52, 48), (51, 48), (51, 47), (51, 46), (51, 45), (50, 45), (49, 45), (48, 45), (47, 45), (47, 44), (47, 43), (47, 42), (46, 42), (45, 42), (44, 42), (43, 42), (42, 42), (41, 42), (40, 42), (39, 42), (38, 42), (37, 42), (36, 42), (36, 41), (36, 40), (36, 39), (36, 38), (36, 37), (35, 37), (34, 37), (34, 36), (34, 35), (33, 35), (32, 35), (31, 35), (30, 35), (29, 35), (29, 34), (29, 33), (29, 32), (29, 31), (29, 30), (29, 29), (29, 28), (29, 27), (30, 27), (31, 27), (32, 27), (33, 27), (34, 27), (34, 26), (35, 26), (36, 26), (37, 26), (38, 26), (38, 27), (39, 27), (40, 27), (41, 27), (42, 27), (43, 27), (44, 27), (45, 27), (46, 27), (47, 27), (48, 27), (49, 27), (50, 27), (51, 27), (51, 26), (51, 25), (51, 24), (51, 24)], 4: [(33, 42), (32, 42), (31, 42), (30, 42), (29, 42), (28, 42), (27, 42), (27, 43), (27, 44), (27, 45), (27, 46), (27, 47), (27, 48), (27, 49), (27, 50), (26, 50), (26, 51), (25, 51), (24, 51), (24, 52), (24, 53), (23, 53), (22, 53), (22, 54), (21, 54), (20, 54), (19, 54), (18, 54), (17, 54), (16, 54), (15, 54), (14, 54), (13, 54), (12, 54), (11, 54), (10, 54), (9, 54), (9, 55), (9, 54), (10, 54), (11, 54), (12, 54), (13, 54), (14, 54), (15, 54), (16, 54), (17, 54), (18, 54), (19, 54), (20, 54), (20, 54)]}, 131)