

CBSS-C STATS
starts:[697, 854, 3955, 2641, 4507]
targets:[4586, 2423, 4469, 3633, 1999, 1286, 2685, 481, 4115, 1130, 794, 4815, 4569, 3747, 2383, 3726, 4398, 4724, 3657, 394]
dests:[658, 1523, 4624, 4283, 2786]
ac_dict:{4586: {0, 1}, 2423: {1, 2}, 4469: {2, 3}, 3633: {3, 4}, 658: {0}, 1523: {1}, 4624: {2}, 4283: {3}, 2786: {4}}
clusters:[2 3 9 2 6 9 9 2 0 4 6 0 6 2 1 3 7 5 2 8]

round: 2
best_g_value: 370.0
open_list_size: 1
num_low_level_expanded: 2856
search_success: 1
search_time: 0.3211378501728177
n_tsp_call: 1
n_tsp_time: 0.21589021338149905
n_roots: 1
num_conflicts: 1
target_assignment: {1130: 0, 394: 0, 3726: 2, 3657: 2, 4115: 2, 4569: 2, 2383: 3, 4398: 3, 4724: 3, 4469: 3}
cluster_target_selection: {4: 1130, 8: 394, 3: 3726, 2: 3657, 0: 4115, 6: 4569, 1: 2383, 7: 4398, 5: 4724, 9: 4469}
num_nodes_transformed_graph: 54
agent_paths:({0: [(47, 10), (46, 10), (45, 10), (44, 10), (43, 10), (42, 10), (41, 10), (40, 10), (39, 10), (38, 10), (37, 10), (36, 10), (35, 10), (34, 10), (34, 11), (33, 11), (32, 11), (31, 11), (30, 11), (29, 11), (28, 11), (27, 11), (26, 11), (25, 11), (25, 12), (25, 13), (25, 14), (25, 15), (25, 16), (25, 17), (24, 17), (23, 17), (22, 17), (21, 17), (20, 17), (20, 18), (19, 18), (18, 18), (18, 19), (17, 19), (16, 19), (15, 19), (14, 19), (13, 19), (12, 19), (11, 19), (10, 19), (9, 19), (9, 18), (9, 17), (9, 16), (9, 15), (8, 15), (7, 15), (6, 15), (5, 15), (4, 15), (4, 14), (4, 13), (4, 12), (4, 11), (4, 10), (4, 9), (4, 8), (4, 7), (4, 6), (5, 6), (6, 6), (7, 6), (8, 6), (8, 7), (8, 8), (8, 9), (8, 10), (8, 10)], 1: [(9, 13), (10, 13), (11, 13), (12, 13), (12, 14), (12, 15), (12, 16), (12, 17), (12, 18), (12, 19), (13, 19), (14, 19), (15, 19), (16, 19), (17, 19), (18, 19), (19, 19), (20, 19), (21, 19), (22, 19), (23, 19), (24, 19), (25, 19), (26, 19), (27, 19), (28, 19), (28, 20), (28, 21), (28, 22), (28, 23), (28, 23)], 2: [(55, 60), (54, 60), (53, 60), (52, 60), (52, 59), (52, 58), (52, 57), (52, 56), (52, 55), (52, 54), (52, 53), (52, 52), (52, 51), (52, 50), (52, 49), (52, 48), (51, 48), (51, 47), (51, 46), (51, 45), (50, 45), (49, 45), (48, 45), (47, 45), (47, 44), (47, 43), (47, 42), (46, 42), (45, 42), (44, 42), (43, 42), (42, 42), (41, 42), (40, 42), (39, 42), (38, 42), (37, 42), (36, 42), (35, 42), (35, 43), (34, 43), (33, 43), (32, 43), (31, 43), (30, 43), (29, 43), (28, 43), (27, 43), (27, 44), (27, 45), (27, 46), (27, 47), (27, 48), (27, 49), (27, 50), (26, 50), (26, 51), (25, 51), (24, 51), (24, 52), (24, 53), (23, 53), (22, 53), (22, 54), (21, 54), (21, 55), (21, 56), (21, 57), (20, 57), (19, 57), (18, 57), (17, 57), (17, 56), (18, 56), (19, 56), (19, 57), (19, 58), (19, 59), (19, 60), (19, 61), (19, 62), (19, 63), (20, 63), (19, 63), (19, 64), (19, 65), (19, 66), (19, 67), (19, 68), (19, 69), (19, 70), (18, 70), (17, 70), (16, 70), (15, 70), (14, 70), (14, 71), (14, 72), (14, 73), (14, 74), (14, 75), (14, 76), (13, 76), (12, 76), (11, 76), (10, 76), (9, 76), (9, 75), (9, 74), (9, 73), (9, 72), (9, 71), (9, 71)], 3: [(41, 40), (41, 39), (41, 38), (42, 38), (42, 37), (42, 36), (43, 36), (43, 37), (43, 38), (43, 39), (43, 40), (43, 41), (43, 42), (42, 42), (41, 42), (40, 42), (39, 42), (38, 42), (37, 42), (37, 43), (37, 44), (36, 44), (35, 44), (34, 44), (33, 44), (32, 44), (31, 44), (30, 44), (30, 45), (29, 45), (29, 46), (29, 47), (29, 48), (29, 49), (29, 50), (29, 51), (29, 52), (29, 53), (29, 54), (29, 55), (29, 56), (29, 57), (29, 58), (29, 59), (29, 60), (29, 61), (29, 62), (28, 62), (27, 62), (27, 63), (27, 64), (27, 65), (27, 66), (28, 66), (29, 66), (29, 67), (30, 67), (31, 67), (32, 67), (33, 67), (34, 67), (35, 67), (36, 67), (37, 67), (38, 67), (39, 67), (40, 67), (41, 67), (42, 67), (43, 67), (44, 67), (44, 68), (44, 69), (44, 70), (44, 71), (44, 72), (44, 71), (44, 70), (44, 69), (44, 68), (45, 68), (46, 68), (47, 68), (48, 68), (49, 68), (49, 67), (49, 66), (50, 66), (51, 66), (52, 66), (53, 66), (53, 65), (54, 65), (55, 65), (56, 65), (57, 65), (58, 65), (58, 65)], 4: [(22, 69), (22, 68), (22, 67), (22, 66), (22, 65), (22, 64), (23, 64), (24, 64), (24, 63), (25, 63), (25, 62), (25, 61), (25, 60), (25, 59), (25, 58), (25, 57), (25, 56), (25, 55), (25, 54), (25, 53), (25, 52), (25, 51), (26, 51), (26, 50), (27, 50), (27, 49), (27, 48), (27, 47), (27, 46), (27, 45), (27, 44), (27, 43), (27, 42), (28, 42), (29, 42), (30, 42), (31, 42), (32, 42), (33, 42), (34, 42), (35, 42), (36, 42), (37, 42), (38, 42), (39, 42), (40, 42), (41, 42), (42, 42), (43, 42), (44, 42), (45, 42), (46, 42), (47, 42), (48, 42), (49, 42), (50, 42), (51, 42), (52, 42), (53, 42), (54, 42), (55, 42), (56, 42), (56, 42)]}, 111)