

CBSS-C STATS
starts:[3553, 4178, 375, 3976, 4113, 1274, 2626, 4929, 1272, 3486]
targets:[1311, 5093, 2463, 4652, 2982, 1859, 3470, 509, 815, 4653]
dests:[1457, 2561, 1930, 1132, 2591, 2449, 545, 3738, 1531, 578]
ac_dict:{1311: {0, 1}, 5093: {1, 2}, 2463: {2, 3}, 4652: {3, 4}, 2982: {4, 5}, 1859: {5, 6}, 3470: {6, 7}, 509: {8, 7}, 815: {8, 9}, 1457: {0}, 2561: {1}, 1930: {2}, 1132: {3}, 2591: {4}, 2449: {5}, 545: {6}, 3738: {7}, 1531: {8}, 578: {9}}
clusters:[4 1 1 3 4 3 0 4 1 2]

round: 5
best_g_value: 518.0
open_list_size: 4
num_low_level_expanded: 4595
search_success: 1
search_time: 3.028619335964322
n_tsp_call: 12
n_tsp_time: 2.143184489104897
n_roots: 1
num_conflicts: 4
target_assignment: {2982: 4, 1859: 5, 815: 9, 4653: 7, 3470: 7}
cluster_target_selection: {4: 2982, 3: 1859, 1: 815, 2: 4653, 0: 3470}
num_nodes_transformed_graph: 48
agent_paths:({0: [(43, 54), (42, 54), (41, 54), (40, 54), (39, 54), (38, 54), (37, 54), (36, 54), (35, 54), (34, 54), (33, 54), (32, 54), (31, 54), (30, 54), (29, 54), (28, 54), (27, 54), (27, 53), (27, 52), (27, 51), (27, 50), (27, 49), (27, 48), (27, 47), (27, 46), (27, 45), (27, 44), (27, 43), (27, 42), (27, 41), (27, 40), (27, 39), (27, 38), (27, 37), (27, 36), (27, 35), (27, 34), (27, 33), (27, 32), (27, 31), (27, 30), (27, 29), (27, 28), (27, 27), (27, 26), (27, 25), (27, 24), (27, 23), (27, 22), (27, 22)], 1: [(18, 64), (18, 63), (18, 62), (18, 61), (18, 60), (18, 59), (18, 58), (18, 57), (18, 56), (18, 55), (18, 54), (19, 54), (20, 54), (21, 54), (22, 54), (22, 53), (23, 53), (24, 53), (24, 52), (24, 51), (25, 51), (26, 51), (26, 50), (27, 50), (27, 49), (27, 48), (27, 47), (27, 46), (27, 45), (26, 45), (26, 44), (26, 43), (26, 42), (26, 41), (26, 40), (26, 39), (26, 39)], 2: [(50, 5), (50, 6), (50, 7), (50, 8), (50, 9), (49, 9), (49, 10), (48, 10), (47, 10), (46, 10), (45, 10), (45, 11), (45, 12), (45, 13), (44, 13), (43, 13), (42, 13), (41, 13), (40, 13), (39, 13), (38, 13), (37, 13), (36, 13), (35, 13), (34, 13), (33, 13), (32, 13), (31, 13), (30, 13), (29, 13), (29, 14), (28, 14), (27, 14), (27, 15), (27, 16), (27, 17), (27, 18), (27, 19), (27, 20), (27, 21), (27, 22), (27, 23), (27, 24), (28, 24), (28, 25), (28, 26), (29, 26), (29, 27), (30, 27), (31, 27), (32, 27), (33, 27), (34, 27), (35, 27), (36, 27), (37, 27), (38, 27), (39, 27), (40, 27), (41, 27), (42, 27), (43, 27), (44, 27), (45, 27), (45, 28), (45, 29), (45, 29)], 3: [(11, 61), (11, 60), (11, 59), (11, 58), (11, 57), (11, 56), (11, 55), (11, 54), (12, 54), (13, 54), (14, 54), (15, 54), (16, 54), (17, 54), (18, 54), (19, 54), (20, 54), (21, 54), (22, 54), (22, 53), (23, 53), (24, 53), (24, 52), (24, 51), (25, 51), (26, 51), (26, 50), (27, 50), (27, 49), (27, 48), (27, 47), (27, 46), (27, 45), (27, 44), (27, 43), (27, 42), (27, 41), (27, 40), (27, 39), (27, 38), (27, 37), (27, 36), (27, 35), (27, 34), (27, 33), (27, 32), (27, 31), (27, 30), (27, 29), (27, 28), (27, 27), (27, 26), (27, 25), (27, 24), (27, 23), (26, 23), (26, 22), (26, 21), (26, 20), (26, 19), (26, 18), (26, 17), (27, 17), (27, 17)], 4: [(18, 63), (18, 62), (18, 61), (18, 60), (18, 59), (18, 58), (18, 57), (18, 56), (18, 55), (18, 54), (19, 54), (20, 54), (21, 54), (22, 54), (22, 53), (23, 53), (24, 53), (24, 52), (24, 51), (25, 51), (26, 51), (26, 50), (27, 50), (27, 49), (27, 48), (27, 47), (27, 46), (27, 45), (28, 45), (29, 45), (30, 45), (30, 44), (31, 44), (32, 44), (33, 44), (34, 44), (35, 44), (36, 44), (37, 44), (37, 43), (37, 42), (38, 42), (39, 42), (40, 42), (41, 42), (42, 42), (43, 42), (44, 42), (45, 42), (46, 42), (47, 42), (48, 42), (49, 42), (50, 42), (51, 42), (52, 42), (53, 42), (54, 42), (55, 42), (56, 42), (57, 42), (57, 43), (57, 44), (57, 45), (56, 45), (56, 44), (56, 43), (56, 42), (56, 41), (56, 40), (56, 39), (56, 39)], 5: [(39, 19), (39, 20), (39, 21), (39, 22), (39, 23), (38, 23), (38, 24), (38, 25), (38, 26), (38, 27), (39, 27), (39, 28), (39, 29), (38, 29), (37, 29), (36, 29), (35, 29), (34, 29), (33, 29), (32, 29), (31, 29), (30, 29), (29, 29), (29, 30), (29, 31), (29, 32), (29, 33), (29, 34), (29, 35), (30, 35), (31, 35), (32, 35), (33, 35), (34, 35), (34, 36), (34, 37), (35, 37), (36, 37), (37, 37), (38, 37), (38, 38), (39, 38), (40, 38), (41, 38), (42, 38), (42, 37), (43, 37), (44, 37), (44, 37)], 6: [(26, 40), (25, 40), (25, 39), (25, 38), (25, 37), (25, 36), (25, 35), (25, 34), (25, 33), (25, 32), (25, 31), (25, 30), (25, 29), (25, 28), (25, 27), (25, 26), (25, 25), (25, 24), (25, 23), (25, 22), (25, 21), (25, 20), (25, 19), (25, 18), (25, 17), (25, 16), (25, 15), (25, 14), (25, 13), (25, 12), (25, 11), (25, 10), (25, 9), (25, 8), (25, 8)], 7: [(54, 75), (53, 75), (52, 75), (51, 75), (50, 75), (49, 75), (48, 75), (47, 75), (46, 75), (45, 75), (44, 75), (43, 75), (42, 75), (41, 75), (40, 75), (39, 75), (38, 75), (38, 74), (38, 73), (38, 72), (38, 71), (37, 71), (36, 71), (35, 71), (34, 71), (34, 70), (34, 69), (33, 69), (32, 69), (31, 69), (30, 69), (29, 69), (28, 69), (27, 69), (26, 69), (25, 69), (25, 68), (25, 67), (25, 66), (25, 65), (25, 64), (25, 63), (25, 62), (25, 61), (25, 60), (25, 59), (25, 58), (25, 57), (25, 56), (25, 55), (25, 54), (25, 53), (26, 53), (27, 53), (28, 53), (29, 53), (30, 53), (31, 53), (32, 53), (33, 53), (33, 54), (33, 55), (33, 56), (33, 57), (33, 57)], 8: [(37, 19), (36, 19), (36, 20), (36, 21), (36, 22), (36, 23), (36, 23)], 9: [(41, 53), (40, 53), (39, 53), (38, 53), (37, 53), (36, 53), (35, 53), (34, 53), (33, 53), (33, 52), (33, 51), (32, 51), (31, 51), (30, 51), (30, 50), (29, 50), (29, 49), (29, 48), (29, 47), (29, 46), (29, 45), (29, 44), (29, 43), (29, 42), (29, 41), (29, 40), (29, 39), (29, 38), (29, 37), (29, 36), (29, 35), (29, 34), (29, 33), (29, 32), (29, 31), (29, 30), (29, 29), (29, 28), (29, 27), (29, 26), (28, 26), (28, 25), (28, 24), (28, 23), (28, 22), (28, 21), (28, 20), (28, 19), (28, 18), (27, 18), (27, 17), (27, 16), (27, 15), (27, 14), (27, 13), (27, 12), (28, 12), (29, 12), (30, 12), (31, 12), (32, 12), (33, 12), (34, 12), (35, 12), (35, 11), (35, 10), (36, 10), (37, 10), (38, 10), (39, 10), (40, 10), (41, 10), (42, 10), (43, 10), (44, 10), (45, 10), (46, 10), (47, 10), (48, 10), (49, 10), (49, 9), (50, 9), (50, 8), (51, 8), (52, 8), (53, 8), (54, 8), (55, 8), (56, 8), (57, 8), (58, 8), (58, 8)]}, 90)