

CBSS-C STATS
starts:[881, 4041, 1061, 1501, 2431]
targets:[3830, 2954, 510, 413, 3498, 4852, 3588, 3814, 4921, 2456, 5092, 1117, 2983, 1930, 1840, 1378, 4671, 4524, 3589, 3993]
dests:[5131, 4105, 3388, 1419, 2960]
ac_dict:{3830: {0, 1}, 2954: {1, 2}, 510: {2, 3}, 413: {3, 4}, 5131: {0}, 4105: {1}, 3388: {2}, 1419: {3}, 2960: {4}}
clusters:[7 6 0 5 0 5 5 8 7 7 9 3 0 9 2 0 4 5 1 0]

round: 1
best_g_value: 314.0
open_list_size: 0
num_low_level_expanded: 1456
search_success: 1
search_time: 1.6468270369805396
n_tsp_call: 1
n_tsp_time: 1.585366802290082
n_roots: 1
num_conflicts: 0
target_assignment: {3814: 0, 4524: 0, 4921: 0, 4671: 0, 2954: 2, 3589: 2, 1117: 3, 1378: 3, 1840: 3, 1930: 3}
cluster_target_selection: {8: 3814, 5: 4524, 7: 4921, 4: 4671, 6: 2954, 1: 3589, 3: 1117, 0: 1378, 2: 1840, 9: 1930}
num_nodes_transformed_graph: 98
agent_paths:({0: [(36, 13), (35, 13), (34, 13), (33, 13), (32, 13), (31, 13), (30, 13), (29, 13), (29, 14), (28, 14), (27, 14), (27, 15), (27, 16), (27, 17), (27, 18), (28, 18), (28, 19), (28, 20), (28, 21), (28, 22), (28, 23), (28, 24), (28, 25), (28, 26), (29, 26), (29, 27), (29, 28), (29, 29), (29, 30), (29, 31), (29, 32), (29, 33), (29, 34), (29, 35), (29, 36), (29, 37), (29, 38), (29, 39), (29, 40), (29, 41), (29, 42), (29, 43), (29, 44), (29, 45), (29, 46), (29, 47), (29, 48), (29, 49), (29, 50), (30, 50), (30, 51), (31, 51), (32, 51), (33, 51), (33, 52), (33, 53), (34, 53), (35, 53), (36, 53), (37, 53), (38, 53), (39, 53), (40, 53), (41, 53), (42, 53), (43, 53), (44, 53), (44, 54), (44, 55), (44, 56), (44, 57), (44, 58), (43, 58), (42, 58), (41, 58), (40, 58), (39, 58), (38, 58), (37, 58), (36, 58), (35, 58), (34, 58), (33, 58), (33, 59), (33, 60), (33, 61), (32, 61), (31, 61), (30, 61), (29, 61), (29, 62), (28, 62), (27, 62), (27, 63), (27, 64), (27, 65), (27, 66), (28, 66), (29, 66), (29, 67), (30, 67), (31, 67), (32, 67), (33, 67), (34, 67), (35, 67), (36, 67), (37, 67), (38, 67), (39, 67), (39, 68), (39, 69), (40, 69), (41, 69), (42, 69), (43, 69), (44, 69), (45, 69), (46, 69), (46, 70), (46, 71), (46, 72), (46, 73), (46, 74), (46, 75), (46, 74), (46, 73), (46, 72), (46, 71), (47, 71), (48, 71), (49, 71), (50, 71), (51, 71), (52, 71), (53, 71), (54, 71), (55, 71), (56, 71), (57, 71), (58, 71), (59, 71), (60, 71), (61, 71), (61, 72), (61, 73), (61, 74), (61, 75), (61, 76), (61, 77), (61, 78), (61, 78)], 1: [(11, 62), (10, 62), (10, 63), (10, 63)], 2: [(21, 16), (22, 16), (23, 16), (24, 16), (25, 16), (26, 16), (27, 16), (27, 17), (27, 18), (28, 18), (28, 19), (28, 20), (28, 21), (28, 22), (28, 23), (28, 24), (28, 25), (28, 26), (29, 26), (29, 27), (29, 28), (29, 29), (29, 30), (29, 31), (29, 32), (29, 33), (29, 34), (29, 35), (29, 36), (29, 37), (29, 38), (29, 39), (29, 40), (29, 41), (29, 42), (29, 43), (29, 44), (29, 45), (28, 45), (27, 45), (27, 46), (27, 47), (27, 48), (27, 49), (27, 50), (26, 50), (26, 51), (25, 51), (24, 51), (24, 52), (24, 53), (23, 53), (22, 53), (22, 54), (21, 54), (20, 54), (19, 54), (18, 54), (17, 54), (16, 54), (15, 54), (14, 54), (14, 55), (13, 55), (12, 55), (11, 55), (10, 55), (9, 55), (8, 55), (8, 54), (8, 53), (8, 52), (8, 52)], 3: [(6, 23), (6, 22), (6, 21), (6, 20), (7, 20), (8, 20), (9, 20), (9, 19), (9, 18), (9, 17), (10, 17), (11, 17), (12, 17), (12, 18), (12, 19), (13, 19), (13, 20), (13, 21), (14, 21), (15, 21), (16, 21), (17, 21), (18, 21), (19, 21), (20, 21), (20, 22), (20, 23), (20, 24), (20, 25), (20, 26), (20, 27), (20, 28), (21, 28), (22, 28), (23, 28), (24, 28), (25, 28), (26, 28), (27, 28), (28, 28), (29, 28), (30, 28), (31, 28), (32, 28), (33, 28), (34, 28), (35, 28), (36, 28), (37, 28), (38, 28), (39, 28), (40, 28), (41, 28), (42, 28), (43, 28), (44, 28), (45, 28), (45, 29), (45, 28), (45, 27), (46, 27), (47, 27), (48, 27), (49, 27), (50, 27), (51, 27), (51, 26), (51, 25), (51, 24), (51, 23), (51, 22), (51, 21), (52, 21), (53, 21), (54, 21), (54, 21)], 4: [(26, 37), (27, 37), (28, 37), (29, 37), (30, 37), (31, 37), (32, 37), (33, 37), (34, 37), (35, 37), (35, 38), (35, 39), (35, 40), (35, 41), (35, 42), (35, 43), (35, 44), (35, 45), (35, 45)]}, 150)