

CBSS-C STATS
starts:[2363, 1387, 4034, 479, 2511, 4868, 314, 3774, 4119, 2825]
targets:[4331, 375, 2768, 4850, 2694, 1182, 4466, 818, 3930, 1709]
dests:[1325, 3674, 3825, 2779, 3992, 1805, 702, 4429, 3407, 3450]
ac_dict:{4331: {0, 1}, 375: {1, 2}, 2768: {2, 3}, 4850: {3, 4}, 2694: {4, 5}, 1182: {5, 6}, 4466: {6, 7}, 818: {8, 7}, 3930: {8, 9}, 1325: {0}, 3674: {1}, 3825: {2}, 2779: {3}, 3992: {4}, 1805: {5}, 702: {6}, 4429: {7}, 3407: {8}, 3450: {9}}
clusters:[4 4 0 0 1 3 3 2 3 1]

round: 9
best_g_value: 612.0
open_list_size: 8
num_low_level_expanded: 12540
search_success: 1
search_time: 2.2321308609098196
n_tsp_call: 14
n_tsp_time: 1.4572548642754555
n_roots: 1
num_conflicts: 8
target_assignment: {2694: 4, 2768: 2, 4331: 1, 3930: 8, 818: 8}
cluster_target_selection: {1: 2694, 0: 2768, 4: 4331, 3: 3930, 2: 818}
num_nodes_transformed_graph: 34
agent_paths:({0: [(23, 36), (23, 35), (23, 34), (23, 33), (23, 32), (23, 31), (23, 30), (23, 29), (23, 28), (23, 27), (23, 26), (23, 25), (23, 24), (23, 23), (23, 22), (23, 21), (23, 20), (24, 20), (25, 20), (25, 20)], 1: [(22, 21), (23, 21), (24, 21), (25, 21), (26, 21), (27, 21), (28, 21), (28, 22), (28, 23), (28, 24), (28, 25), (28, 26), (28, 27), (28, 28), (28, 29), (28, 30), (28, 31), (28, 32), (28, 33), (28, 34), (28, 35), (28, 36), (28, 37), (28, 38), (28, 39), (28, 40), (28, 41), (28, 42), (28, 43), (28, 44), (28, 45), (28, 46), (28, 47), (28, 48), (28, 49), (28, 50), (28, 51), (28, 52), (28, 53), (28, 54), (28, 55), (28, 56), (28, 57), (28, 58), (28, 59), (28, 60), (28, 61), (28, 62), (27, 62), (27, 63), (27, 64), (27, 65), (27, 66), (28, 66), (29, 66), (29, 67), (30, 67), (31, 67), (32, 67), (33, 67), (34, 67), (34, 66), (35, 66), (36, 66), (37, 66), (38, 66), (39, 66), (40, 66), (41, 66), (40, 66), (39, 66), (38, 66), (37, 66), (36, 66), (35, 66), (34, 66), (34, 67), (33, 67), (32, 67), (31, 67), (30, 67), (29, 67), (29, 66), (28, 66), (27, 66), (27, 65), (27, 64), (27, 63), (27, 62), (28, 62), (28, 61), (28, 60), (28, 59), (28, 58), (28, 57), (28, 56), (29, 56), (30, 56), (31, 56), (32, 56), (33, 56), (34, 56), (34, 56)], 2: [(4, 62), (5, 62), (6, 62), (7, 62), (8, 62), (8, 61), (9, 61), (10, 61), (10, 60), (10, 59), (10, 58), (10, 57), (10, 56), (10, 55), (11, 55), (12, 55), (13, 55), (14, 55), (15, 55), (16, 55), (17, 55), (18, 55), (19, 55), (19, 54), (20, 54), (21, 54), (22, 54), (22, 53), (23, 53), (24, 53), (24, 52), (24, 51), (25, 51), (26, 51), (26, 50), (27, 50), (27, 49), (27, 48), (27, 47), (27, 46), (27, 45), (27, 44), (27, 43), (27, 42), (28, 42), (29, 42), (30, 42), (31, 42), (32, 42), (33, 42), (34, 42), (35, 42), (36, 42), (37, 42), (38, 42), (39, 42), (40, 42), (41, 42), (42, 42), (43, 42), (44, 42), (45, 42), (46, 42), (47, 42), (48, 42), (48, 43), (49, 43), (50, 43), (51, 43), (52, 43), (53, 43), (53, 44), (53, 45), (53, 46), (53, 47), (53, 48), (53, 49), (53, 50), (54, 50), (55, 50), (55, 51), (55, 52), (55, 53), (55, 54), (55, 55), (55, 56), (55, 57), (55, 58), (55, 58)], 3: [(24, 7), (25, 7), (26, 7), (27, 7), (27, 8), (27, 9), (27, 10), (27, 11), (27, 12), (27, 13), (27, 14), (27, 15), (27, 16), (27, 17), (27, 18), (28, 18), (28, 19), (28, 20), (28, 21), (28, 22), (28, 23), (28, 24), (28, 25), (28, 26), (29, 26), (29, 27), (29, 28), (29, 29), (29, 30), (29, 31), (29, 32), (29, 33), (29, 34), (29, 35), (30, 35), (31, 35), (32, 35), (33, 35), (34, 35), (34, 36), (34, 37), (35, 37), (36, 37), (37, 37), (38, 37), (38, 38), (39, 38), (40, 38), (41, 38), (42, 38), (43, 38), (44, 38), (45, 38), (46, 38), (47, 38), (48, 38), (49, 38), (49, 39), (49, 40), (49, 41), (49, 42), (49, 42)], 4: [(41, 38), (40, 38), (39, 38), (38, 38), (37, 38), (36, 38), (35, 38), (34, 38), (33, 38), (32, 38), (31, 38), (30, 38), (29, 38), (29, 39), (29, 40), (29, 41), (28, 41), (27, 41), (27, 42), (27, 43), (27, 44), (27, 45), (27, 46), (27, 47), (27, 48), (27, 49), (27, 50), (27, 51), (27, 52), (27, 53), (27, 54), (27, 55), (27, 56), (27, 57), (27, 58), (27, 59), (27, 60), (27, 61), (27, 61)], 5: [(58, 74), (57, 74), (56, 74), (55, 74), (54, 74), (53, 74), (52, 74), (51, 74), (50, 74), (50, 73), (50, 72), (50, 71), (50, 70), (50, 69), (50, 68), (50, 67), (49, 67), (48, 67), (47, 67), (46, 67), (45, 67), (44, 67), (43, 67), (42, 67), (41, 67), (40, 67), (39, 67), (38, 67), (37, 67), (36, 67), (35, 67), (34, 67), (33, 67), (32, 67), (31, 67), (30, 67), (29, 67), (29, 66), (28, 66), (27, 66), (27, 65), (27, 64), (27, 63), (27, 62), (28, 62), (29, 62), (29, 61), (29, 60), (29, 59), (29, 58), (29, 57), (29, 56), (29, 55), (29, 54), (29, 53), (29, 52), (29, 51), (29, 50), (29, 49), (29, 48), (29, 47), (29, 46), (29, 45), (29, 44), (29, 43), (29, 42), (29, 41), (29, 40), (29, 39), (29, 38), (29, 37), (29, 36), (29, 35), (29, 34), (29, 33), (29, 32), (29, 31), (29, 30), (29, 29), (29, 28), (29, 27), (30, 27), (31, 27), (32, 27), (33, 27), (34, 27), (35, 27), (36, 27), (37, 27), (38, 27), (39, 27), (40, 27), (41, 27), (42, 27), (43, 27), (44, 27), (45, 27), (46, 27), (47, 27), (48, 27), (49, 27), (50, 27), (50, 27)], 6: [(54, 4), (53, 4), (52, 4), (52, 5), (52, 6), (52, 7), (52, 8), (52, 9), (52, 10), (52, 10)], 7: [(4, 58), (4, 59), (4, 60), (4, 61), (4, 62), (5, 62), (6, 62), (7, 62), (8, 62), (9, 62), (9, 63), (10, 63), (11, 63), (12, 63), (13, 63), (14, 63), (14, 64), (14, 65), (14, 66), (14, 67), (14, 68), (14, 69), (14, 70), (14, 71), (14, 72), (14, 73), (14, 74), (14, 75), (14, 76), (13, 76), (12, 76), (11, 76), (10, 76), (9, 76), (9, 75), (9, 74), (9, 73), (9, 72), (9, 71), (9, 70), (9, 69), (9, 68), (9, 68)], 8: [(24, 63), (25, 63), (25, 62), (25, 61), (25, 60), (26, 60), (27, 60), (28, 60), (29, 60), (30, 60), (30, 59), (30, 58), (30, 57), (30, 56), (30, 55), (30, 54), (30, 53), (30, 52), (30, 51), (30, 50), (29, 50), (29, 49), (29, 48), (29, 47), (29, 46), (29, 45), (29, 44), (29, 43), (29, 42), (29, 41), (29, 40), (29, 39), (29, 38), (29, 37), (29, 36), (29, 35), (29, 34), (29, 33), (29, 32), (29, 31), (29, 30), (29, 29), (29, 28), (29, 27), (29, 26), (28, 26), (28, 25), (28, 24), (28, 23), (28, 22), (28, 21), (28, 20), (28, 19), (28, 18), (27, 18), (27, 17), (27, 16), (27, 15), (27, 14), (27, 13), (27, 12), (28, 12), (29, 12), (30, 12), (31, 12), (32, 12), (33, 12), (34, 12), (35, 12), (36, 12), (37, 12), (38, 12), (37, 12), (36, 12), (35, 12), (34, 12), (33, 12), (32, 12), (31, 12), (30, 12), (29, 12), (28, 12), (27, 12), (27, 13), (27, 14), (27, 15), (27, 16), (27, 17), (27, 18), (27, 19), (27, 20), (27, 21), (27, 22), (27, 23), (27, 24), (27, 25), (27, 26), (27, 27), (27, 28), (27, 29), (27, 30), (27, 31), (27, 32), (27, 33), (27, 34), (27, 35), (27, 36), (27, 37), (27, 38), (27, 39), (27, 40), (27, 41), (27, 42), (27, 43), (27, 44), (27, 45), (27, 46), (27, 47), (27, 48), (27, 49), (27, 50), (27, 51), (27, 52), (27, 52)], 9: [(30, 43), (29, 43), (28, 43), (27, 43), (27, 44), (27, 45), (27, 46), (27, 47), (27, 48), (27, 49), (27, 50), (26, 50), (26, 51), (25, 51), (24, 51), (24, 52), (24, 53), (23, 53), (22, 53), (22, 54), (21, 54), (20, 54), (19, 54), (18, 54), (17, 54), (16, 54), (15, 54), (14, 54), (13, 54), (12, 54), (11, 54), (10, 54), (9, 54), (8, 54), (7, 54), (6, 54), (5, 54), (5, 53), (5, 53)]}, 122)