

CBSS-C STATS
starts:[4622, 2567, 2847, 3469, 1327]
targets:[1595, 4989, 3529, 4557, 348, 834, 4369, 4555, 4018, 2880, 4038, 2632, 1288, 1125, 1660, 545, 334, 5063, 3760, 2660]
dests:[4178, 4731, 1712, 413, 2639]
ac_dict:{1595: {0, 1}, 4989: {1, 2}, 3529: {2, 3}, 4557: {3, 4}, 4178: {0}, 4731: {1}, 1712: {2}, 413: {3}, 2639: {4}}
clusters:[8 3 9 2 0 6 4 8 9 0 5 7 6 9 5 3 0 1 8 2]

round: 2
best_g_value: 353.0
open_list_size: 1
num_low_level_expanded: 2432
search_success: 1
search_time: 0.7460730979219079
n_tsp_call: 1
n_tsp_time: 0.6494577708654106
n_roots: 1
num_conflicts: 1
target_assignment: {4555: 0, 4369: 0, 3529: 3, 834: 3, 348: 3, 2660: 2, 1660: 2, 4989: 1, 5063: 1, 2632: 4}
cluster_target_selection: {8: 4555, 4: 4369, 9: 3529, 6: 834, 0: 348, 2: 2660, 5: 1660, 3: 4989, 1: 5063, 7: 2632}
num_nodes_transformed_graph: 53
agent_paths:({0: [(7, 71), (6, 71), (5, 71), (5, 70), (6, 70), (7, 70), (8, 70), (9, 70), (9, 71), (9, 72), (9, 73), (9, 74), (9, 75), (9, 76), (10, 76), (11, 76), (12, 76), (13, 76), (14, 76), (14, 75), (14, 74), (14, 73), (14, 72), (14, 71), (14, 70), (14, 69), (14, 68), (14, 67), (14, 66), (14, 65), (14, 64), (15, 64), (16, 64), (17, 64), (18, 64), (18, 64)], 1: [(32, 39), (32, 40), (32, 41), (32, 42), (32, 43), (32, 44), (31, 44), (30, 44), (30, 45), (29, 45), (29, 46), (29, 47), (29, 48), (29, 49), (29, 50), (29, 51), (29, 52), (29, 53), (29, 54), (29, 55), (29, 56), (29, 57), (29, 58), (29, 59), (29, 60), (29, 61), (29, 62), (28, 62), (27, 62), (27, 63), (27, 64), (27, 65), (27, 66), (28, 66), (29, 66), (29, 67), (30, 67), (31, 67), (32, 67), (33, 67), (34, 67), (35, 67), (36, 67), (37, 67), (38, 67), (39, 67), (40, 67), (41, 67), (42, 67), (43, 67), (44, 67), (45, 67), (46, 67), (47, 67), (48, 67), (49, 67), (49, 68), (49, 69), (49, 70), (49, 71), (49, 72), (49, 73), (49, 74), (49, 75), (49, 76), (50, 76), (51, 76), (52, 76), (53, 76), (54, 76), (55, 76), (56, 76), (57, 76), (58, 76), (58, 77), (58, 76), (57, 76), (56, 76), (55, 76), (54, 76), (53, 76), (52, 76), (51, 76), (51, 75), (51, 74), (51, 73), (51, 72), (51, 72)], 2: [(52, 43), (52, 42), (52, 41), (52, 40), (53, 40), (54, 40), (55, 40), (56, 40), (57, 40), (58, 40), (59, 40), (60, 40), (59, 40), (58, 40), (57, 40), (56, 40), (55, 40), (54, 40), (53, 40), (52, 40), (51, 40), (50, 40), (49, 40), (48, 40), (47, 40), (46, 40), (45, 40), (44, 40), (43, 40), (42, 40), (41, 40), (40, 40), (40, 39), (39, 39), (38, 39), (37, 39), (36, 39), (35, 39), (35, 38), (35, 37), (34, 37), (34, 36), (34, 35), (33, 35), (32, 35), (31, 35), (30, 35), (29, 35), (29, 34), (29, 33), (29, 32), (29, 31), (29, 30), (29, 29), (29, 28), (29, 27), (30, 27), (31, 27), (32, 27), (33, 27), (34, 27), (34, 26), (35, 26), (35, 25), (35, 26), (34, 26), (34, 27), (33, 27), (32, 27), (31, 27), (30, 27), (29, 27), (28, 27), (27, 27), (26, 27), (25, 27), (24, 27), (23, 27), (22, 27), (22, 26), (22, 26)], 3: [(24, 53), (23, 53), (22, 53), (22, 54), (21, 54), (20, 54), (19, 54), (20, 54), (21, 54), (22, 54), (22, 53), (23, 53), (24, 53), (24, 52), (24, 51), (25, 51), (26, 51), (26, 50), (27, 50), (27, 49), (27, 48), (27, 47), (27, 46), (27, 45), (27, 44), (27, 43), (27, 42), (27, 41), (27, 40), (27, 39), (27, 38), (27, 37), (27, 36), (27, 35), (27, 34), (27, 33), (27, 32), (27, 31), (27, 30), (27, 29), (27, 28), (27, 27), (27, 26), (27, 25), (27, 24), (27, 23), (27, 22), (27, 21), (27, 20), (27, 19), (27, 18), (27, 17), (27, 16), (27, 15), (27, 14), (27, 13), (27, 12), (28, 12), (29, 12), (30, 12), (31, 12), (32, 12), (33, 12), (34, 12), (35, 12), (36, 12), (37, 12), (38, 12), (39, 12), (40, 12), (41, 12), (42, 12), (43, 12), (44, 12), (45, 12), (46, 12), (47, 12), (48, 12), (49, 12), (50, 12), (51, 12), (52, 12), (53, 12), (54, 12), (53, 12), (52, 12), (51, 12), (50, 12), (49, 12), (48, 12), (47, 12), (46, 12), (45, 12), (44, 12), (43, 12), (42, 12), (41, 12), (40, 12), (39, 12), (38, 12), (37, 12), (36, 12), (35, 12), (34, 12), (33, 12), (32, 12), (31, 12), (30, 12), (29, 12), (28, 12), (27, 12), (26, 12), (25, 12), (24, 12), (23, 12), (23, 11), (23, 10), (23, 9), (23, 8), (23, 7), (23, 6), (23, 5), (23, 6), (23, 6)], 4: [(27, 20), (28, 20), (28, 21), (28, 22), (28, 23), (28, 24), (28, 25), (28, 26), (29, 26), (29, 27), (29, 28), (29, 29), (29, 30), (29, 31), (29, 32), (29, 33), (29, 34), (29, 35), (30, 35), (31, 35), (32, 35), (32, 36), (32, 37), (32, 38), (32, 39), (32, 40), (33, 40), (34, 40), (35, 40), (36, 40), (37, 40), (38, 40), (39, 40), (39, 40)]}, 122)