

CBSS-C STATS
starts:[1917, 4502, 4609, 728, 3911, 5069, 4462, 936, 3671, 1586]
targets:[1853, 5018, 1191, 2360, 2238, 2577, 271, 3522, 4846, 3642]
dests:[3582, 2000, 2979, 720, 4802, 444, 2173, 1996, 4927, 1507]
ac_dict:{1853: {0, 1}, 5018: {1, 2}, 1191: {2, 3}, 2360: {3, 4}, 2238: {4, 5}, 2577: {5, 6}, 271: {6, 7}, 3522: {8, 7}, 4846: {8, 9}, 3582: {0}, 2000: {1}, 2979: {2}, 720: {3}, 4802: {4}, 444: {5}, 2173: {6}, 1996: {7}, 4927: {8}, 1507: {9}}
clusters:[2 1 3 1 3 4 4 0 4 4]

round: 22
best_g_value: 633.0
open_list_size: 21
num_low_level_expanded: 32095
search_success: 1
search_time: 1.763702574186027
n_tsp_call: 1
n_tsp_time: 0.21111445594578981
n_roots: 1
num_conflicts: 21
target_assignment: {5018: 1, 1853: 1, 2238: 5, 3522: 8, 4846: 8}
cluster_target_selection: {1: 5018, 2: 1853, 3: 2238, 0: 3522, 4: 4846}
num_nodes_transformed_graph: 48
agent_paths:({0: [(32, 29), (31, 29), (30, 29), (29, 29), (28, 29), (27, 29), (27, 30), (27, 31), (27, 32), (27, 33), (27, 34), (27, 35), (27, 36), (27, 37), (27, 38), (27, 39), (27, 40), (27, 41), (27, 42), (27, 43), (27, 44), (27, 45), (27, 46), (27, 47), (27, 48), (27, 49), (27, 50), (26, 50), (26, 51), (25, 51), (24, 51), (24, 52), (24, 53), (23, 53), (22, 53), (22, 54), (21, 54), (20, 54), (19, 54), (19, 55), (18, 55), (17, 55), (16, 55), (15, 55), (14, 55), (13, 55), (12, 55), (11, 55), (10, 55), (9, 55), (8, 55), (7, 55), (7, 55)], 1: [(17, 69), (16, 69), (15, 69), (14, 69), (14, 70), (14, 71), (14, 72), (14, 73), (14, 74), (14, 75), (14, 76), (13, 76), (13, 77), (13, 76), (14, 76), (14, 75), (14, 74), (14, 73), (14, 72), (14, 71), (14, 70), (14, 69), (14, 68), (14, 67), (14, 66), (14, 65), (14, 64), (14, 63), (14, 62), (15, 62), (16, 62), (17, 62), (17, 61), (17, 60), (17, 59), (17, 58), (17, 57), (17, 56), (17, 55), (17, 54), (18, 54), (19, 54), (20, 54), (21, 54), (22, 54), (22, 53), (23, 53), (24, 53), (24, 52), (24, 51), (25, 51), (26, 51), (26, 50), (27, 50), (27, 49), (27, 48), (27, 47), (27, 46), (27, 45), (27, 44), (27, 43), (27, 42), (27, 41), (27, 40), (27, 39), (27, 38), (27, 37), (27, 36), (27, 35), (27, 34), (27, 33), (27, 32), (27, 31), (27, 30), (27, 29), (27, 28), (28, 28), (29, 28), (30, 28), (31, 28), (32, 28), (33, 28), (34, 28), (35, 28), (36, 28), (37, 28), (38, 28), (39, 28), (40, 28), (41, 28), (42, 28), (43, 28), (44, 28), (45, 28), (46, 28), (47, 28), (48, 28), (49, 28), (50, 28), (50, 29), (50, 30), (50, 30)], 2: [(59, 70), (58, 70), (57, 70), (56, 70), (55, 70), (54, 70), (54, 69), (54, 68), (53, 68), (52, 68), (51, 68), (50, 68), (49, 68), (48, 68), (47, 68), (46, 68), (45, 68), (44, 68), (43, 68), (42, 68), (41, 68), (40, 68), (39, 68), (38, 68), (37, 68), (36, 68), (35, 68), (34, 68), (33, 68), (32, 68), (32, 67), (31, 67), (30, 67), (29, 67), (29, 66), (28, 66), (27, 66), (27, 65), (27, 64), (27, 63), (27, 62), (27, 61), (27, 60), (27, 59), (27, 58), (27, 57), (27, 56), (27, 55), (27, 54), (27, 53), (27, 52), (27, 51), (27, 50), (27, 49), (27, 48), (27, 47), (27, 46), (27, 45), (28, 45), (29, 45), (30, 45), (30, 44), (31, 44), (32, 44), (33, 44), (34, 44), (35, 44), (36, 44), (37, 44), (37, 43), (37, 42), (38, 42), (39, 42), (40, 42), (41, 42), (42, 42), (43, 42), (44, 42), (45, 42), (46, 42), (47, 42), (48, 42), (49, 42), (50, 42), (51, 42), (52, 42), (53, 42), (54, 42), (54, 43), (54, 44), (54, 45), (54, 45)], 3: [(13, 11), (12, 11), (11, 11), (10, 11), (9, 11), (8, 11), (7, 11), (6, 11), (5, 11), (5, 11)], 4: [(11, 60), (12, 60), (12, 61), (13, 61), (14, 61), (14, 62), (15, 62), (16, 62), (17, 62), (18, 62), (19, 62), (19, 63), (20, 63), (21, 63), (21, 64), (22, 64), (23, 64), (24, 64), (25, 64), (26, 64), (27, 64), (27, 65), (27, 66), (28, 66), (29, 66), (29, 67), (30, 67), (31, 67), (32, 67), (33, 67), (34, 67), (35, 67), (36, 67), (37, 67), (38, 67), (39, 67), (40, 67), (41, 67), (42, 67), (43, 67), (44, 67), (45, 67), (46, 67), (47, 67), (48, 67), (49, 67), (50, 67), (51, 67), (52, 67), (53, 67), (54, 67), (55, 67), (56, 67), (57, 67), (57, 68), (57, 69), (57, 70), (57, 71), (57, 72), (57, 73), (57, 73)], 5: [(64, 77), (63, 77), (62, 77), (61, 77), (60, 77), (59, 77), (58, 77), (58, 76), (57, 76), (56, 76), (55, 76), (54, 76), (53, 76), (52, 76), (51, 76), (50, 76), (49, 76), (48, 76), (47, 76), (46, 76), (45, 76), (44, 76), (43, 76), (42, 76), (41, 76), (40, 76), (39, 76), (38, 76), (37, 76), (36, 76), (36, 75), (36, 74), (36, 73), (35, 73), (34, 73), (34, 72), (34, 71), (34, 70), (34, 69), (33, 69), (32, 69), (31, 69), (30, 69), (29, 69), (28, 69), (28, 68), (28, 67), (28, 66), (27, 66), (27, 65), (27, 64), (27, 63), (27, 62), (27, 61), (27, 60), (27, 59), (27, 58), (27, 57), (27, 56), (27, 55), (27, 54), (27, 53), (27, 52), (27, 51), (27, 50), (27, 49), (27, 48), (27, 47), (27, 46), (27, 45), (27, 44), (27, 43), (27, 42), (27, 41), (27, 40), (27, 39), (27, 38), (27, 37), (27, 36), (27, 35), (27, 34), (28, 34), (27, 34), (27, 33), (27, 32), (27, 31), (27, 30), (27, 29), (27, 28), (27, 27), (27, 26), (27, 25), (27, 24), (27, 23), (27, 22), (27, 21), (27, 20), (27, 19), (27, 18), (27, 17), (27, 16), (27, 15), (27, 14), (27, 13), (27, 12), (27, 11), (28, 11), (29, 11), (30, 11), (31, 11), (32, 11), (33, 11), (34, 11), (34, 10), (35, 10), (36, 10), (37, 10), (38, 10), (39, 10), (40, 10), (41, 10), (42, 10), (43, 10), (44, 10), (45, 10), (46, 10), (47, 10), (48, 10), (49, 10), (49, 9), (50, 9), (50, 8), (50, 7), (50, 6), (51, 6), (52, 6), (53, 6), (54, 6), (54, 6)], 6: [(42, 68), (41, 68), (40, 68), (39, 68), (38, 68), (37, 68), (36, 68), (35, 68), (34, 68), (33, 68), (32, 68), (31, 68), (30, 68), (29, 68), (28, 68), (28, 67), (28, 66), (27, 66), (27, 65), (27, 64), (27, 63), (27, 62), (27, 61), (27, 60), (27, 59), (27, 58), (27, 57), (27, 56), (27, 55), (27, 54), (27, 53), (27, 52), (27, 51), (27, 50), (27, 49), (27, 48), (27, 47), (27, 46), (27, 45), (27, 44), (27, 43), (27, 42), (27, 41), (27, 40), (27, 39), (27, 38), (27, 37), (27, 36), (27, 35), (27, 34), (27, 33), (28, 33), (28, 33)], 7: [(26, 14), (27, 14), (27, 15), (27, 16), (27, 17), (27, 18), (28, 18), (28, 19), (28, 20), (28, 21), (28, 22), (28, 23), (28, 24), (28, 25), (28, 26), (29, 26), (29, 27), (30, 27), (31, 27), (32, 27), (33, 27), (34, 27), (35, 27), (36, 27), (37, 27), (38, 27), (39, 27), (40, 27), (41, 27), (42, 27), (43, 27), (44, 27), (45, 27), (46, 27), (46, 28), (46, 29), (46, 30), (46, 30)], 8: [(31, 56), (30, 56), (29, 56), (28, 56), (27, 56), (26, 56), (25, 56), (24, 56), (23, 56), (22, 56), (21, 56), (20, 56), (19, 56), (18, 56), (17, 56), (16, 56), (15, 56), (14, 56), (13, 56), (12, 56), (12, 55), (12, 54), (13, 54), (14, 54), (15, 54), (16, 54), (17, 54), (18, 54), (19, 54), (20, 54), (21, 54), (22, 54), (23, 54), (24, 54), (25, 54), (26, 54), (26, 55), (26, 56), (26, 57), (26, 58), (26, 59), (26, 60), (26, 61), (26, 62), (26, 63), (26, 64), (26, 65), (26, 66), (26, 67), (27, 67), (28, 67), (29, 67), (30, 67), (31, 67), (32, 67), (33, 67), (34, 67), (35, 67), (36, 67), (36, 68), (36, 69), (36, 70), (36, 71), (36, 72), (36, 73), (36, 74), (37, 74), (38, 74), (39, 74), (40, 74), (41, 74), (42, 74), (43, 74), (44, 74), (45, 74), (46, 74), (47, 74), (48, 74), (49, 74), (50, 74), (51, 74), (52, 74), (52, 75), (52, 75)], 9: [(26, 24), (25, 24), (24, 24), (23, 24), (22, 24), (21, 24), (20, 24), (19, 24), (19, 23), (19, 22), (19, 21), (18, 21), (17, 21), (16, 21), (15, 21), (14, 21), (13, 21), (12, 21), (12, 22), (12, 23), (12, 23)]}, 137)