

CBSS-C STATS
starts:[3891, 4948, 1887, 635, 3659]
targets:[1391, 1125, 2756, 4578, 2749, 938, 659, 4651, 2849, 4524]
dests:[135, 1858, 4952, 800, 4664]
ac_dict:{1391: {0, 1}, 1125: {1, 2}, 2756: {2, 3}, 4578: {3, 4}, 135: {0}, 1858: {1}, 4952: {2}, 800: {3}, 4664: {4}}
clusters:[3 2 0 4 0 1 3 2 2 1]

round: 1
best_g_value: 371.0
open_list_size: 0
num_low_level_expanded: 1870
search_success: 1
search_time: 0.34618079382926226
n_tsp_call: 1
n_tsp_time: 0.27676780615001917
n_roots: 1
num_conflicts: 0
target_assignment: {2849: 0, 1391: 0, 4578: 4, 4524: 4, 2749: 2}
cluster_target_selection: {2: 2849, 3: 1391, 4: 4578, 1: 4524, 0: 2749}
num_nodes_transformed_graph: 48
agent_paths:({0: [(56, 59), (55, 59), (54, 59), (54, 58), (54, 57), (54, 56), (54, 55), (54, 54), (54, 53), (54, 52), (54, 51), (54, 50), (53, 50), (53, 49), (53, 48), (53, 47), (53, 46), (53, 45), (53, 44), (53, 43), (54, 43), (53, 43), (52, 43), (51, 43), (50, 43), (49, 43), (48, 43), (47, 43), (47, 42), (46, 42), (45, 42), (44, 42), (43, 42), (42, 42), (41, 42), (40, 42), (39, 42), (38, 42), (37, 42), (36, 42), (35, 42), (34, 42), (33, 42), (32, 42), (31, 42), (30, 42), (29, 42), (28, 42), (27, 42), (26, 42), (26, 41), (26, 40), (26, 39), (26, 38), (26, 37), (26, 36), (26, 35), (26, 34), (26, 33), (26, 32), (26, 31), (26, 30), (26, 29), (26, 28), (26, 27), (26, 26), (26, 25), (26, 24), (26, 23), (26, 22), (26, 21), (25, 21), (24, 21), (23, 21), (22, 21), (21, 21), (20, 21), (19, 21), (18, 21), (17, 21), (16, 21), (15, 21), (14, 21), (13, 21), (12, 21), (11, 21), (10, 21), (9, 21), (9, 20), (9, 19), (9, 18), (9, 17), (9, 16), (9, 15), (8, 15), (7, 15), (6, 15), (5, 15), (5, 14), (5, 13), (5, 12), (5, 11), (5, 10), (5, 9), (5, 8), (5, 7), (5, 6), (5, 5), (5, 4), (5, 3), (5, 2), (5, 2)], 1: [(8, 76), (9, 76), (10, 76), (11, 76), (12, 76), (13, 76), (14, 76), (14, 75), (14, 74), (14, 73), (14, 72), (14, 71), (14, 70), (14, 69), (14, 68), (14, 67), (14, 66), (14, 65), (14, 64), (14, 63), (14, 62), (15, 62), (16, 62), (17, 62), (17, 61), (17, 60), (17, 59), (17, 58), (17, 57), (17, 56), (17, 55), (17, 54), (18, 54), (19, 54), (20, 54), (21, 54), (22, 54), (22, 53), (23, 53), (24, 53), (24, 52), (24, 51), (25, 51), (26, 51), (26, 50), (27, 50), (27, 49), (27, 48), (27, 47), (27, 46), (27, 45), (27, 44), (27, 43), (27, 42), (27, 41), (27, 40), (27, 39), (27, 38), (27, 37), (27, 36), (27, 35), (27, 34), (27, 33), (27, 32), (27, 31), (27, 30), (27, 29), (27, 28), (28, 28), (29, 28), (30, 28), (31, 28), (32, 28), (33, 28), (34, 28), (35, 28), (36, 28), (37, 28), (38, 28), (38, 28)], 2: [(2, 29), (3, 29), (3, 28), (3, 27), (3, 26), (3, 25), (3, 24), (3, 23), (4, 23), (5, 23), (6, 23), (7, 23), (8, 23), (9, 23), (10, 23), (11, 23), (12, 23), (12, 22), (12, 21), (13, 21), (14, 21), (15, 21), (16, 21), (17, 21), (18, 21), (19, 21), (19, 22), (19, 23), (19, 24), (19, 25), (19, 26), (19, 27), (19, 28), (19, 29), (19, 30), (19, 31), (19, 32), (19, 33), (19, 34), (19, 35), (19, 36), (19, 37), (19, 38), (19, 39), (19, 40), (19, 41), (19, 42), (20, 42), (20, 43), (20, 44), (21, 44), (22, 44), (23, 44), (24, 44), (25, 44), (26, 44), (26, 45), (27, 45), (27, 46), (27, 47), (27, 48), (27, 49), (27, 50), (26, 50), (26, 51), (25, 51), (24, 51), (24, 52), (24, 53), (23, 53), (22, 53), (22, 54), (21, 54), (20, 54), (19, 54), (18, 54), (17, 54), (17, 55), (17, 56), (17, 57), (17, 58), (17, 59), (17, 60), (17, 61), (17, 62), (16, 62), (15, 62), (14, 62), (14, 63), (14, 64), (14, 65), (14, 66), (14, 67), (14, 68), (14, 69), (14, 70), (14, 71), (14, 72), (14, 73), (14, 74), (14, 75), (14, 76), (13, 76), (12, 76), (12, 76)], 3: [(50, 9), (49, 9), (49, 10), (48, 10), (47, 10), (46, 10), (45, 10), (44, 10), (43, 10), (42, 10), (41, 10), (40, 10), (39, 10), (38, 10), (37, 10), (36, 10), (35, 10), (34, 10), (34, 11), (33, 11), (32, 11), (31, 11), (30, 11), (29, 11), (28, 11), (27, 11), (26, 11), (25, 11), (24, 11), (23, 11), (22, 11), (21, 11), (20, 11), (20, 12), (20, 12)], 4: [(19, 56), (20, 56), (21, 56), (22, 56), (23, 56), (24, 56), (25, 56), (26, 56), (27, 56), (27, 57), (27, 58), (27, 59), (27, 60), (27, 61), (27, 62), (27, 63), (27, 64), (27, 65), (27, 66), (28, 66), (28, 67), (28, 68), (28, 69), (28, 70), (28, 69), (29, 69), (30, 69), (31, 69), (32, 69), (33, 69), (34, 69), (35, 69), (36, 69), (37, 69), (38, 69), (39, 69), (40, 69), (41, 69), (42, 69), (43, 69), (44, 69), (45, 69), (46, 69), (47, 69), (48, 69), (49, 69), (49, 70), (49, 71), (49, 71)]}, 110)