

CBSS-C STATS
starts:[1311, 4048, 1116, 2790, 2760, 4921, 4794, 892, 4559, 3761]
targets:[2584, 719, 2917, 757, 2643, 4932, 857, 4347, 4829, 2511]
dests:[3911, 1798, 2983, 4623, 2003, 2822, 1312, 3642, 1196, 1925]
ac_dict:{2584: {0, 1}, 719: {1, 2}, 2917: {2, 3}, 757: {3, 4}, 2643: {4, 5}, 4932: {5, 6}, 857: {6, 7}, 4347: {8, 7}, 4829: {8, 9}, 3911: {0}, 1798: {1}, 2983: {2}, 4623: {3}, 2003: {4}, 2822: {5}, 1312: {6}, 3642: {7}, 1196: {8}, 1925: {9}}
clusters:[0 0 1 3 3 3 0 2 3 4]

round: 70
best_g_value: 795.0
open_list_size: 69
num_low_level_expanded: 73603
search_success: 1
search_time: 8.657390307169408
n_tsp_call: 15
n_tsp_time: 2.8515417161397636
n_roots: 1
num_conflicts: 69
target_assignment: {857: 6, 2917: 2, 4829: 8, 4347: 8, 2511: 9}
cluster_target_selection: {0: 857, 1: 2917, 3: 4829, 2: 4347, 4: 2511}
num_nodes_transformed_graph: 48
agent_paths:({0: [(11, 20), (11, 21), (12, 21), (13, 21), (14, 21), (15, 21), (16, 21), (17, 21), (18, 21), (19, 21), (19, 22), (19, 23), (19, 24), (19, 25), (19, 26), (19, 27), (19, 28), (19, 29), (19, 30), (19, 31), (19, 32), (19, 33), (19, 34), (19, 35), (19, 36), (19, 37), (19, 38), (19, 39), (19, 40), (19, 41), (19, 42), (20, 42), (20, 43), (20, 44), (21, 44), (22, 44), (23, 44), (24, 44), (25, 44), (26, 44), (26, 45), (27, 45), (27, 46), (27, 47), (27, 48), (28, 48), (28, 49), (27, 49), (27, 50), (26, 50), (26, 51), (25, 51), (24, 51), (24, 52), (24, 53), (23, 53), (22, 53), (22, 54), (21, 54), (20, 54), (19, 54), (18, 54), (17, 54), (16, 54), (15, 54), (14, 54), (13, 54), (12, 54), (11, 54), (11, 55), (11, 56), (11, 57), (11, 58), (11, 59), (11, 60), (11, 60)], 1: [(18, 62), (18, 61), (18, 60), (18, 59), (18, 58), (18, 57), (18, 56), (18, 55), (18, 54), (19, 54), (20, 54), (21, 54), (22, 54), (22, 53), (23, 53), (24, 53), (24, 52), (24, 51), (25, 51), (26, 51), (26, 50), (27, 50), (27, 49), (27, 48), (27, 47), (27, 46), (27, 45), (27, 44), (27, 43), (27, 42), (27, 41), (27, 40), (27, 39), (27, 38), (27, 37), (27, 36), (27, 35), (27, 34), (27, 33), (28, 33), (28, 32), (28, 31), (28, 30), (28, 29), (28, 28), (28, 27), (29, 27), (30, 27), (31, 27), (32, 27), (33, 27), (34, 27), (35, 27), (36, 27), (37, 27), (38, 27), (39, 27), (40, 27), (41, 27), (42, 27), (43, 27), (43, 27)], 2: [(11, 17), (12, 17), (12, 18), (12, 19), (13, 19), (14, 19), (15, 19), (16, 19), (17, 19), (18, 19), (19, 19), (20, 19), (21, 19), (22, 19), (23, 19), (24, 19), (25, 19), (26, 19), (27, 19), (28, 19), (28, 20), (28, 21), (28, 22), (28, 23), (28, 24), (28, 25), (28, 26), (29, 26), (29, 27), (29, 28), (29, 29), (29, 30), (29, 31), (29, 32), (29, 33), (29, 34), (29, 35), (30, 35), (31, 35), (32, 35), (33, 35), (33, 36), (33, 37), (34, 37), (35, 37), (36, 37), (37, 37), (38, 37), (38, 38), (39, 38), (40, 38), (41, 38), (42, 38), (43, 38), (44, 38), (45, 38), (46, 38), (47, 38), (48, 38), (49, 38), (50, 38), (51, 38), (52, 38), (53, 38), (54, 38), (55, 38), (56, 38), (57, 38), (57, 39), (57, 40), (57, 41), (57, 42), (57, 43), (57, 44), (58, 44), (58, 45), (58, 45)], 3: [(60, 42), (59, 42), (58, 42), (57, 42), (56, 42), (55, 42), (54, 42), (53, 42), (52, 42), (51, 42), (50, 42), (49, 42), (48, 42), (47, 42), (46, 42), (45, 42), (44, 42), (43, 42), (42, 42), (41, 42), (40, 42), (39, 42), (38, 42), (37, 42), (36, 42), (35, 42), (34, 42), (33, 42), (32, 42), (31, 42), (30, 42), (29, 42), (28, 42), (27, 42), (27, 43), (27, 44), (27, 45), (27, 46), (27, 47), (27, 48), (27, 49), (27, 50), (26, 50), (26, 51), (25, 51), (24, 51), (24, 52), (24, 53), (23, 53), (22, 53), (22, 54), (21, 54), (20, 54), (19, 54), (18, 54), (17, 54), (17, 55), (17, 56), (17, 57), (17, 58), (17, 59), (17, 60), (17, 61), (17, 62), (16, 62), (15, 62), (14, 62), (14, 63), (14, 64), (14, 65), (14, 66), (14, 67), (14, 68), (14, 69), (14, 70), (14, 71), (14, 72), (14, 73), (14, 74), (14, 75), (14, 76), (13, 76), (12, 76), (11, 76), (10, 76), (9, 76), (8, 76), (8, 75), (8, 74), (8, 73), (8, 72), (8, 71), (8, 71)], 4: [(30, 42), (30, 41), (30, 40), (30, 39), (30, 38), (30, 37), (30, 36), (30, 35), (29, 35), (29, 34), (29, 33), (29, 32), (29, 31), (29, 30), (29, 29), (30, 29), (31, 29), (32, 29), (33, 29), (34, 29), (35, 29), (36, 29), (37, 29), (38, 29), (39, 29), (40, 29), (41, 29), (42, 29), (43, 29), (44, 29), (45, 29), (46, 29), (47, 29), (48, 29), (49, 29), (50, 29), (51, 29), (52, 29), (53, 29), (53, 30), (53, 30)], 5: [(46, 75), (45, 75), (44, 75), (43, 75), (42, 75), (41, 75), (40, 75), (39, 75), (38, 75), (37, 75), (36, 75), (36, 74), (36, 73), (35, 73), (34, 73), (34, 72), (34, 71), (34, 70), (34, 69), (33, 69), (32, 69), (31, 69), (30, 69), (29, 69), (28, 69), (27, 69), (27, 68), (27, 67), (27, 66), (27, 65), (27, 64), (27, 63), (27, 62), (27, 61), (27, 60), (27, 59), (27, 58), (27, 57), (27, 56), (27, 55), (27, 54), (27, 53), (27, 52), (27, 51), (27, 50), (27, 49), (27, 48), (27, 47), (27, 46), (27, 45), (27, 44), (27, 43), (27, 43)], 6: [(49, 73), (48, 73), (47, 73), (46, 73), (45, 73), (44, 73), (43, 73), (42, 73), (41, 73), (40, 73), (39, 73), (38, 73), (37, 73), (36, 73), (35, 73), (34, 73), (34, 72), (34, 71), (34, 70), (34, 69), (33, 69), (32, 69), (31, 69), (30, 69), (29, 69), (28, 69), (27, 69), (27, 68), (27, 67), (27, 66), (27, 65), (27, 64), (27, 63), (27, 62), (27, 61), (27, 60), (27, 59), (27, 58), (27, 57), (27, 56), (27, 55), (27, 54), (27, 53), (27, 52), (27, 51), (27, 50), (27, 49), (27, 48), (27, 47), (27, 46), (27, 45), (26, 45), (26, 44), (25, 44), (24, 44), (23, 44), (22, 44), (21, 44), (20, 44), (20, 43), (20, 42), (19, 42), (19, 41), (19, 40), (19, 39), (19, 38), (19, 37), (19, 36), (19, 35), (19, 34), (19, 33), (19, 32), (19, 31), (19, 30), (19, 29), (19, 28), (19, 27), (19, 26), (19, 25), (19, 24), (19, 23), (19, 22), (19, 21), (18, 21), (17, 21), (16, 21), (15, 21), (14, 21), (13, 21), (12, 21), (12, 20), (12, 19), (12, 18), (12, 17), (12, 16), (12, 15), (12, 14), (12, 13), (12, 14), (12, 15), (12, 16), (12, 17), (12, 18), (12, 19), (12, 20), (12, 20)], 7: [(47, 13), (46, 13), (45, 13), (44, 13), (43, 13), (42, 13), (41, 13), (40, 13), (39, 13), (38, 13), (37, 13), (36, 13), (35, 13), (34, 13), (33, 13), (32, 13), (31, 13), (30, 13), (29, 13), (28, 13), (27, 13), (27, 14), (27, 15), (27, 16), (27, 17), (27, 18), (27, 19), (27, 20), (27, 21), (27, 22), (27, 23), (27, 24), (27, 25), (27, 26), (27, 27), (27, 28), (27, 29), (27, 30), (27, 31), (27, 32), (27, 33), (27, 34), (27, 35), (27, 36), (27, 37), (27, 38), (27, 39), (27, 40), (27, 41), (27, 42), (28, 42), (28, 43), (28, 44), (27, 44), (27, 45), (27, 46), (27, 47), (27, 48), (27, 49), (27, 50), (26, 50), (26, 51), (25, 51), (24, 51), (24, 52), (24, 53), (23, 53), (22, 53), (22, 54), (21, 54), (20, 54), (19, 54), (18, 54), (17, 54), (16, 54), (15, 54), (14, 54), (13, 54), (12, 54), (11, 54), (10, 54), (9, 54), (8, 54), (7, 54), (6, 54), (5, 54), (4, 54), (3, 54), (2, 54), (2, 55), (2, 56), (2, 56)], 8: [(9, 70), (9, 71), (9, 72), (9, 73), (9, 74), (9, 75), (9, 76), (10, 76), (11, 76), (12, 76), (13, 76), (14, 76), (14, 75), (14, 74), (15, 74), (16, 74), (17, 74), (18, 74), (19, 74), (19, 73), (19, 72), (19, 71), (19, 70), (19, 69), (19, 68), (19, 67), (20, 67), (21, 67), (22, 67), (23, 67), (24, 67), (25, 67), (26, 67), (27, 67), (28, 67), (29, 67), (30, 67), (31, 67), (32, 67), (33, 67), (34, 67), (34, 66), (35, 66), (36, 66), (37, 66), (38, 66), (39, 66), (40, 66), (41, 66), (42, 66), (43, 66), (44, 66), (45, 66), (46, 66), (47, 66), (48, 66), (49, 66), (50, 66), (51, 66), (52, 66), (53, 66), (54, 66), (55, 66), (56, 66), (57, 66), (56, 66), (55, 66), (54, 66), (53, 66), (52, 66), (51, 66), (50, 66), (49, 66), (48, 66), (47, 66), (46, 66), (45, 66), (44, 66), (43, 66), (42, 66), (41, 66), (40, 66), (39, 66), (38, 66), (37, 66), (36, 66), (35, 66), (34, 66), (34, 67), (33, 67), (32, 67), (31, 67), (30, 67), (29, 67), (28, 67), (27, 67), (27, 66), (27, 65), (27, 64), (27, 63), (27, 62), (27, 61), (27, 60), (27, 59), (27, 58), (27, 57), (27, 56), (27, 55), (27, 54), (27, 53), (27, 52), (27, 51), (27, 50), (27, 49), (27, 48), (27, 47), (27, 46), (27, 45), (26, 45), (26, 44), (26, 43), (26, 42), (26, 41), (26, 40), (26, 39), (26, 38), (26, 37), (26, 36), (26, 35), (26, 34), (26, 33), (26, 32), (26, 31), (26, 30), (26, 29), (26, 28), (26, 27), (26, 26), (26, 25), (26, 24), (26, 23), (26, 22), (26, 21), (26, 20), (26, 19), (26, 18), (26, 18)], 9: [(56, 57), (55, 57), (54, 57), (53, 57), (52, 57), (52, 56), (52, 55), (52, 54), (52, 53), (52, 52), (52, 51), (52, 50), (52, 49), (52, 48), (51, 48), (51, 47), (51, 46), (51, 45), (50, 45), (49, 45), (48, 45), (47, 45), (47, 44), (47, 43), (47, 42), (46, 42), (45, 42), (44, 42), (43, 42), (42, 42), (41, 42), (41, 41), (41, 40), (41, 39), (41, 38), (40, 38), (39, 38), (38, 38), (38, 37), (37, 37), (36, 37), (35, 37), (34, 37), (34, 36), (34, 35), (33, 35), (32, 35), (31, 35), (30, 35), (29, 35), (29, 34), (29, 33), (29, 32), (29, 31), (29, 30), (29, 29), (30, 29), (31, 29), (32, 29), (33, 29), (34, 29), (35, 29), (36, 29), (37, 29), (38, 29), (39, 29), (40, 29), (40, 29)]}, 145)