

CBSS-C STATS
starts:[3671, 4697, 3904, 2447, 4524, 413, 2881, 2750, 3514, 2818]
targets:[3691, 2717, 1388, 1506, 4450, 3656, 4036, 2768, 2303, 286, 3829, 507, 2008, 1586, 3369]
dests:[2979, 2787, 3503, 4507, 3807, 4556, 4849, 1435, 3727, 2524]
ac_dict:{3691: {0, 1}, 2717: {1, 2}, 1388: {2, 3}, 1506: {3, 4}, 4450: {4, 5}, 3656: {5, 6}, 4036: {6, 7}, 2768: {8, 7}, 2303: {8, 9}, 2979: {0}, 2787: {1}, 3503: {2}, 4507: {3}, 3807: {4}, 4556: {5}, 4849: {6}, 1435: {7}, 3727: {8}, 2524: {9}}
clusters:[7 4 8 3 5 1 4 3 5 6 9 3 0 2 3]

round: 2
best_g_value: 671.0
open_list_size: 1
num_low_level_expanded: 4191
search_success: 1
search_time: 0.8336487063206732
n_tsp_call: 1
n_tsp_time: 0.5681475750170648
n_roots: 1
num_conflicts: 1
target_assignment: {3691: 0, 2717: 2, 3369: 2, 3829: 2, 4450: 4, 2008: 3, 1388: 3, 1586: 3, 286: 5, 3656: 5}
cluster_target_selection: {7: 3691, 4: 2717, 3: 3369, 9: 3829, 5: 4450, 0: 2008, 8: 1388, 2: 1586, 6: 286, 1: 3656}
num_nodes_transformed_graph: 59
agent_paths:({0: [(31, 56), (30, 56), (29, 56), (29, 55), (29, 54), (29, 53), (29, 52), (29, 51), (29, 50), (29, 49), (29, 48), (29, 47), (29, 46), (29, 45), (30, 45), (30, 44), (31, 44), (32, 44), (33, 44), (34, 44), (35, 44), (36, 44), (37, 44), (37, 43), (37, 42), (38, 42), (39, 42), (40, 42), (41, 42), (42, 42), (43, 42), (44, 42), (45, 42), (46, 42), (47, 42), (48, 42), (49, 42), (50, 42), (51, 42), (51, 43), (51, 44), (51, 45), (51, 46), (51, 47), (51, 48), (52, 48), (52, 49), (52, 50), (51, 50), (51, 51), (51, 52), (51, 53), (51, 54), (51, 55), (51, 56), (51, 55), (51, 54), (51, 53), (51, 52), (51, 51), (51, 50), (52, 50), (52, 49), (52, 48), (52, 47), (52, 46), (52, 45), (53, 45), (54, 45), (54, 45)], 1: [(17, 72), (17, 71), (17, 70), (17, 69), (17, 68), (17, 67), (17, 66), (17, 65), (17, 64), (17, 63), (17, 62), (17, 61), (17, 60), (17, 59), (17, 58), (17, 57), (17, 56), (17, 55), (17, 54), (18, 54), (19, 54), (20, 54), (21, 54), (22, 54), (22, 53), (23, 53), (24, 53), (24, 52), (24, 51), (25, 51), (26, 51), (26, 50), (27, 50), (27, 49), (27, 48), (27, 47), (27, 46), (27, 45), (27, 44), (27, 43), (27, 42), (28, 42), (29, 42), (30, 42), (31, 42), (32, 42), (33, 42), (34, 42), (35, 42), (36, 42), (37, 42), (38, 42), (39, 42), (40, 42), (41, 42), (42, 42), (43, 42), (44, 42), (45, 42), (46, 42), (47, 42), (48, 42), (49, 42), (50, 42), (51, 42), (52, 42), (53, 42), (54, 42), (55, 42), (56, 42), (57, 42), (57, 42)], 2: [(4, 60), (4, 59), (4, 58), (4, 57), (4, 56), (4, 55), (4, 54), (5, 54), (6, 54), (7, 54), (8, 54), (9, 54), (10, 54), (11, 54), (12, 54), (13, 54), (14, 54), (15, 54), (16, 54), (17, 54), (18, 54), (19, 54), (20, 54), (21, 54), (22, 54), (22, 53), (23, 53), (24, 53), (24, 52), (24, 51), (25, 51), (26, 51), (26, 50), (27, 50), (27, 49), (27, 48), (27, 47), (27, 46), (27, 45), (27, 44), (27, 43), (27, 42), (27, 41), (28, 41), (29, 41), (30, 41), (31, 41), (32, 41), (33, 41), (34, 41), (35, 41), (36, 41), (37, 41), (38, 41), (39, 41), (40, 41), (41, 41), (42, 41), (43, 41), (44, 41), (45, 41), (46, 41), (47, 41), (48, 41), (49, 41), (50, 41), (51, 41), (52, 41), (53, 41), (53, 42), (53, 43), (53, 44), (53, 45), (53, 46), (53, 47), (53, 48), (53, 49), (53, 50), (54, 50), (54, 51), (55, 51), (56, 51), (56, 52), (57, 52), (57, 53), (58, 53), (58, 54), (58, 55), (58, 56), (58, 57), (58, 58), (59, 58), (58, 58), (58, 57), (58, 56), (58, 55), (58, 54), (58, 53), (58, 53)], 3: [(42, 37), (42, 38), (41, 38), (40, 38), (39, 38), (38, 38), (38, 37), (37, 37), (36, 37), (35, 37), (34, 37), (34, 36), (34, 35), (33, 35), (32, 35), (31, 35), (30, 35), (29, 35), (29, 34), (29, 33), (29, 32), (29, 31), (29, 30), (29, 29), (30, 29), (31, 29), (32, 29), (33, 29), (34, 29), (35, 29), (36, 29), (37, 29), (38, 29), (39, 29), (40, 29), (41, 29), (42, 29), (43, 29), (44, 29), (45, 29), (46, 29), (47, 29), (48, 29), (49, 29), (50, 29), (51, 29), (52, 29), (53, 29), (54, 29), (55, 29), (56, 29), (57, 29), (58, 29), (58, 30), (57, 30), (56, 30), (55, 30), (54, 30), (53, 30), (52, 30), (51, 30), (50, 30), (49, 30), (48, 30), (47, 30), (46, 30), (45, 30), (44, 30), (43, 30), (42, 30), (41, 30), (40, 30), (39, 30), (38, 30), (37, 30), (36, 30), (35, 30), (34, 30), (34, 29), (33, 29), (32, 29), (31, 29), (30, 29), (29, 29), (28, 29), (27, 29), (26, 29), (25, 29), (24, 29), (23, 29), (23, 28), (23, 27), (23, 26), (23, 25), (23, 24), (23, 23), (23, 22), (23, 21), (24, 21), (25, 21), (26, 21), (26, 22), (26, 23), (26, 24), (26, 25), (26, 26), (26, 27), (26, 28), (26, 29), (26, 30), (26, 31), (26, 32), (26, 33), (26, 34), (26, 35), (26, 36), (26, 37), (26, 38), (26, 39), (26, 40), (26, 41), (26, 42), (26, 43), (26, 44), (26, 45), (27, 45), (27, 46), (27, 47), (27, 48), (27, 49), (27, 50), (26, 50), (26, 51), (25, 51), (25, 52), (25, 53), (25, 54), (25, 55), (25, 56), (25, 57), (25, 58), (25, 59), (25, 60), (25, 61), (25, 62), (25, 63), (24, 63), (24, 64), (23, 64), (22, 64), (22, 65), (22, 66), (22, 67), (22, 68), (22, 69), (22, 69)], 4: [(39, 69), (38, 69), (37, 69), (36, 69), (35, 69), (34, 69), (33, 69), (32, 69), (31, 69), (30, 69), (30, 68), (30, 67), (29, 67), (29, 66), (28, 66), (27, 66), (27, 65), (27, 64), (27, 63), (27, 62), (27, 61), (28, 61), (28, 60), (28, 59), (28, 58), (29, 58), (30, 58), (31, 58), (32, 58), (33, 58), (34, 58), (35, 58), (36, 58), (37, 58), (37, 58)], 5: [(23, 6), (23, 5), (23, 4), (24, 4), (25, 4), (26, 4), (26, 5), (26, 6), (26, 7), (26, 8), (26, 9), (26, 10), (26, 11), (26, 12), (26, 13), (26, 14), (26, 15), (26, 16), (26, 17), (26, 18), (26, 19), (26, 20), (26, 21), (26, 22), (26, 23), (26, 24), (26, 25), (26, 26), (26, 27), (26, 28), (26, 29), (26, 30), (26, 31), (26, 32), (26, 33), (26, 34), (26, 35), (26, 36), (26, 37), (26, 38), (26, 39), (26, 40), (26, 41), (26, 42), (26, 43), (26, 44), (26, 45), (27, 45), (27, 46), (27, 47), (27, 48), (27, 49), (27, 50), (26, 50), (26, 51), (25, 51), (24, 51), (24, 52), (24, 53), (23, 53), (22, 53), (22, 54), (21, 54), (20, 54), (19, 54), (18, 54), (17, 54), (16, 54), (16, 55), (16, 56), (17, 56), (17, 57), (17, 58), (17, 59), (17, 60), (17, 61), (17, 62), (16, 62), (15, 62), (14, 62), (14, 63), (14, 64), (14, 65), (14, 66), (14, 67), (14, 68), (14, 69), (14, 70), (14, 71), (14, 72), (14, 73), (14, 74), (14, 75), (14, 76), (13, 76), (12, 76), (11, 76), (10, 76), (9, 76), (8, 76), (7, 76), (6, 76), (6, 75), (6, 74), (6, 73), (6, 72), (6, 71), (6, 70), (6, 70)], 6: [(21, 44), (22, 44), (23, 44), (24, 44), (25, 44), (26, 44), (27, 44), (27, 45), (27, 46), (27, 47), (27, 48), (27, 49), (27, 50), (27, 51), (27, 52), (27, 53), (27, 54), (27, 55), (27, 56), (27, 57), (27, 58), (27, 59), (27, 60), (27, 61), (27, 62), (27, 63), (27, 64), (27, 65), (27, 66), (28, 66), (29, 66), (29, 67), (30, 67), (31, 67), (32, 67), (33, 67), (34, 67), (35, 67), (36, 67), (37, 67), (38, 67), (39, 67), (39, 68), (39, 69), (39, 70), (39, 71), (39, 72), (39, 73), (39, 74), (39, 74)], 7: [(20, 42), (19, 42), (19, 41), (19, 40), (19, 39), (19, 38), (19, 37), (19, 36), (19, 35), (19, 34), (19, 33), (19, 32), (19, 31), (19, 30), (19, 29), (19, 28), (19, 27), (19, 26), (19, 25), (19, 24), (19, 23), (19, 22), (19, 21), (18, 21), (17, 21), (16, 21), (15, 21), (14, 21), (13, 21), (12, 21), (11, 21), (10, 21), (9, 21), (8, 21), (7, 21), (6, 21), (5, 21), (5, 22), (5, 22)], 8: [(4, 54), (5, 54), (6, 54), (7, 54), (8, 54), (9, 54), (10, 54), (11, 54), (12, 54), (13, 54), (14, 54), (15, 54), (16, 54), (17, 54), (18, 54), (19, 54), (20, 54), (21, 54), (22, 54), (22, 55), (22, 56), (22, 57), (22, 57)], 9: [(23, 43), (23, 42), (23, 41), (23, 40), (23, 39), (23, 38), (24, 38), (25, 38), (26, 38), (27, 38), (28, 38), (29, 38), (30, 38), (31, 38), (32, 38), (33, 38), (34, 38), (35, 38), (36, 38), (37, 38), (38, 38), (39, 38), (40, 38), (41, 38), (42, 38), (43, 38), (44, 38), (45, 38), (46, 38), (47, 38), (48, 38), (49, 38), (50, 38), (51, 38), (52, 38), (53, 38), (54, 38), (54, 38)]}, 154)