

CBSS-C STATS
starts:[750, 2581, 2955, 2587, 1991]
targets:[3695, 4413, 3435, 1400, 593, 4412, 2301, 2651, 2893, 1988, 3041, 3974, 3669, 4543, 3875, 2362, 3453, 1314, 3339, 3722]
dests:[4930, 2633, 3956, 3773, 1393]
ac_dict:{3695: {0, 1}, 4413: {1, 2}, 3435: {2, 3}, 1400: {3, 4}, 4930: {0}, 2633: {1}, 3956: {2}, 3773: {3}, 1393: {4}}
clusters:[9 9 5 4 8 1 2 9 6 4 7 0 3 4 1 0 4 7 2 7]

round: 2
best_g_value: 329.0
open_list_size: 1
num_low_level_expanded: 1726
search_success: 1
search_time: 0.4517351510003209
n_tsp_call: 1
n_tsp_time: 0.37709174398332834
n_roots: 1
num_conflicts: 1
target_assignment: {2301: 0, 4412: 0, 2651: 3, 3669: 3, 3974: 3, 1988: 4, 1314: 4, 593: 4, 2893: 2, 3435: 2}
cluster_target_selection: {2: 2301, 1: 4412, 9: 2651, 3: 3669, 0: 3974, 4: 1988, 7: 1314, 8: 593, 6: 2893, 5: 3435}
num_nodes_transformed_graph: 54
agent_paths:({0: [(35, 11), (34, 11), (33, 11), (32, 11), (31, 11), (30, 11), (29, 11), (28, 11), (27, 11), (26, 11), (26, 12), (26, 13), (26, 14), (26, 15), (26, 16), (26, 17), (26, 18), (26, 19), (26, 20), (26, 21), (26, 22), (26, 23), (26, 24), (26, 25), (26, 26), (26, 27), (26, 28), (26, 29), (26, 30), (26, 31), (26, 32), (26, 33), (26, 34), (26, 35), (27, 35), (27, 36), (27, 37), (27, 38), (27, 39), (27, 40), (27, 41), (27, 42), (27, 43), (27, 44), (27, 45), (27, 46), (27, 47), (27, 48), (27, 49), (27, 50), (27, 51), (27, 52), (27, 53), (27, 54), (27, 55), (27, 56), (27, 57), (27, 58), (27, 59), (27, 60), (27, 61), (27, 62), (27, 63), (27, 64), (27, 65), (27, 66), (28, 66), (29, 66), (29, 67), (30, 67), (31, 67), (32, 67), (33, 67), (34, 67), (35, 67), (36, 67), (37, 67), (38, 67), (39, 67), (40, 67), (41, 67), (42, 67), (43, 67), (44, 67), (45, 67), (46, 67), (47, 67), (48, 67), (49, 67), (50, 67), (51, 67), (52, 67), (53, 67), (54, 67), (55, 67), (56, 67), (57, 67), (56, 67), (55, 67), (55, 68), (55, 69), (55, 70), (55, 71), (55, 72), (55, 73), (55, 74), (55, 75), (55, 75)], 1: [(46, 39), (45, 39), (44, 39), (43, 39), (42, 39), (41, 39), (40, 39), (39, 39), (38, 39), (37, 39), (36, 39), (35, 39), (34, 39), (33, 39), (33, 40), (33, 40)], 2: [(30, 45), (30, 44), (31, 44), (32, 44), (33, 44), (34, 44), (35, 44), (36, 44), (37, 44), (37, 43), (37, 42), (38, 42), (39, 42), (40, 42), (41, 42), (42, 42), (43, 42), (44, 42), (45, 42), (46, 42), (47, 42), (48, 42), (49, 42), (50, 42), (51, 42), (52, 42), (53, 42), (53, 43), (53, 44), (53, 45), (53, 46), (53, 47), (53, 48), (53, 49), (53, 50), (54, 50), (55, 50), (55, 51), (55, 52), (56, 52), (56, 53), (56, 54), (56, 55), (56, 56), (56, 57), (56, 58), (56, 59), (56, 60), (56, 60)], 3: [(52, 39), (51, 39), (51, 40), (50, 40), (49, 40), (48, 40), (47, 40), (46, 40), (45, 40), (44, 40), (43, 40), (42, 40), (41, 40), (40, 40), (39, 40), (38, 40), (37, 40), (36, 40), (35, 40), (34, 40), (34, 41), (33, 41), (32, 41), (31, 41), (30, 41), (29, 41), (29, 42), (29, 43), (29, 44), (29, 45), (29, 46), (29, 47), (29, 48), (29, 49), (29, 50), (29, 51), (29, 52), (29, 53), (29, 54), (29, 55), (29, 56), (28, 56), (27, 56), (26, 56), (25, 56), (24, 56), (23, 56), (22, 56), (21, 56), (20, 56), (19, 56), (18, 56), (17, 56), (16, 56), (15, 56), (14, 56), (13, 56), (12, 56), (11, 56), (10, 56), (10, 57), (10, 58), (10, 59), (10, 60), (10, 61), (9, 61), (8, 61), (8, 62), (7, 62), (6, 62), (5, 62), (4, 62), (3, 62), (3, 61), (3, 60), (3, 59), (3, 58), (3, 58)], 4: [(41, 30), (40, 30), (39, 30), (38, 30), (37, 30), (36, 30), (35, 30), (34, 30), (34, 29), (33, 29), (32, 29), (31, 29), (30, 29), (29, 29), (28, 29), (27, 29), (26, 29), (25, 29), (24, 29), (23, 29), (22, 29), (21, 29), (20, 29), (19, 29), (19, 28), (19, 27), (19, 26), (19, 25), (19, 24), (19, 23), (19, 22), (19, 21), (18, 21), (17, 21), (16, 21), (15, 21), (14, 21), (14, 20), (13, 20), (12, 20), (11, 20), (10, 20), (9, 20), (9, 19), (9, 18), (9, 17), (9, 16), (9, 15), (8, 15), (8, 14), (8, 13), (8, 12), (8, 11), (8, 10), (8, 9), (9, 9), (10, 9), (10, 10), (10, 11), (11, 11), (12, 11), (12, 12), (12, 13), (12, 14), (12, 15), (12, 16), (12, 17), (12, 18), (12, 19), (13, 19), (14, 19), (15, 19), (16, 19), (17, 19), (18, 19), (19, 19), (20, 19), (21, 19), (22, 19), (23, 19), (24, 19), (25, 19), (26, 19), (27, 19), (28, 19), (28, 20), (28, 21), (28, 21)]}, 106)