

CBSS-C STATS
starts:[1805, 3581, 5091, 1053, 540]
targets:[4892, 4946, 4046, 3501, 821, 4883, 580, 3643, 1969, 150, 2761, 4503, 3618, 572, 2762, 2172, 3331, 4350, 2627, 4314]
dests:[3930, 4863, 2438, 3680, 4182]
ac_dict:{4892: {0, 1}, 4946: {1, 2}, 4046: {2, 3}, 3501: {3, 4}, 3930: {0}, 4863: {1}, 2438: {2}, 3680: {3}, 4182: {4}}
clusters:[9 7 4 8 0 7 3 2 8 6 1 8 3 5 0 7 6 8 3 5]

round: 3
best_g_value: 351.0
open_list_size: 2
num_low_level_expanded: 2503
search_success: 1
search_time: 0.405046327970922
n_tsp_call: 1
n_tsp_time: 0.3062460976652801
n_roots: 1
num_conflicts: 2
target_assignment: {1969: 3, 2172: 3, 4046: 2, 3331: 2, 2761: 2, 2762: 2, 2627: 4, 4314: 4, 3643: 1, 4892: 1}
cluster_target_selection: {8: 1969, 7: 2172, 4: 4046, 6: 3331, 1: 2761, 0: 2762, 3: 2627, 5: 4314, 2: 3643, 9: 4892}
num_nodes_transformed_graph: 53
agent_paths:({0: [(50, 27), (49, 27), (48, 27), (47, 27), (46, 27), (45, 27), (44, 27), (43, 27), (42, 27), (41, 27), (40, 27), (39, 27), (38, 27), (37, 27), (36, 27), (35, 27), (34, 27), (33, 27), (32, 27), (31, 27), (30, 27), (30, 28), (30, 29), (29, 29), (29, 30), (29, 31), (29, 32), (29, 33), (29, 34), (29, 35), (29, 36), (29, 37), (29, 38), (29, 39), (29, 40), (29, 41), (29, 42), (29, 43), (29, 44), (29, 45), (29, 46), (29, 47), (29, 48), (29, 49), (29, 50), (30, 50), (30, 51), (30, 52), (30, 53), (30, 54), (30, 55), (30, 56), (30, 57), (30, 58), (30, 59), (30, 60), (30, 60)], 1: [(6, 55), (5, 55), (4, 55), (3, 55), (3, 56), (4, 56), (5, 56), (6, 56), (7, 56), (8, 56), (9, 56), (10, 56), (11, 56), (11, 57), (11, 58), (11, 59), (11, 60), (12, 60), (12, 61), (13, 61), (14, 61), (14, 62), (15, 62), (16, 62), (17, 62), (17, 63), (17, 64), (17, 65), (17, 66), (17, 67), (17, 68), (17, 69), (17, 70), (17, 71), (17, 72), (17, 73), (17, 74), (17, 75), (17, 74), (18, 74), (19, 74), (20, 74), (21, 74), (21, 73), (21, 72), (21, 71), (21, 70), (22, 70), (23, 70), (24, 70), (25, 70), (26, 70), (27, 70), (28, 70), (29, 70), (29, 69), (30, 69), (31, 69), (32, 69), (33, 69), (34, 69), (35, 69), (36, 69), (37, 69), (38, 69), (39, 69), (40, 69), (41, 69), (42, 69), (43, 69), (44, 69), (45, 69), (46, 69), (47, 69), (48, 69), (49, 69), (50, 69), (51, 69), (52, 69), (53, 69), (53, 70), (53, 71), (53, 72), (53, 73), (53, 74), (53, 74)], 2: [(21, 78), (20, 78), (20, 77), (20, 76), (20, 75), (19, 75), (18, 75), (17, 75), (16, 75), (16, 74), (16, 73), (16, 72), (16, 71), (16, 70), (16, 69), (16, 68), (16, 67), (16, 66), (16, 65), (16, 64), (16, 63), (16, 62), (17, 62), (17, 61), (17, 60), (17, 59), (17, 58), (17, 57), (17, 56), (16, 56), (16, 55), (16, 54), (16, 53), (16, 52), (16, 51), (16, 52), (16, 53), (17, 53), (18, 53), (18, 54), (19, 54), (20, 54), (21, 54), (22, 54), (22, 53), (23, 53), (24, 53), (24, 52), (25, 52), (26, 52), (27, 52), (27, 51), (27, 50), (27, 49), (27, 48), (27, 47), (27, 46), (27, 45), (27, 44), (27, 43), (27, 42), (28, 42), (29, 42), (30, 42), (31, 42), (32, 42), (32, 41), (32, 40), (32, 39), (32, 38), (32, 37), (33, 37), (33, 37)], 3: [(13, 16), (12, 16), (12, 17), (12, 18), (12, 19), (13, 19), (14, 19), (15, 19), (16, 19), (17, 19), (18, 19), (19, 19), (19, 20), (19, 21), (19, 22), (19, 23), (19, 24), (19, 25), (19, 26), (19, 27), (19, 28), (19, 29), (19, 30), (20, 30), (21, 30), (22, 30), (23, 30), (24, 30), (25, 30), (26, 30), (27, 30), (27, 31), (27, 32), (27, 33), (28, 33), (29, 33), (29, 34), (29, 35), (29, 36), (29, 37), (29, 38), (29, 39), (29, 40), (29, 41), (29, 42), (29, 43), (29, 44), (29, 45), (29, 46), (29, 47), (29, 48), (29, 49), (29, 50), (30, 50), (30, 51), (31, 51), (32, 51), (33, 51), (33, 52), (33, 53), (34, 53), (35, 53), (36, 53), (37, 53), (38, 53), (39, 53), (40, 53), (40, 54), (40, 55), (40, 56), (40, 56)], 4: [(20, 8), (21, 8), (22, 8), (23, 8), (24, 8), (25, 8), (26, 8), (27, 8), (27, 9), (27, 10), (27, 11), (27, 12), (27, 13), (27, 14), (27, 15), (27, 16), (27, 17), (27, 18), (27, 19), (27, 20), (27, 21), (27, 22), (27, 23), (27, 24), (27, 25), (27, 26), (27, 27), (27, 28), (27, 29), (27, 30), (27, 31), (27, 32), (27, 33), (27, 34), (27, 35), (27, 36), (27, 37), (27, 38), (27, 39), (27, 40), (27, 41), (27, 42), (27, 43), (27, 44), (27, 45), (27, 46), (27, 47), (27, 48), (27, 49), (27, 50), (26, 50), (26, 51), (25, 51), (25, 52), (25, 53), (25, 54), (25, 55), (25, 56), (25, 57), (25, 58), (25, 59), (25, 60), (25, 61), (25, 62), (25, 63), (24, 63), (24, 64), (24, 65), (24, 66), (23, 66), (22, 66), (22, 65), (22, 64), (22, 64)]}, 84)