

CBSS-C STATS
starts:[4517, 687, 2952, 4725, 3485]
targets:[4721, 4113, 4605, 4588, 281, 285, 4658, 3812, 1534, 890, 3740, 3662, 539, 759, 4527, 904, 1711, 2509, 4179, 3759]
dests:[1000, 1650, 1971, 996, 822]
ac_dict:{4721: {0, 1}, 4113: {1, 2}, 4605: {2, 3}, 4588: {3, 4}, 1000: {0}, 1650: {1}, 1971: {2}, 996: {3}, 822: {4}}
clusters:[0 2 3 5 9 5 9 7 4 2 6 9 9 4 1 6 8 0 4 4]

round: 3
best_g_value: 325.0
open_list_size: 2
num_low_level_expanded: 4132
search_success: 1
search_time: 1.9736719196662307
n_tsp_call: 1
n_tsp_time: 1.8647033171728253
n_roots: 1
num_conflicts: 2
target_assignment: {4605: 3, 4658: 3, 4527: 3, 4588: 3, 1711: 3, 3812: 4, 3740: 4, 2509: 4, 890: 4, 759: 4}
cluster_target_selection: {3: 4605, 9: 4658, 1: 4527, 5: 4588, 8: 1711, 7: 3812, 6: 3740, 0: 2509, 2: 890, 4: 759}
num_nodes_transformed_graph: 98
agent_paths:({0: [(32, 69), (31, 69), (30, 69), (29, 69), (28, 69), (27, 69), (27, 68), (27, 67), (27, 66), (27, 65), (27, 64), (27, 63), (27, 62), (27, 61), (27, 60), (27, 59), (27, 58), (27, 57), (27, 56), (27, 55), (27, 54), (27, 53), (27, 52), (27, 51), (27, 50), (27, 49), (27, 48), (27, 47), (27, 46), (27, 45), (26, 45), (26, 44), (26, 43), (26, 42), (26, 41), (26, 40), (26, 39), (26, 38), (26, 37), (26, 36), (26, 35), (26, 34), (26, 33), (26, 32), (26, 31), (26, 30), (26, 29), (26, 28), (26, 27), (26, 26), (26, 25), (26, 24), (25, 24), (25, 23), (25, 22), (25, 21), (25, 20), (25, 19), (25, 18), (25, 17), (25, 16), (25, 15), (25, 15)], 1: [(37, 10), (36, 10), (35, 10), (34, 10), (34, 11), (33, 11), (32, 11), (31, 11), (30, 11), (29, 11), (28, 11), (27, 11), (26, 11), (25, 11), (25, 12), (25, 13), (25, 14), (25, 15), (25, 16), (25, 17), (25, 18), (25, 19), (25, 20), (25, 21), (25, 22), (25, 23), (25, 24), (25, 25), (25, 25)], 2: [(27, 45), (26, 45), (26, 44), (25, 44), (24, 44), (23, 44), (22, 44), (21, 44), (21, 43), (21, 42), (21, 41), (21, 40), (21, 39), (21, 38), (21, 37), (21, 36), (21, 35), (21, 34), (21, 33), (21, 32), (21, 31), (21, 30), (21, 30)], 3: [(45, 72), (45, 71), (45, 70), (46, 70), (47, 70), (48, 70), (49, 70), (50, 70), (51, 70), (52, 70), (53, 70), (54, 70), (55, 70), (54, 70), (53, 70), (52, 70), (51, 70), (50, 70), (49, 70), (48, 70), (47, 70), (46, 70), (45, 70), (44, 70), (43, 70), (43, 71), (42, 71), (42, 70), (42, 69), (41, 69), (40, 69), (39, 69), (38, 69), (38, 70), (37, 70), (36, 70), (35, 70), (34, 70), (34, 69), (33, 69), (32, 69), (31, 69), (30, 69), (29, 69), (28, 69), (27, 69), (27, 68), (27, 67), (27, 66), (27, 65), (27, 64), (27, 63), (27, 62), (27, 61), (27, 60), (27, 59), (27, 58), (27, 57), (27, 56), (27, 55), (27, 54), (27, 53), (27, 52), (27, 51), (27, 50), (27, 49), (27, 48), (27, 47), (27, 46), (27, 45), (26, 45), (26, 44), (25, 44), (24, 44), (23, 44), (22, 44), (22, 43), (22, 42), (22, 41), (22, 40), (22, 39), (22, 38), (22, 37), (22, 36), (22, 35), (22, 34), (22, 33), (22, 32), (22, 31), (22, 30), (22, 29), (21, 29), (21, 28), (21, 27), (21, 26), (21, 25), (21, 24), (21, 23), (21, 22), (21, 21), (21, 20), (21, 19), (21, 18), (21, 17), (21, 16), (21, 15), (21, 15)], 4: [(40, 53), (41, 53), (42, 53), (42, 54), (42, 55), (42, 56), (42, 57), (42, 58), (41, 58), (40, 58), (39, 58), (38, 58), (37, 58), (36, 58), (35, 58), (35, 57), (35, 56), (35, 55), (35, 54), (35, 53), (34, 53), (33, 53), (33, 52), (33, 51), (32, 51), (31, 51), (30, 51), (30, 50), (29, 50), (29, 49), (29, 48), (29, 47), (29, 46), (29, 45), (29, 44), (29, 43), (29, 42), (29, 41), (29, 40), (29, 39), (29, 38), (30, 38), (31, 38), (32, 38), (33, 38), (34, 38), (35, 38), (36, 38), (37, 38), (38, 38), (39, 38), (38, 38), (38, 37), (37, 37), (36, 37), (35, 37), (34, 37), (34, 36), (34, 35), (33, 35), (32, 35), (31, 35), (30, 35), (29, 35), (29, 34), (29, 33), (29, 32), (29, 31), (29, 30), (29, 29), (29, 28), (29, 27), (29, 26), (28, 26), (28, 25), (28, 24), (28, 23), (28, 22), (28, 21), (28, 20), (28, 19), (28, 18), (27, 18), (27, 17), (27, 16), (27, 15), (27, 14), (27, 13), (28, 13), (29, 13), (30, 13), (31, 13), (32, 13), (33, 13), (34, 13), (35, 13), (36, 13), (37, 13), (38, 13), (39, 13), (40, 13), (41, 13), (42, 13), (43, 13), (44, 13), (45, 13), (44, 13), (44, 12), (44, 11), (43, 11), (42, 11), (42, 12), (42, 12)]}, 111)