

CBSS-C STATS
starts:[3645, 4308, 2625, 3919, 4961]
targets:[2103, 4656, 4672, 635, 2713, 818, 588, 4752, 348, 3823, 2717, 3627, 2750, 2490, 1374, 1692, 4722, 722, 526, 2639]
dests:[528, 3993, 4460, 1936, 3959]
ac_dict:{2103: {0, 1}, 4656: {1, 2}, 4672: {2, 3}, 635: {3, 4}, 528: {0}, 3993: {1}, 4460: {2}, 1936: {3}, 3959: {4}}
clusters:[8 2 7 9 1 6 0 5 1 2 7 4 0 7 4 3 1 0 0 8]

round: 1
best_g_value: 446.0
open_list_size: 0
num_low_level_expanded: 2170
search_success: 1
search_time: 0.677258072886616
n_tsp_call: 1
n_tsp_time: 0.586435763631016
n_roots: 1
num_conflicts: 0
target_assignment: {2103: 0, 1374: 0, 1692: 0, 722: 0, 818: 3, 635: 3, 4752: 4, 2713: 4, 2717: 4, 3823: 4}
cluster_target_selection: {8: 2103, 4: 1374, 3: 1692, 0: 722, 6: 818, 9: 635, 5: 4752, 1: 2713, 7: 2717, 2: 3823}
num_nodes_transformed_graph: 53
agent_paths:({0: [(5, 56), (5, 55), (5, 54), (6, 54), (7, 54), (8, 54), (9, 54), (10, 54), (11, 54), (12, 54), (13, 54), (14, 54), (15, 54), (16, 54), (17, 54), (18, 54), (19, 54), (20, 54), (21, 54), (22, 54), (22, 53), (23, 53), (24, 53), (24, 52), (24, 51), (25, 51), (26, 51), (26, 50), (27, 50), (27, 49), (27, 48), (27, 47), (27, 46), (27, 45), (26, 45), (26, 44), (25, 44), (24, 44), (23, 44), (23, 43), (23, 42), (23, 41), (23, 40), (23, 39), (23, 38), (23, 37), (23, 36), (23, 35), (23, 34), (23, 33), (23, 32), (22, 32), (21, 32), (20, 32), (19, 32), (19, 31), (19, 30), (19, 29), (19, 28), (19, 27), (19, 26), (19, 25), (19, 24), (19, 23), (19, 22), (19, 21), (18, 21), (17, 21), (16, 21), (15, 21), (14, 21), (13, 21), (12, 21), (11, 21), (10, 21), (9, 21), (8, 21), (7, 21), (6, 21), (5, 21), (4, 21), (4, 22), (3, 22), (3, 23), (3, 24), (3, 25), (2, 25), (2, 26), (2, 25), (3, 25), (3, 24), (3, 23), (3, 22), (4, 22), (4, 21), (4, 20), (4, 19), (4, 18), (4, 17), (4, 16), (4, 15), (4, 14), (4, 13), (4, 12), (4, 11), (5, 11), (6, 11), (7, 11), (7, 10), (7, 9), (7, 8), (8, 8), (8, 8)], 1: [(18, 66), (18, 65), (18, 64), (19, 64), (20, 64), (21, 64), (22, 64), (23, 64), (24, 64), (24, 63), (25, 63), (25, 62), (25, 61), (26, 61), (27, 61), (28, 61), (28, 61)], 2: [(25, 40), (26, 40), (27, 40), (27, 41), (27, 42), (27, 43), (27, 44), (27, 45), (27, 46), (27, 47), (27, 48), (27, 49), (27, 50), (27, 51), (27, 52), (27, 53), (27, 54), (27, 55), (27, 56), (27, 57), (27, 58), (27, 59), (27, 60), (27, 61), (27, 62), (27, 63), (27, 64), (27, 65), (27, 66), (28, 66), (29, 66), (29, 67), (30, 67), (31, 67), (32, 67), (33, 67), (34, 67), (35, 67), (36, 67), (37, 67), (38, 67), (39, 67), (40, 67), (40, 68), (40, 68)], 3: [(19, 60), (19, 59), (19, 58), (19, 57), (19, 56), (19, 55), (19, 54), (20, 54), (21, 54), (22, 54), (22, 53), (23, 53), (24, 53), (24, 52), (24, 51), (25, 51), (26, 51), (26, 50), (27, 50), (27, 49), (27, 48), (27, 47), (27, 46), (27, 45), (27, 44), (27, 43), (27, 42), (27, 41), (27, 40), (27, 39), (27, 38), (27, 37), (27, 36), (27, 35), (27, 34), (27, 33), (27, 32), (27, 31), (27, 30), (27, 29), (27, 28), (27, 27), (27, 26), (27, 25), (27, 24), (27, 23), (27, 22), (27, 21), (27, 20), (27, 19), (27, 18), (27, 17), (27, 16), (27, 15), (27, 14), (27, 13), (27, 12), (28, 12), (29, 12), (30, 12), (31, 12), (32, 12), (33, 12), (34, 12), (35, 12), (36, 12), (37, 12), (38, 12), (38, 11), (38, 10), (39, 10), (40, 10), (41, 10), (42, 10), (43, 10), (44, 10), (45, 10), (46, 10), (47, 10), (48, 10), (49, 10), (49, 9), (50, 9), (50, 10), (50, 11), (50, 12), (50, 13), (49, 13), (48, 13), (47, 13), (46, 13), (45, 13), (44, 13), (43, 13), (42, 13), (41, 13), (40, 13), (39, 13), (38, 13), (37, 13), (36, 13), (35, 13), (34, 13), (33, 13), (32, 13), (31, 13), (30, 13), (29, 13), (29, 14), (28, 14), (27, 14), (27, 15), (27, 16), (27, 17), (27, 18), (28, 18), (28, 19), (28, 20), (28, 21), (28, 22), (28, 23), (28, 24), (28, 25), (28, 26), (29, 26), (29, 27), (30, 27), (31, 27), (32, 27), (33, 27), (34, 27), (35, 27), (36, 27), (37, 27), (38, 27), (39, 27), (40, 27), (41, 27), (42, 27), (43, 27), (44, 27), (45, 27), (46, 27), (47, 27), (48, 27), (49, 27), (50, 27), (51, 27), (51, 28), (51, 29), (51, 29)], 4: [(21, 76), (20, 76), (20, 75), (19, 75), (18, 75), (17, 75), (16, 75), (15, 75), (14, 75), (14, 76), (13, 76), (12, 76), (11, 76), (10, 76), (9, 76), (8, 76), (7, 76), (7, 75), (7, 74), (7, 73), (8, 73), (9, 73), (9, 74), (9, 75), (9, 76), (10, 76), (11, 76), (12, 76), (13, 76), (14, 76), (14, 75), (14, 74), (14, 73), (14, 72), (14, 71), (14, 70), (14, 69), (14, 68), (14, 67), (14, 66), (14, 65), (14, 64), (14, 63), (14, 62), (15, 62), (16, 62), (17, 62), (17, 61), (17, 60), (17, 59), (17, 58), (17, 57), (17, 56), (17, 55), (17, 54), (18, 54), (19, 54), (20, 54), (21, 54), (22, 54), (22, 53), (23, 53), (24, 53), (24, 52), (24, 51), (25, 51), (26, 51), (26, 50), (27, 50), (27, 49), (27, 48), (27, 47), (27, 46), (27, 45), (27, 44), (27, 43), (27, 42), (27, 41), (28, 41), (29, 41), (30, 41), (31, 41), (32, 41), (33, 41), (34, 41), (35, 41), (36, 41), (37, 41), (38, 41), (39, 41), (40, 41), (41, 41), (42, 41), (43, 41), (44, 41), (45, 41), (46, 41), (47, 41), (48, 41), (49, 41), (50, 41), (51, 41), (52, 41), (53, 41), (53, 42), (53, 43), (53, 44), (53, 45), (53, 46), (53, 47), (53, 48), (53, 49), (53, 50), (53, 51), (53, 52), (53, 53), (53, 54), (53, 55), (53, 56), (53, 57), (53, 58), (54, 58), (55, 58), (56, 58), (57, 58), (58, 58), (59, 58), (59, 59), (59, 60), (59, 60)]}, 149)