

CBSS-C STATS
starts:[4390, 3499, 3503, 2500, 4575, 4559, 2650, 3696, 4174, 5012]
targets:[4854, 1262, 483, 4783, 2299, 4460, 1663, 1325, 1190, 506]
dests:[271, 397, 5081, 994, 848, 1128, 2499, 3481, 1321, 2765]
ac_dict:{4854: {0, 1}, 1262: {1, 2}, 483: {2, 3}, 4783: {3, 4}, 2299: {4, 5}, 4460: {5, 6}, 1663: {6, 7}, 1325: {8, 7}, 1190: {8, 9}, 271: {0}, 397: {1}, 5081: {2}, 994: {3}, 848: {4}, 1128: {5}, 2499: {6}, 3481: {7}, 1321: {8}, 2765: {9}}
clusters:[0 2 0 4 0 2 1 1 3 4]

round: 3
best_g_value: 725.0
open_list_size: 2
num_low_level_expanded: 6834
search_success: 1
search_time: 0.49415417574346066
n_tsp_call: 1
n_tsp_time: 0.118977434001863
n_roots: 1
num_conflicts: 2
target_assignment: {4783: 4, 1262: 1, 1325: 8, 1190: 8, 2299: 5}
cluster_target_selection: {4: 4783, 2: 1262, 1: 1325, 3: 1190, 0: 2299}
num_nodes_transformed_graph: 34
agent_paths:({0: [(35, 67), (34, 67), (33, 67), (32, 67), (31, 67), (30, 67), (29, 67), (28, 67), (27, 67), (27, 66), (27, 65), (27, 64), (27, 63), (27, 62), (27, 61), (27, 60), (27, 59), (27, 58), (27, 57), (27, 56), (27, 55), (27, 54), (27, 53), (27, 52), (27, 51), (27, 50), (27, 49), (27, 48), (27, 47), (27, 46), (27, 45), (26, 45), (26, 44), (25, 44), (24, 44), (23, 44), (22, 44), (21, 44), (20, 44), (20, 43), (20, 42), (19, 42), (19, 41), (19, 40), (19, 39), (19, 38), (19, 37), (19, 36), (19, 35), (19, 34), (19, 33), (19, 32), (19, 31), (19, 30), (19, 29), (19, 28), (19, 27), (19, 26), (19, 25), (19, 24), (19, 23), (19, 22), (19, 21), (18, 21), (17, 21), (16, 21), (15, 21), (14, 21), (13, 21), (12, 21), (11, 21), (11, 20), (11, 19), (11, 18), (11, 17), (11, 16), (11, 15), (11, 14), (11, 13), (11, 12), (11, 11), (10, 11), (10, 10), (10, 9), (10, 8), (10, 7), (10, 6), (10, 5), (10, 4), (11, 4), (11, 4)], 1: [(54, 53), (53, 53), (52, 53), (52, 52), (52, 51), (52, 50), (52, 49), (52, 48), (51, 48), (51, 47), (51, 46), (51, 45), (50, 45), (49, 45), (48, 45), (47, 45), (47, 44), (47, 43), (47, 42), (46, 42), (45, 42), (44, 42), (43, 42), (42, 42), (41, 42), (40, 42), (39, 42), (38, 42), (37, 42), (36, 42), (35, 42), (34, 42), (33, 42), (32, 42), (31, 42), (30, 42), (29, 42), (28, 42), (27, 42), (27, 41), (27, 40), (27, 39), (27, 38), (27, 37), (27, 36), (27, 35), (27, 34), (27, 33), (27, 32), (27, 31), (27, 30), (27, 29), (27, 28), (27, 27), (27, 26), (27, 25), (27, 24), (27, 23), (27, 22), (27, 21), (27, 20), (27, 19), (26, 19), (25, 19), (24, 19), (23, 19), (22, 19), (21, 19), (20, 19), (19, 19), (18, 19), (17, 19), (16, 19), (15, 19), (14, 19), (13, 19), (12, 19), (11, 19), (10, 19), (9, 19), (9, 18), (9, 17), (9, 16), (9, 15), (8, 15), (7, 15), (7, 14), (7, 13), (7, 12), (7, 11), (7, 10), (7, 9), (7, 8), (7, 7), (7, 6), (7, 6)], 2: [(58, 53), (57, 53), (56, 53), (55, 53), (54, 53), (53, 53), (52, 53), (52, 52), (52, 51), (52, 50), (52, 49), (52, 48), (51, 48), (51, 47), (51, 46), (51, 45), (50, 45), (49, 45), (48, 45), (47, 45), (47, 44), (47, 43), (47, 42), (46, 42), (45, 42), (44, 42), (43, 42), (42, 42), (41, 42), (40, 42), (39, 42), (38, 42), (37, 42), (36, 42), (35, 42), (34, 42), (33, 42), (32, 42), (31, 42), (30, 42), (29, 42), (28, 42), (28, 43), (28, 44), (28, 45), (28, 46), (28, 47), (28, 48), (28, 49), (28, 50), (28, 51), (28, 52), (27, 52), (26, 52), (25, 52), (24, 52), (24, 53), (23, 53), (22, 53), (22, 54), (21, 54), (20, 54), (19, 54), (18, 54), (17, 54), (17, 55), (17, 56), (17, 57), (17, 58), (17, 59), (17, 60), (17, 61), (17, 62), (16, 62), (15, 62), (14, 62), (14, 63), (14, 64), (14, 65), (14, 66), (14, 67), (14, 68), (14, 69), (14, 70), (14, 71), (14, 72), (14, 73), (14, 74), (14, 75), (14, 76), (13, 76), (12, 76), (11, 76), (11, 77), (11, 78), (11, 78)], 3: [(30, 38), (29, 38), (28, 38), (27, 38), (26, 38), (25, 38), (24, 38), (23, 38), (22, 38), (21, 38), (20, 38), (20, 37), (20, 36), (20, 35), (20, 34), (20, 33), (20, 32), (20, 31), (20, 30), (20, 29), (20, 28), (20, 27), (20, 26), (20, 25), (20, 24), (20, 23), (20, 22), (20, 21), (20, 20), (20, 19), (20, 18), (20, 17), (20, 16), (20, 15), (19, 15), (19, 15)], 4: [(25, 70), (26, 70), (27, 70), (28, 70), (29, 70), (29, 69), (30, 69), (31, 69), (32, 69), (33, 69), (34, 69), (35, 69), (36, 69), (37, 69), (38, 69), (38, 70), (38, 71), (38, 72), (38, 73), (37, 73), (36, 73), (35, 73), (34, 73), (34, 72), (34, 71), (34, 70), (34, 69), (33, 69), (32, 69), (31, 69), (30, 69), (29, 69), (28, 69), (27, 69), (27, 68), (27, 67), (27, 66), (27, 65), (27, 64), (27, 63), (27, 62), (27, 61), (27, 60), (27, 59), (27, 58), (27, 57), (27, 56), (27, 55), (27, 54), (27, 53), (27, 52), (27, 51), (27, 50), (27, 49), (27, 48), (27, 47), (27, 46), (27, 45), (26, 45), (26, 44), (25, 44), (24, 44), (23, 44), (22, 44), (21, 44), (20, 44), (20, 43), (20, 42), (19, 42), (19, 41), (19, 40), (19, 39), (19, 38), (19, 37), (19, 36), (19, 35), (19, 34), (19, 33), (19, 32), (19, 31), (19, 30), (19, 29), (19, 28), (19, 27), (19, 26), (19, 25), (19, 24), (19, 23), (19, 22), (19, 21), (18, 21), (17, 21), (16, 21), (15, 21), (14, 21), (13, 21), (12, 21), (11, 21), (10, 21), (9, 21), (8, 21), (7, 21), (6, 21), (5, 21), (4, 21), (4, 20), (4, 19), (4, 18), (4, 17), (4, 16), (4, 15), (4, 14), (3, 14), (3, 13), (3, 13)], 5: [(9, 70), (9, 71), (9, 72), (9, 73), (9, 74), (9, 75), (9, 76), (10, 76), (11, 76), (12, 76), (13, 76), (14, 76), (14, 75), (14, 74), (14, 73), (14, 72), (14, 71), (14, 70), (14, 69), (14, 68), (14, 67), (14, 66), (14, 65), (14, 64), (14, 63), (14, 62), (15, 62), (16, 62), (17, 62), (17, 61), (17, 60), (17, 59), (17, 58), (17, 57), (17, 56), (17, 55), (17, 54), (18, 54), (19, 54), (20, 54), (21, 54), (22, 54), (22, 53), (23, 53), (24, 53), (24, 52), (24, 51), (25, 51), (26, 51), (26, 50), (27, 50), (27, 49), (27, 48), (27, 47), (27, 46), (27, 45), (26, 45), (26, 44), (25, 44), (24, 44), (24, 43), (24, 42), (24, 41), (24, 40), (24, 39), (24, 38), (24, 37), (24, 36), (24, 35), (23, 35), (23, 34), (23, 33), (23, 32), (23, 31), (23, 30), (23, 29), (23, 28), (23, 27), (23, 26), (23, 25), (23, 24), (23, 23), (23, 22), (23, 21), (23, 20), (23, 19), (23, 18), (23, 17), (23, 17)], 6: [(50, 40), (49, 40), (48, 40), (47, 40), (46, 40), (45, 40), (44, 40), (43, 40), (42, 40), (41, 40), (40, 40), (39, 40), (38, 40), (37, 40), (36, 40), (35, 40), (34, 40), (33, 40), (32, 40), (31, 40), (30, 40), (29, 40), (29, 39), (29, 38), (29, 38)], 7: [(56, 56), (55, 56), (54, 56), (53, 56), (52, 56), (52, 55), (52, 54), (52, 53), (52, 52), (52, 51), (52, 50), (52, 49), (52, 48), (51, 48), (51, 47), (51, 46), (51, 45), (50, 45), (49, 45), (48, 45), (47, 45), (47, 44), (47, 43), (47, 42), (46, 42), (45, 42), (44, 42), (43, 42), (42, 42), (41, 42), (40, 42), (39, 42), (38, 42), (37, 42), (36, 42), (36, 43), (36, 44), (35, 44), (34, 44), (33, 44), (32, 44), (31, 44), (30, 44), (30, 45), (29, 45), (29, 46), (29, 47), (29, 48), (29, 49), (29, 50), (30, 50), (30, 51), (31, 51), (32, 51), (33, 51), (33, 52), (33, 53), (34, 53), (35, 53), (36, 53), (36, 53)], 8: [(14, 64), (14, 63), (14, 62), (15, 62), (16, 62), (17, 62), (17, 61), (17, 60), (17, 59), (17, 58), (17, 57), (17, 56), (17, 55), (17, 54), (18, 54), (19, 54), (20, 54), (21, 54), (22, 54), (22, 53), (23, 53), (24, 53), (24, 52), (24, 51), (25, 51), (26, 51), (26, 50), (27, 50), (27, 49), (27, 48), (27, 47), (27, 46), (27, 45), (26, 45), (26, 44), (25, 44), (25, 43), (25, 42), (25, 41), (25, 40), (25, 39), (25, 38), (25, 37), (25, 36), (25, 35), (25, 34), (25, 33), (25, 32), (25, 31), (25, 30), (25, 29), (25, 28), (25, 27), (25, 26), (25, 25), (25, 24), (25, 23), (25, 22), (25, 21), (25, 20), (24, 20), (23, 20), (22, 20), (21, 20), (20, 20), (20, 19), (20, 18), (21, 18), (21, 19), (21, 20), (21, 20)], 9: [(7, 77), (7, 76), (8, 76), (9, 76), (10, 76), (11, 76), (12, 76), (13, 76), (14, 76), (14, 75), (14, 74), (14, 73), (14, 72), (14, 71), (14, 70), (14, 69), (14, 68), (14, 67), (14, 66), (14, 65), (14, 64), (14, 63), (14, 62), (15, 62), (16, 62), (17, 62), (17, 61), (17, 60), (17, 59), (17, 58), (17, 57), (17, 56), (17, 55), (17, 54), (18, 54), (19, 54), (20, 54), (21, 54), (22, 54), (22, 53), (23, 53), (24, 53), (24, 52), (24, 51), (25, 51), (26, 51), (26, 50), (27, 50), (27, 49), (27, 48), (27, 47), (27, 46), (27, 45), (27, 44), (27, 43), (27, 42), (28, 42), (29, 42), (30, 42), (31, 42), (32, 42), (33, 42), (34, 42), (35, 42), (35, 42)]}, 113)