

CBSS-C STATS
starts:[3737, 956, 565, 1310, 1653]
targets:[889, 3468, 881, 659, 1727, 4056, 1679, 4686, 3809, 903, 2498, 3238, 3019, 416, 1516, 4688, 645, 2568, 1843, 2034]
dests:[414, 3715, 4568, 1324, 4396]
ac_dict:{889: {0, 1}, 3468: {1, 2}, 881: {2, 3}, 659: {3, 4}, 414: {0}, 3715: {1}, 4568: {2}, 1324: {3}, 4396: {4}}
clusters:[5 8 4 3 1 8 7 6 7 1 2 5 0 9 1 7 2 3 6 6]

round: 1
best_g_value: 334.0
open_list_size: 0
num_low_level_expanded: 1479
search_success: 1
search_time: 0.6160045401193202
n_tsp_call: 1
n_tsp_time: 0.5429918938316405
n_roots: 1
num_conflicts: 0
target_assignment: {3809: 0, 3019: 0, 2568: 0, 1843: 0, 1516: 0, 416: 0, 889: 1, 3468: 1, 881: 2, 2498: 4}
cluster_target_selection: {7: 3809, 0: 3019, 3: 2568, 6: 1843, 1: 1516, 9: 416, 5: 889, 8: 3468, 4: 881, 2: 2498}
num_nodes_transformed_graph: 54
agent_paths:({0: [(32, 57), (33, 57), (34, 57), (35, 57), (36, 57), (37, 57), (38, 57), (39, 57), (39, 58), (38, 58), (37, 58), (36, 58), (35, 58), (34, 58), (33, 58), (32, 58), (31, 58), (30, 58), (29, 58), (29, 57), (29, 56), (29, 55), (29, 54), (29, 53), (29, 52), (29, 51), (29, 50), (29, 49), (29, 48), (29, 47), (29, 46), (29, 45), (29, 44), (29, 43), (29, 42), (29, 41), (29, 40), (29, 39), (30, 39), (31, 39), (32, 39), (33, 39), (32, 39), (31, 39), (30, 39), (29, 39), (28, 39), (27, 39), (26, 39), (25, 39), (24, 39), (23, 39), (23, 38), (23, 37), (23, 36), (23, 35), (23, 34), (23, 33), (23, 32), (23, 31), (23, 30), (23, 29), (23, 28), (22, 28), (21, 28), (21, 27), (21, 26), (21, 25), (21, 24), (21, 23), (21, 22), (21, 21), (21, 20), (21, 19), (21, 18), (21, 17), (21, 16), (21, 15), (21, 14), (21, 13), (21, 12), (21, 11), (21, 10), (21, 9), (21, 8), (21, 7), (21, 6), (22, 6), (23, 6), (24, 6), (25, 6), (26, 6), (25, 6), (24, 6), (24, 6)], 1: [(46, 14), (45, 14), (44, 14), (44, 13), (43, 13), (42, 13), (41, 13), (40, 13), (39, 13), (38, 13), (37, 13), (36, 13), (35, 13), (34, 13), (33, 13), (32, 13), (31, 13), (30, 13), (29, 13), (28, 13), (27, 13), (27, 14), (27, 15), (27, 16), (27, 17), (27, 18), (27, 19), (27, 20), (27, 21), (27, 22), (27, 23), (27, 24), (27, 25), (27, 26), (27, 27), (27, 28), (27, 29), (27, 30), (27, 31), (27, 32), (27, 33), (27, 34), (27, 35), (27, 36), (27, 37), (27, 38), (27, 39), (27, 40), (27, 41), (27, 42), (27, 43), (27, 44), (27, 45), (27, 46), (27, 47), (27, 48), (27, 49), (27, 50), (26, 50), (26, 51), (25, 51), (24, 51), (24, 52), (24, 53), (23, 53), (22, 53), (22, 54), (21, 54), (20, 54), (19, 54), (18, 54), (17, 54), (16, 54), (15, 54), (14, 54), (13, 54), (12, 54), (11, 54), (10, 54), (10, 55), (10, 56), (10, 57), (10, 57)], 2: [(45, 8), (44, 8), (43, 8), (43, 9), (43, 10), (42, 10), (41, 10), (40, 10), (39, 10), (38, 10), (37, 10), (36, 10), (36, 11), (36, 12), (36, 13), (35, 13), (34, 13), (33, 13), (32, 13), (31, 13), (30, 13), (29, 13), (28, 13), (27, 13), (27, 14), (27, 15), (27, 16), (27, 17), (27, 18), (27, 19), (27, 20), (27, 21), (27, 22), (27, 23), (27, 24), (27, 25), (27, 26), (27, 27), (27, 28), (27, 29), (27, 30), (27, 31), (27, 32), (27, 33), (27, 34), (27, 35), (27, 36), (27, 37), (27, 38), (27, 39), (27, 40), (27, 41), (27, 42), (27, 43), (27, 44), (27, 45), (27, 46), (27, 47), (27, 48), (27, 49), (27, 50), (26, 50), (26, 51), (25, 51), (24, 51), (24, 52), (24, 53), (23, 53), (22, 53), (22, 54), (21, 54), (20, 54), (19, 54), (18, 54), (18, 55), (18, 56), (18, 57), (18, 58), (18, 59), (18, 60), (18, 61), (18, 62), (18, 63), (18, 64), (18, 65), (18, 66), (18, 67), (18, 68), (18, 69), (18, 70), (18, 70)], 3: [(10, 20), (11, 20), (12, 20), (13, 20), (14, 20), (15, 20), (16, 20), (17, 20), (18, 20), (19, 20), (20, 20), (21, 20), (22, 20), (23, 20), (24, 20), (24, 20)], 4: [(28, 25), (28, 26), (28, 27), (28, 28), (28, 29), (28, 30), (28, 31), (28, 32), (28, 33), (28, 34), (28, 35), (28, 36), (28, 37), (28, 38), (28, 39), (28, 40), (28, 41), (28, 42), (28, 43), (28, 44), (28, 45), (28, 46), (28, 47), (28, 48), (28, 49), (28, 50), (28, 51), (28, 52), (28, 53), (28, 54), (28, 55), (28, 56), (28, 57), (28, 58), (28, 59), (28, 60), (28, 61), (28, 62), (27, 62), (27, 63), (27, 64), (27, 65), (27, 66), (28, 66), (29, 66), (29, 67), (30, 67), (31, 67), (32, 67), (33, 67), (34, 67), (35, 67), (36, 67), (37, 67), (38, 67), (39, 67), (40, 67), (41, 67), (41, 67)]}, 93)