

CBSS-C STATS
starts:[527, 2554, 1456, 3855, 3629]
targets:[2827, 4884, 4911, 4796, 888, 2915, 507, 557, 3668, 4459, 4670, 3930, 2456, 866, 4344, 1450, 2002, 2450, 509, 4541]
dests:[155, 4608, 1469, 930, 2722]
ac_dict:{2827: {0, 1}, 4884: {1, 2}, 4911: {2, 3}, 4796: {3, 4}, 155: {0}, 4608: {1}, 1469: {2}, 930: {3}, 2722: {4}}
clusters:[3 7 8 8 2 8 0 5 9 1 3 3 5 3 1 4 2 5 6 4]

round: 1
best_g_value: 343.0
open_list_size: 0
num_low_level_expanded: 1428
search_success: 1
search_time: 3.3974927188828588
n_tsp_call: 1
n_tsp_time: 3.329747262876481
n_roots: 1
num_conflicts: 0
target_assignment: {866: 0, 888: 0, 509: 0, 507: 0, 557: 0, 2915: 4, 1450: 3, 3668: 1, 4884: 1, 4459: 1}
cluster_target_selection: {3: 866, 2: 888, 6: 509, 0: 507, 5: 557, 8: 2915, 4: 1450, 9: 3668, 7: 4884, 1: 4459}
num_nodes_transformed_graph: 98
agent_paths:({0: [(7, 8), (8, 8), (9, 8), (10, 8), (10, 9), (10, 10), (10, 11), (11, 11), (12, 11), (12, 12), (12, 13), (12, 14), (12, 15), (12, 16), (12, 17), (12, 18), (12, 19), (13, 19), (14, 19), (15, 19), (16, 19), (17, 19), (18, 19), (18, 18), (19, 18), (20, 18), (20, 17), (20, 16), (20, 15), (20, 14), (20, 13), (21, 13), (22, 13), (23, 13), (24, 13), (25, 13), (26, 13), (27, 13), (28, 13), (29, 13), (30, 13), (31, 13), (32, 13), (33, 13), (34, 13), (35, 13), (36, 13), (37, 13), (38, 13), (39, 13), (40, 13), (41, 13), (42, 13), (43, 13), (43, 12), (43, 11), (43, 10), (44, 10), (45, 10), (46, 10), (47, 10), (48, 10), (49, 10), (49, 9), (50, 9), (50, 8), (50, 7), (51, 7), (52, 7), (53, 7), (54, 7), (53, 7), (52, 7), (51, 7), (50, 7), (50, 8), (50, 9), (49, 9), (49, 10), (48, 10), (47, 10), (46, 10), (45, 10), (44, 10), (43, 10), (42, 10), (41, 10), (40, 10), (39, 10), (38, 10), (37, 10), (37, 9), (37, 8), (36, 8), (36, 9), (36, 10), (35, 10), (34, 10), (34, 11), (33, 11), (32, 11), (31, 11), (30, 11), (29, 11), (28, 11), (27, 11), (26, 11), (25, 11), (25, 10), (25, 9), (25, 8), (25, 7), (25, 6), (25, 5), (25, 4), (25, 3), (25, 2), (25, 2)], 1: [(19, 39), (20, 39), (21, 39), (22, 39), (23, 39), (24, 39), (25, 39), (26, 39), (27, 39), (28, 39), (28, 40), (28, 41), (28, 42), (28, 43), (28, 44), (28, 45), (28, 46), (28, 47), (28, 48), (28, 49), (28, 50), (28, 51), (28, 52), (28, 53), (28, 54), (28, 55), (28, 56), (27, 56), (26, 56), (25, 56), (24, 56), (23, 56), (22, 56), (21, 56), (20, 56), (19, 56), (18, 56), (17, 56), (17, 57), (17, 58), (17, 59), (17, 60), (17, 61), (17, 62), (16, 62), (15, 62), (14, 62), (14, 63), (14, 64), (14, 65), (14, 66), (14, 67), (14, 68), (14, 69), (14, 70), (14, 71), (14, 72), (14, 73), (14, 74), (14, 75), (14, 76), (13, 76), (12, 76), (11, 76), (10, 76), (9, 76), (9, 75), (9, 76), (10, 76), (11, 76), (12, 76), (13, 76), (14, 76), (14, 75), (14, 74), (14, 73), (14, 72), (14, 71), (14, 70), (14, 69), (14, 68), (15, 68), (16, 68), (17, 68), (18, 68), (19, 68), (20, 68), (21, 68), (22, 68), (23, 68), (24, 68), (25, 68), (26, 68), (27, 68), (28, 68), (29, 68), (30, 68), (31, 68), (32, 68), (33, 68), (34, 68), (35, 68), (36, 68), (37, 68), (38, 68), (39, 68), (40, 68), (41, 68), (42, 68), (43, 68), (44, 68), (45, 68), (46, 68), (47, 68), (48, 68), (49, 68), (50, 68), (51, 68), (52, 68), (53, 68), (54, 68), (55, 68), (56, 68), (57, 68), (58, 68), (58, 69), (58, 70), (58, 70)], 2: [(26, 22), (27, 22), (28, 22), (28, 23), (28, 24), (28, 25), (28, 26), (29, 26), (29, 27), (30, 27), (31, 27), (32, 27), (33, 27), (34, 27), (34, 26), (35, 26), (35, 25), (35, 24), (35, 23), (35, 22), (36, 22), (37, 22), (38, 22), (39, 22), (39, 22)], 3: [(20, 59), (20, 58), (20, 57), (20, 56), (20, 55), (20, 54), (21, 54), (22, 54), (22, 53), (23, 53), (24, 53), (24, 52), (24, 51), (25, 51), (26, 51), (26, 50), (27, 50), (27, 49), (27, 48), (27, 47), (27, 46), (27, 45), (26, 45), (26, 44), (25, 44), (24, 44), (23, 44), (22, 44), (21, 44), (20, 44), (20, 43), (20, 42), (20, 41), (20, 40), (20, 39), (20, 38), (20, 37), (20, 36), (20, 35), (20, 34), (20, 33), (20, 32), (20, 31), (20, 30), (20, 29), (20, 28), (20, 27), (20, 26), (20, 25), (20, 24), (20, 23), (20, 22), (20, 21), (20, 20), (20, 19), (20, 18), (20, 17), (20, 16), (20, 15), (20, 14), (20, 14)], 4: [(54, 55), (54, 54), (54, 53), (54, 52), (54, 51), (54, 50), (53, 50), (53, 49), (53, 48), (53, 47), (53, 46), (53, 45), (53, 44), (54, 44), (55, 44), (55, 43), (55, 42), (55, 41), (56, 41), (57, 41), (57, 41)]}, 126)