

CBSS-C STATS
starts:[890, 2374, 2369, 1381, 314, 2306, 522, 2578, 4099, 1246]
targets:[1581, 4524, 946, 4576, 2436, 4763, 4723, 3823, 2644, 2917]
dests:[3993, 1239, 1002, 4185, 2585, 398, 4350, 3795, 832, 3717]
ac_dict:{1581: {0, 1}, 4524: {1, 2}, 946: {2, 3}, 4576: {3, 4}, 2436: {4, 5}, 4763: {5, 6}, 4723: {6, 7}, 3823: {8, 7}, 2644: {8, 9}, 3993: {0}, 1239: {1}, 1002: {2}, 4185: {3}, 2585: {4}, 398: {5}, 4350: {6}, 3795: {7}, 832: {8}, 3717: {9}}
clusters:[4 0 2 4 4 2 3 1 4 0]

round: 34
best_g_value: 783.0
open_list_size: 33
num_low_level_expanded: 55803
search_success: 1
search_time: 4.812894510105252
n_tsp_call: 11
n_tsp_time: 1.343427799642086
n_roots: 1
num_conflicts: 33
target_assignment: {946: 2, 1581: 1, 4723: 6, 2917: 8, 3823: 8}
cluster_target_selection: {2: 946, 4: 1581, 3: 4723, 0: 2917, 1: 3823}
num_nodes_transformed_graph: 34
agent_paths:({0: [(45, 13), (44, 13), (43, 13), (42, 13), (41, 13), (40, 13), (39, 13), (38, 13), (37, 13), (36, 13), (35, 13), (34, 13), (33, 13), (32, 13), (31, 13), (30, 13), (29, 13), (28, 13), (28, 14), (27, 14), (27, 15), (27, 16), (27, 17), (27, 18), (28, 18), (28, 19), (28, 20), (28, 21), (28, 22), (28, 23), (28, 24), (28, 25), (28, 26), (28, 27), (28, 28), (28, 29), (28, 30), (28, 31), (28, 32), (28, 33), (28, 34), (28, 35), (28, 36), (28, 37), (28, 38), (28, 39), (28, 40), (28, 41), (28, 42), (28, 43), (28, 44), (28, 45), (28, 46), (28, 47), (28, 48), (28, 49), (28, 50), (28, 51), (28, 52), (28, 53), (28, 54), (28, 55), (28, 56), (28, 57), (28, 58), (28, 59), (28, 60), (28, 61), (28, 61)], 1: [(34, 36), (33, 36), (32, 36), (31, 36), (30, 36), (29, 36), (28, 36), (27, 36), (26, 36), (25, 36), (24, 36), (23, 36), (22, 36), (21, 36), (21, 35), (21, 34), (21, 33), (21, 32), (21, 31), (21, 30), (21, 29), (21, 28), (21, 27), (21, 26), (21, 25), (21, 24), (20, 24), (19, 24), (19, 23), (19, 22), (19, 21), (18, 21), (17, 21), (16, 21), (15, 21), (14, 21), (13, 21), (12, 21), (11, 21), (10, 21), (9, 21), (8, 21), (7, 21), (6, 21), (5, 21), (4, 21), (4, 20), (4, 19), (4, 19)], 2: [(29, 36), (29, 35), (29, 34), (29, 33), (29, 32), (29, 31), (29, 30), (29, 29), (29, 28), (29, 27), (29, 26), (28, 26), (28, 25), (28, 24), (28, 23), (28, 22), (28, 21), (28, 20), (28, 19), (28, 18), (27, 18), (26, 18), (26, 17), (26, 16), (26, 15), (26, 14), (27, 14), (28, 14), (29, 14), (29, 13), (30, 13), (31, 13), (32, 13), (33, 13), (34, 13), (35, 13), (36, 13), (36, 14), (35, 14), (35, 13), (34, 13), (33, 13), (32, 13), (31, 13), (30, 13), (29, 13), (28, 13), (27, 13), (27, 14), (27, 15), (27, 15)], 3: [(16, 21), (17, 21), (18, 21), (19, 21), (20, 21), (21, 21), (22, 21), (23, 21), (24, 21), (25, 21), (25, 22), (25, 23), (25, 24), (25, 25), (25, 26), (25, 27), (25, 28), (25, 29), (25, 30), (25, 31), (25, 32), (25, 33), (25, 34), (25, 35), (25, 36), (25, 37), (25, 38), (25, 39), (25, 40), (25, 41), (25, 42), (25, 43), (25, 44), (26, 44), (26, 45), (27, 45), (27, 46), (27, 47), (27, 48), (27, 49), (27, 50), (26, 50), (26, 51), (26, 52), (26, 53), (26, 54), (26, 55), (26, 56), (26, 57), (26, 58), (26, 59), (25, 59), (25, 60), (25, 61), (25, 62), (25, 63), (25, 64), (25, 64)], 4: [(54, 4), (53, 4), (52, 4), (52, 5), (51, 5), (50, 5), (50, 6), (50, 7), (50, 8), (50, 9), (50, 10), (50, 11), (50, 12), (49, 12), (48, 12), (47, 12), (46, 12), (45, 12), (44, 12), (43, 12), (42, 12), (41, 12), (40, 12), (39, 12), (38, 12), (37, 12), (36, 12), (35, 12), (34, 12), (33, 12), (32, 12), (31, 12), (31, 13), (30, 13), (29, 13), (29, 14), (28, 14), (27, 14), (27, 15), (27, 16), (27, 17), (27, 18), (28, 18), (28, 19), (28, 20), (28, 21), (28, 22), (28, 23), (28, 24), (28, 25), (28, 26), (29, 26), (29, 27), (29, 28), (29, 29), (29, 30), (29, 31), (29, 32), (29, 33), (29, 34), (29, 35), (30, 35), (31, 35), (32, 35), (33, 35), (34, 35), (34, 36), (34, 37), (35, 37), (36, 37), (37, 37), (38, 37), (38, 38), (39, 38), (40, 38), (41, 38), (42, 38), (43, 38), (44, 38), (45, 38), (46, 38), (47, 38), (48, 38), (49, 38), (50, 38), (50, 39), (50, 39)], 5: [(31, 35), (30, 35), (29, 35), (28, 35), (27, 35), (26, 35), (25, 35), (24, 35), (23, 35), (22, 35), (21, 35), (20, 35), (20, 34), (20, 33), (20, 32), (20, 31), (20, 30), (20, 29), (20, 28), (19, 28), (19, 27), (19, 26), (19, 25), (19, 24), (19, 23), (19, 22), (19, 21), (18, 21), (17, 21), (16, 21), (15, 21), (14, 21), (13, 21), (12, 21), (11, 21), (10, 21), (9, 21), (9, 20), (9, 19), (9, 18), (9, 17), (9, 16), (9, 15), (8, 15), (8, 14), (8, 13), (8, 12), (8, 11), (8, 10), (8, 9), (8, 8), (8, 7), (8, 6), (8, 6)], 6: [(2, 8), (3, 8), (4, 8), (5, 8), (6, 8), (7, 8), (8, 8), (9, 8), (10, 8), (10, 9), (10, 10), (10, 11), (11, 11), (12, 11), (12, 12), (12, 13), (12, 14), (12, 15), (12, 16), (12, 17), (12, 18), (12, 19), (13, 19), (14, 19), (15, 19), (16, 19), (17, 19), (18, 19), (19, 19), (20, 19), (21, 19), (22, 19), (23, 19), (24, 19), (25, 19), (26, 19), (27, 19), (27, 20), (27, 21), (27, 22), (27, 23), (27, 24), (27, 25), (27, 26), (27, 27), (27, 28), (27, 29), (27, 30), (27, 31), (27, 32), (27, 33), (27, 34), (27, 35), (27, 36), (27, 37), (27, 38), (27, 39), (27, 40), (27, 41), (27, 42), (27, 43), (27, 44), (27, 45), (27, 46), (27, 47), (27, 48), (27, 49), (27, 50), (27, 51), (27, 52), (27, 53), (27, 54), (27, 55), (27, 56), (27, 57), (27, 58), (27, 59), (27, 60), (27, 61), (27, 62), (27, 63), (27, 64), (27, 65), (27, 66), (28, 66), (29, 66), (29, 67), (30, 67), (31, 67), (32, 67), (33, 67), (34, 67), (35, 67), (36, 67), (37, 67), (38, 67), (39, 67), (40, 67), (41, 67), (42, 67), (43, 67), (43, 68), (43, 69), (43, 70), (43, 71), (43, 72), (43, 71), (43, 70), (43, 69), (43, 68), (43, 67), (43, 66), (44, 66), (45, 66), (46, 66), (47, 66), (48, 66), (49, 66), (50, 66), (51, 66), (52, 66), (53, 66), (54, 66), (55, 66), (56, 66), (57, 66), (58, 66), (59, 66), (60, 66), (60, 66)], 7: [(43, 39), (42, 39), (41, 39), (40, 39), (39, 39), (38, 39), (37, 39), (36, 39), (35, 39), (34, 39), (33, 39), (32, 39), (31, 39), (30, 39), (29, 39), (28, 39), (27, 39), (27, 40), (27, 41), (27, 42), (27, 43), (27, 44), (27, 45), (27, 46), (27, 47), (27, 48), (27, 49), (27, 50), (26, 50), (26, 51), (25, 51), (25, 52), (25, 53), (25, 54), (25, 55), (25, 56), (25, 57), (25, 58), (25, 58)], 8: [(4, 63), (4, 62), (4, 61), (4, 60), (4, 59), (4, 58), (4, 57), (4, 56), (4, 55), (4, 54), (5, 54), (6, 54), (7, 54), (8, 54), (9, 54), (10, 54), (11, 54), (12, 54), (13, 54), (14, 54), (15, 54), (16, 54), (17, 54), (18, 54), (19, 54), (20, 54), (21, 54), (22, 54), (22, 53), (23, 53), (24, 53), (24, 52), (24, 51), (25, 51), (26, 51), (26, 50), (27, 50), (27, 49), (28, 49), (28, 48), (28, 47), (28, 46), (28, 45), (28, 44), (29, 44), (30, 44), (31, 44), (32, 44), (33, 44), (34, 44), (35, 44), (36, 44), (37, 44), (37, 43), (37, 42), (38, 42), (39, 42), (40, 42), (41, 42), (42, 42), (43, 42), (44, 42), (45, 42), (46, 42), (47, 42), (48, 42), (49, 42), (50, 42), (51, 42), (52, 42), (53, 42), (54, 42), (55, 42), (56, 42), (57, 42), (57, 43), (57, 44), (56, 44), (55, 44), (54, 44), (53, 44), (53, 45), (53, 46), (53, 47), (53, 48), (53, 49), (53, 50), (53, 51), (53, 52), (53, 53), (53, 54), (53, 55), (53, 56), (53, 57), (53, 58), (52, 58), (52, 57), (52, 56), (52, 55), (52, 54), (52, 53), (52, 52), (52, 51), (52, 50), (52, 49), (52, 48), (52, 47), (52, 46), (52, 45), (52, 44), (52, 43), (52, 42), (52, 41), (52, 40), (52, 39), (52, 38), (51, 38), (50, 38), (49, 38), (48, 38), (47, 38), (46, 38), (45, 38), (44, 38), (43, 38), (42, 38), (41, 38), (40, 38), (39, 38), (38, 38), (38, 37), (37, 37), (36, 37), (35, 37), (34, 37), (34, 36), (34, 35), (33, 35), (32, 35), (31, 35), (30, 35), (29, 35), (29, 34), (29, 33), (29, 32), (29, 31), (29, 30), (29, 29), (29, 28), (29, 27), (29, 26), (28, 26), (28, 25), (28, 24), (28, 23), (28, 22), (28, 21), (28, 20), (28, 19), (28, 18), (27, 18), (27, 17), (27, 16), (26, 16), (26, 15), (26, 14), (26, 13), (26, 12), (27, 12), (28, 12), (29, 12), (30, 12), (31, 12), (32, 12), (33, 12), (34, 12), (35, 12), (36, 12), (37, 12), (38, 12), (39, 12), (40, 12), (41, 12), (42, 12), (43, 12), (44, 12), (45, 12), (46, 12), (47, 12), (48, 12), (49, 12), (50, 12), (51, 12), (52, 12), (52, 12)], 9: [(11, 19), (12, 19), (12, 20), (12, 21), (13, 21), (14, 21), (15, 21), (16, 21), (17, 21), (18, 21), (19, 21), (19, 22), (19, 23), (19, 24), (19, 25), (19, 26), (19, 27), (19, 28), (19, 29), (19, 30), (19, 31), (19, 32), (19, 33), (19, 34), (19, 35), (19, 36), (19, 37), (19, 38), (19, 39), (19, 40), (19, 41), (19, 42), (20, 42), (20, 43), (20, 44), (21, 44), (22, 44), (23, 44), (24, 44), (25, 44), (26, 44), (26, 45), (27, 45), (27, 46), (27, 47), (27, 48), (27, 49), (27, 50), (26, 50), (26, 51), (25, 51), (24, 51), (24, 52), (24, 53), (23, 53), (22, 53), (22, 54), (21, 54), (20, 54), (19, 54), (18, 54), (17, 54), (16, 54), (15, 54), (14, 54), (13, 54), (12, 54), (12, 55), (12, 56), (12, 57), (12, 57)]}, 193)