

CBSS-C STATS
starts:[5106, 1292, 3580, 4544, 2043]
targets:[4980, 2752, 660, 4101, 4426, 4451, 924, 1908, 2895, 577, 1517, 4991, 5107, 4881, 621, 4785, 1985, 3918, 705, 4535]
dests:[1308, 1999, 5083, 4018, 3862]
ac_dict:{4980: {0, 1}, 2752: {1, 2}, 660: {2, 3}, 4101: {3, 4}, 1308: {0}, 1999: {1}, 5083: {2}, 4018: {3}, 3862: {4}}
clusters:[5 1 6 2 8 1 3 0 7 0 4 4 8 3 3 3 5 1 9 5]

round: 4
best_g_value: 495.0
open_list_size: 3
num_low_level_expanded: 3403
search_success: 1
search_time: 46.63871203409508
n_tsp_call: 13
n_tsp_time: 45.90673697413877
n_roots: 1
num_conflicts: 3
target_assignment: {5107: 0, 1908: 0, 4535: 3, 4451: 3, 4101: 3, 621: 3, 705: 3, 660: 3, 1517: 3, 2895: 3}
cluster_target_selection: {8: 5107, 0: 1908, 5: 4535, 1: 4451, 2: 4101, 3: 621, 9: 705, 6: 660, 4: 1517, 7: 2895}
num_nodes_transformed_graph: 98
agent_paths:({0: [(36, 78), (37, 78), (36, 78), (36, 77), (36, 76), (36, 75), (36, 74), (36, 73), (35, 73), (34, 73), (34, 72), (34, 71), (34, 70), (34, 69), (33, 69), (32, 69), (31, 69), (30, 69), (29, 69), (28, 69), (27, 69), (26, 69), (26, 68), (26, 67), (26, 66), (26, 65), (26, 64), (26, 63), (26, 62), (26, 61), (26, 60), (26, 59), (26, 58), (26, 57), (26, 56), (26, 55), (26, 54), (26, 53), (26, 52), (26, 51), (26, 50), (27, 50), (27, 49), (27, 48), (27, 47), (27, 46), (27, 45), (26, 45), (26, 44), (25, 44), (24, 44), (23, 44), (23, 43), (23, 42), (23, 41), (23, 40), (23, 39), (23, 38), (23, 37), (23, 36), (23, 35), (23, 34), (23, 33), (23, 32), (23, 31), (23, 30), (23, 29), (22, 29), (21, 29), (20, 29), (19, 29), (19, 28), (19, 27), (19, 26), (19, 25), (19, 24), (19, 23), (19, 22), (19, 21), (18, 21), (17, 21), (16, 21), (15, 21), (14, 21), (13, 21), (12, 21), (11, 21), (10, 21), (9, 21), (8, 21), (8, 20), (8, 20)], 1: [(57, 19), (56, 19), (55, 19), (54, 19), (53, 19), (52, 19), (51, 19), (51, 20), (51, 21), (51, 22), (51, 23), (51, 24), (51, 25), (51, 26), (51, 27), (50, 27), (49, 27), (49, 28), (49, 29), (49, 30), (49, 30)], 2: [(5, 55), (6, 55), (7, 55), (8, 55), (9, 55), (10, 55), (11, 55), (11, 56), (11, 57), (11, 58), (11, 59), (11, 60), (12, 60), (12, 61), (13, 61), (13, 62), (13, 63), (14, 63), (14, 64), (14, 65), (14, 66), (14, 67), (14, 68), (14, 69), (14, 70), (14, 71), (14, 72), (14, 73), (14, 74), (14, 75), (14, 76), (13, 76), (13, 77), (13, 78), (13, 78)], 3: [(59, 69), (58, 69), (57, 69), (56, 69), (55, 69), (54, 69), (53, 69), (52, 69), (51, 69), (50, 69), (49, 69), (48, 69), (47, 69), (46, 69), (45, 69), (44, 69), (43, 69), (42, 69), (41, 69), (40, 69), (39, 69), (38, 69), (37, 69), (36, 69), (35, 69), (34, 69), (33, 69), (32, 69), (31, 69), (31, 68), (30, 68), (29, 68), (28, 68), (27, 68), (26, 68), (25, 68), (24, 68), (23, 68), (22, 68), (21, 68), (20, 68), (19, 68), (18, 68), (17, 68), (16, 68), (15, 68), (14, 68), (14, 67), (14, 66), (14, 65), (14, 64), (14, 63), (13, 63), (12, 63), (11, 63), (10, 63), (9, 63), (8, 63), (7, 63), (6, 63), (6, 62), (7, 62), (8, 62), (8, 61), (9, 61), (10, 61), (10, 60), (10, 59), (10, 58), (10, 57), (10, 56), (10, 55), (10, 54), (11, 54), (12, 54), (13, 54), (14, 54), (15, 54), (16, 54), (17, 54), (18, 54), (19, 54), (20, 54), (21, 54), (22, 54), (22, 53), (23, 53), (24, 53), (24, 52), (24, 51), (25, 51), (26, 51), (26, 50), (27, 50), (27, 49), (27, 48), (27, 47), (27, 46), (27, 45), (27, 44), (27, 43), (27, 42), (27, 41), (27, 40), (27, 39), (27, 38), (27, 37), (27, 36), (27, 35), (27, 34), (27, 33), (27, 32), (27, 31), (27, 30), (27, 29), (27, 28), (27, 27), (27, 26), (27, 25), (27, 24), (27, 23), (27, 22), (27, 21), (27, 20), (27, 19), (27, 18), (27, 17), (27, 16), (27, 15), (27, 14), (27, 13), (27, 12), (27, 11), (28, 11), (29, 11), (30, 11), (31, 11), (32, 11), (33, 11), (34, 11), (34, 10), (35, 10), (36, 10), (36, 9), (37, 9), (38, 9), (39, 9), (39, 10), (40, 10), (41, 10), (42, 10), (43, 10), (44, 10), (45, 10), (46, 10), (47, 10), (48, 10), (49, 10), (50, 10), (51, 10), (52, 10), (53, 10), (54, 10), (55, 10), (54, 10), (53, 10), (52, 10), (51, 10), (50, 10), (49, 10), (48, 10), (47, 10), (46, 10), (45, 10), (44, 10), (43, 10), (42, 10), (41, 10), (40, 10), (39, 10), (38, 10), (37, 10), (36, 10), (35, 10), (34, 10), (34, 11), (33, 11), (32, 11), (31, 11), (30, 11), (29, 11), (28, 11), (27, 11), (26, 11), (25, 11), (24, 11), (23, 11), (22, 11), (21, 11), (20, 11), (20, 12), (20, 13), (20, 14), (20, 15), (20, 16), (20, 17), (20, 18), (19, 18), (18, 18), (18, 19), (17, 19), (16, 19), (15, 19), (14, 19), (13, 19), (12, 19), (11, 19), (10, 19), (10, 18), (10, 17), (10, 16), (10, 15), (10, 14), (10, 13), (10, 12), (10, 11), (10, 10), (10, 11), (11, 11), (12, 11), (12, 12), (12, 13), (12, 14), (12, 15), (12, 16), (12, 17), (12, 18), (12, 19), (13, 19), (14, 19), (15, 19), (16, 19), (17, 19), (18, 19), (19, 19), (20, 19), (21, 19), (22, 19), (22, 20), (22, 21), (22, 22), (22, 23), (23, 23), (24, 23), (25, 23), (26, 23), (27, 23), (28, 23), (28, 24), (28, 25), (28, 26), (29, 26), (29, 27), (29, 28), (29, 29), (29, 30), (29, 31), (29, 32), (29, 33), (29, 34), (29, 35), (30, 35), (31, 35), (32, 35), (33, 35), (34, 35), (34, 36), (34, 37), (35, 37), (35, 38), (35, 39), (35, 40), (35, 41), (35, 42), (35, 43), (35, 44), (36, 44), (37, 44), (37, 43), (37, 42), (38, 42), (39, 42), (40, 42), (41, 42), (42, 42), (43, 42), (44, 42), (45, 42), (46, 42), (47, 42), (48, 42), (49, 42), (50, 42), (51, 42), (52, 42), (53, 42), (53, 43), (53, 44), (53, 45), (53, 46), (53, 47), (53, 48), (53, 49), (53, 50), (53, 51), (53, 52), (53, 53), (53, 54), (53, 55), (53, 56), (53, 57), (53, 58), (53, 59), (53, 60), (53, 61), (53, 61)], 4: [(28, 31), (27, 31), (27, 32), (27, 33), (27, 34), (27, 35), (27, 36), (27, 37), (27, 38), (27, 39), (27, 40), (27, 41), (27, 42), (27, 43), (27, 44), (27, 45), (27, 46), (27, 47), (27, 48), (27, 49), (27, 50), (27, 51), (27, 52), (27, 53), (27, 54), (27, 55), (27, 56), (27, 57), (27, 58), (27, 59), (27, 59)]}, 324)