

CBSS-C STATS
starts:[945, 4386, 3774, 3305, 3512]
targets:[2556, 2640, 4989, 2308, 1887, 2914, 4571, 4057, 4658, 855, 3885, 711, 698, 1717, 4328, 4983, 827, 3866, 995, 917]
dests:[3977, 4385, 4399, 2726, 3679]
ac_dict:{2556: {0, 1}, 2640: {1, 2}, 4989: {2, 3}, 2308: {3, 4}, 3977: {0}, 4385: {1}, 4399: {2}, 2726: {3}, 3679: {4}}
clusters:[0 1 0 3 9 6 9 2 0 3 4 1 8 6 5 0 0 7 9 0]

round: 4
best_g_value: 324.0
open_list_size: 3
num_low_level_expanded: 2815
search_success: 1
search_time: 4.292403453029692
n_tsp_call: 13
n_tsp_time: 3.8993562101386487
n_roots: 1
num_conflicts: 3
target_assignment: {711: 0, 698: 0, 827: 0, 995: 0, 855: 0, 1717: 0, 4057: 0, 3885: 3, 4328: 2, 3866: 4}
cluster_target_selection: {1: 711, 8: 698, 0: 827, 9: 995, 3: 855, 6: 1717, 2: 4057, 4: 3885, 5: 4328, 7: 3866}
num_nodes_transformed_graph: 54
agent_paths:({0: [(35, 14), (35, 13), (35, 12), (35, 11), (35, 10), (36, 10), (37, 10), (38, 10), (39, 10), (40, 10), (41, 10), (42, 10), (43, 10), (44, 10), (45, 10), (46, 10), (47, 10), (48, 10), (49, 10), (50, 10), (51, 10), (52, 10), (53, 10), (54, 10), (55, 10), (56, 10), (57, 10), (58, 10), (59, 10), (60, 10), (61, 10), (60, 10), (59, 10), (58, 10), (57, 10), (56, 10), (55, 10), (54, 10), (53, 10), (52, 10), (51, 10), (50, 10), (49, 10), (48, 10), (47, 10), (47, 11), (47, 12), (46, 12), (45, 12), (44, 12), (43, 12), (42, 12), (41, 12), (40, 12), (39, 12), (38, 12), (37, 12), (36, 12), (35, 12), (34, 12), (33, 12), (32, 12), (31, 12), (30, 12), (29, 12), (28, 12), (27, 12), (26, 12), (25, 12), (24, 12), (23, 12), (22, 12), (21, 12), (20, 12), (20, 13), (20, 14), (20, 15), (20, 16), (20, 17), (20, 18), (19, 18), (18, 18), (18, 19), (17, 19), (16, 19), (15, 19), (14, 19), (13, 19), (12, 19), (11, 19), (10, 19), (10, 18), (10, 17), (10, 16), (10, 15), (10, 14), (10, 13), (11, 13), (12, 13), (12, 14), (12, 15), (12, 16), (12, 17), (12, 18), (12, 19), (13, 19), (14, 19), (15, 19), (16, 19), (17, 19), (18, 19), (19, 19), (20, 19), (21, 19), (22, 19), (23, 19), (24, 19), (25, 19), (26, 19), (27, 19), (27, 20), (27, 21), (27, 22), (27, 23), (27, 24), (27, 25), (27, 26), (27, 27), (27, 28), (27, 29), (27, 30), (27, 31), (27, 32), (27, 33), (27, 34), (27, 35), (27, 36), (27, 37), (27, 38), (27, 39), (27, 40), (27, 41), (27, 42), (27, 43), (27, 44), (27, 45), (27, 46), (27, 47), (27, 48), (27, 49), (27, 50), (27, 51), (27, 52), (27, 53), (27, 54), (27, 55), (27, 56), (27, 57), (27, 58), (27, 59), (27, 60), (27, 61), (27, 62), (26, 62), (25, 62), (25, 63), (24, 63), (24, 64), (23, 64), (22, 64), (21, 64), (20, 64), (19, 64), (18, 64), (17, 64), (16, 64), (15, 64), (14, 64), (14, 63), (13, 63), (12, 63), (12, 62), (12, 61), (12, 61)], 1: [(31, 67), (30, 67), (30, 67)], 2: [(4, 58), (4, 59), (4, 60), (4, 61), (4, 62), (5, 62), (6, 62), (7, 62), (8, 62), (9, 62), (10, 62), (11, 62), (12, 62), (13, 62), (14, 62), (15, 62), (16, 62), (17, 62), (18, 62), (19, 62), (19, 63), (20, 63), (21, 63), (21, 64), (22, 64), (23, 64), (24, 64), (25, 64), (26, 64), (27, 64), (27, 65), (27, 66), (28, 66), (29, 66), (29, 67), (29, 68), (30, 68), (31, 68), (31, 67), (32, 67), (33, 67), (34, 67), (34, 66), (35, 66), (36, 66), (37, 66), (38, 66), (39, 66), (40, 66), (41, 66), (42, 66), (43, 66), (44, 66), (44, 67), (44, 67)], 3: [(55, 50), (54, 50), (53, 50), (52, 50), (51, 50), (51, 51), (51, 52), (51, 53), (51, 54), (51, 55), (51, 56), (51, 57), (50, 57), (50, 58), (50, 59), (50, 58), (50, 57), (51, 57), (51, 56), (51, 55), (51, 54), (51, 53), (51, 52), (51, 51), (51, 50), (52, 50), (52, 49), (52, 48), (52, 47), (52, 46), (52, 45), (52, 44), (52, 43), (52, 42), (52, 41), (53, 41), (54, 41), (55, 41), (56, 41), (57, 41), (58, 41), (59, 41), (60, 41), (61, 41), (61, 41)], 4: [(2, 54), (3, 54), (4, 54), (5, 54), (6, 54), (7, 54), (8, 54), (9, 54), (10, 54), (11, 54), (12, 54), (13, 54), (14, 54), (15, 54), (16, 54), (17, 54), (18, 54), (19, 54), (20, 54), (21, 54), (22, 54), (23, 54), (24, 54), (25, 54), (26, 54), (27, 54), (28, 54), (29, 54), (30, 54), (31, 54), (31, 55), (31, 56), (31, 57), (31, 58), (31, 59), (31, 58), (31, 57), (31, 56), (32, 56), (33, 56), (34, 56), (35, 56), (36, 56), (37, 56), (38, 56), (39, 56), (39, 56)]}, 182)