

CBSS-C STATS
starts:[4634, 856, 2525, 2567, 1858, 923, 2882, 801, 149, 4412]
targets:[2893, 2517, 630, 3839, 3484, 4660, 788, 4449, 1823, 2239, 1117, 397, 4916, 3696, 1255]
dests:[918, 1586, 831, 2526, 3681, 718, 2229, 4372, 1716, 1547]
ac_dict:{2893: {0, 1}, 2517: {1, 2}, 630: {2, 3}, 3839: {3, 4}, 3484: {4, 5}, 4660: {5, 6}, 788: {6, 7}, 4449: {8, 7}, 1823: {8, 9}, 918: {0}, 1586: {1}, 831: {2}, 2526: {3}, 3681: {4}, 718: {5}, 2229: {6}, 4372: {7}, 1716: {8}, 1547: {9}}
clusters:[8 8 9 0 4 1 2 8 3 9 0 8 5 7 6]

round: 26
best_g_value: 727.0
open_list_size: 25
num_low_level_expanded: 28828
search_success: 1
search_time: 21.355033123865724
n_tsp_call: 20
n_tsp_time: 19.06391846202314
n_roots: 1
num_conflicts: 25
target_assignment: {1255: 1, 2239: 9, 788: 7, 1117: 7, 3696: 3, 1823: 8, 3484: 4, 4916: 6, 4660: 6, 2517: 2}
cluster_target_selection: {6: 1255, 9: 2239, 2: 788, 0: 1117, 7: 3696, 3: 1823, 4: 3484, 5: 4916, 1: 4660, 8: 2517}
num_nodes_transformed_graph: 98
agent_paths:({0: [(19, 71), (19, 70), (19, 69), (19, 68), (19, 67), (19, 66), (19, 65), (19, 64), (19, 63), (19, 62), (19, 61), (19, 60), (19, 59), (19, 58), (19, 57), (19, 56), (19, 55), (19, 54), (20, 54), (21, 54), (22, 54), (22, 53), (23, 53), (24, 53), (24, 52), (24, 51), (25, 51), (26, 51), (26, 50), (27, 50), (27, 49), (27, 48), (27, 47), (27, 46), (27, 45), (26, 45), (26, 44), (25, 44), (24, 44), (23, 44), (22, 44), (21, 44), (20, 44), (20, 43), (20, 42), (20, 41), (20, 40), (20, 39), (20, 38), (20, 37), (20, 36), (20, 35), (20, 34), (20, 33), (20, 32), (20, 31), (20, 30), (20, 29), (20, 28), (20, 27), (20, 26), (20, 25), (20, 24), (20, 23), (20, 22), (20, 21), (20, 20), (19, 20), (18, 20), (17, 20), (16, 20), (15, 20), (14, 20), (13, 20), (12, 20), (11, 20), (10, 20), (9, 20), (9, 19), (9, 18), (9, 17), (9, 16), (9, 15), (8, 15), (8, 14), (8, 14)], 1: [(11, 13), (12, 13), (12, 14), (12, 15), (12, 16), (12, 17), (12, 18), (12, 19), (13, 19), (14, 19), (15, 19), (16, 19), (17, 19), (18, 19), (19, 19), (20, 19), (21, 19), (22, 19), (23, 19), (24, 19), (25, 19), (26, 19), (26, 20), (26, 21), (26, 22), (26, 23), (26, 24), (26, 24)], 2: [(55, 38), (54, 38), (53, 38), (52, 38), (51, 38), (50, 38), (49, 38), (48, 38), (47, 38), (46, 38), (45, 38), (44, 38), (43, 38), (42, 38), (41, 38), (40, 38), (39, 38), (38, 38), (38, 37), (37, 37), (36, 37), (35, 37), (34, 37), (34, 36), (34, 35), (33, 35), (32, 35), (31, 35), (30, 35), (29, 35), (29, 34), (29, 33), (29, 32), (29, 31), (29, 30), (29, 29), (29, 28), (29, 27), (29, 26), (28, 26), (28, 25), (28, 24), (28, 23), (28, 22), (28, 21), (28, 20), (28, 19), (28, 18), (27, 18), (27, 17), (27, 16), (27, 15), (27, 14), (27, 13), (27, 12), (28, 12), (29, 12), (30, 12), (31, 12), (32, 12), (33, 12), (34, 12), (35, 12), (36, 12), (37, 12), (38, 12), (39, 12), (40, 12), (41, 12), (42, 12), (43, 12), (44, 12), (45, 12), (46, 12), (47, 12), (48, 12), (49, 12), (50, 12), (51, 12), (51, 12)], 3: [(32, 39), (33, 39), (34, 39), (35, 39), (36, 39), (37, 39), (38, 39), (39, 39), (40, 39), (41, 39), (42, 39), (43, 39), (44, 39), (45, 39), (46, 39), (47, 39), (48, 39), (49, 39), (50, 39), (51, 39), (52, 39), (53, 39), (53, 40), (53, 41), (53, 42), (53, 43), (53, 44), (53, 45), (53, 46), (53, 47), (53, 48), (53, 49), (53, 50), (54, 50), (55, 50), (56, 50), (56, 51), (56, 52), (56, 53), (56, 54), (56, 55), (56, 56), (56, 55), (56, 54), (56, 53), (56, 52), (56, 51), (56, 50), (55, 50), (54, 50), (53, 50), (53, 49), (53, 48), (53, 47), (53, 46), (53, 45), (53, 44), (53, 43), (53, 42), (53, 41), (53, 40), (53, 39), (53, 38), (54, 38), (55, 38), (56, 38), (56, 38)], 4: [(38, 28), (38, 29), (37, 29), (36, 29), (35, 29), (34, 29), (33, 29), (32, 29), (31, 29), (30, 29), (29, 29), (29, 30), (29, 31), (29, 32), (29, 33), (29, 34), (29, 35), (29, 36), (29, 37), (29, 38), (29, 39), (29, 40), (29, 41), (29, 42), (29, 43), (29, 44), (29, 45), (29, 46), (29, 47), (29, 48), (29, 49), (29, 50), (30, 50), (30, 51), (31, 51), (32, 51), (33, 51), (33, 52), (33, 53), (34, 53), (35, 53), (36, 53), (37, 53), (38, 53), (39, 53), (40, 53), (41, 53), (41, 54), (41, 55), (41, 56), (41, 56)], 5: [(13, 14), (12, 14), (11, 14), (10, 14), (9, 14), (8, 14), (7, 14), (6, 14), (5, 14), (4, 14), (3, 14), (3, 13), (3, 12), (3, 11), (3, 11)], 6: [(22, 44), (23, 44), (24, 44), (25, 44), (26, 44), (27, 44), (27, 45), (27, 46), (27, 47), (27, 48), (27, 49), (27, 50), (27, 51), (27, 52), (27, 53), (27, 54), (27, 55), (27, 56), (27, 57), (27, 58), (27, 59), (27, 60), (27, 61), (27, 62), (27, 63), (27, 64), (27, 65), (27, 66), (28, 66), (28, 67), (29, 67), (30, 67), (31, 67), (32, 67), (33, 67), (34, 67), (35, 67), (36, 67), (37, 67), (38, 67), (39, 67), (40, 67), (41, 67), (41, 68), (41, 69), (41, 70), (41, 71), (41, 72), (41, 73), (41, 74), (41, 75), (41, 74), (41, 73), (41, 72), (41, 71), (42, 71), (43, 71), (44, 71), (45, 71), (44, 71), (43, 71), (42, 71), (41, 71), (40, 71), (39, 71), (38, 71), (37, 71), (36, 71), (35, 71), (34, 71), (34, 70), (34, 69), (33, 69), (32, 69), (31, 69), (30, 69), (29, 69), (28, 69), (27, 69), (27, 68), (27, 67), (27, 66), (27, 65), (27, 64), (27, 63), (27, 62), (27, 61), (27, 60), (27, 59), (27, 58), (27, 57), (27, 56), (27, 55), (27, 54), (27, 53), (27, 52), (27, 51), (27, 50), (27, 49), (27, 48), (27, 47), (27, 46), (27, 45), (26, 45), (26, 44), (25, 44), (24, 44), (23, 44), (22, 44), (21, 44), (20, 44), (20, 43), (20, 42), (19, 42), (19, 41), (19, 40), (19, 39), (19, 38), (19, 37), (19, 36), (19, 35), (19, 34), (19, 34)], 7: [(21, 12), (20, 12), (20, 13), (20, 14), (20, 15), (20, 16), (20, 17), (20, 18), (19, 18), (18, 18), (18, 19), (18, 20), (17, 20), (16, 20), (15, 20), (14, 20), (13, 20), (12, 20), (11, 20), (10, 20), (9, 20), (9, 19), (9, 18), (9, 17), (9, 16), (9, 15), (8, 15), (8, 14), (8, 13), (8, 12), (9, 12), (10, 12), (11, 12), (12, 12), (12, 13), (12, 14), (12, 15), (12, 16), (12, 17), (12, 18), (12, 19), (13, 19), (14, 19), (15, 19), (16, 19), (17, 19), (17, 20), (17, 21), (18, 21), (19, 21), (19, 22), (19, 23), (19, 24), (19, 25), (19, 26), (19, 27), (19, 28), (19, 29), (19, 30), (19, 31), (19, 32), (19, 33), (19, 34), (19, 35), (19, 36), (19, 37), (19, 38), (19, 39), (19, 40), (19, 41), (19, 42), (20, 42), (20, 43), (20, 44), (21, 44), (22, 44), (23, 44), (24, 44), (25, 44), (26, 44), (26, 45), (27, 45), (27, 46), (27, 47), (27, 48), (27, 49), (27, 50), (26, 50), (26, 51), (25, 51), (24, 51), (24, 52), (24, 53), (23, 53), (22, 53), (22, 54), (21, 54), (20, 54), (19, 54), (18, 54), (17, 54), (17, 55), (17, 56), (17, 57), (17, 58), (17, 59), (17, 60), (17, 61), (17, 62), (17, 63), (17, 64), (17, 65), (17, 66), (17, 67), (17, 67)], 8: [(19, 2), (19, 3), (19, 4), (19, 5), (19, 6), (19, 7), (19, 8), (20, 8), (20, 9), (20, 10), (20, 11), (20, 12), (20, 13), (20, 14), (20, 15), (20, 16), (20, 17), (20, 18), (19, 18), (18, 18), (18, 19), (17, 19), (16, 19), (15, 19), (14, 19), (13, 19), (12, 19), (11, 19), (10, 19), (9, 19), (9, 20), (8, 20), (7, 20), (6, 20), (5, 20), (4, 20), (4, 21), (4, 22), (3, 22), (3, 23), (3, 24), (3, 25), (3, 26), (3, 27), (3, 28), (3, 27), (3, 26), (3, 25), (3, 24), (3, 23), (4, 23), (5, 23), (6, 23), (7, 23), (8, 23), (9, 23), (10, 23), (11, 23), (12, 23), (12, 22), (12, 21), (13, 21), (14, 21), (15, 21), (16, 21), (17, 21), (18, 21), (19, 21), (20, 21), (21, 21), (22, 21), (23, 21), (24, 21), (25, 21), (25, 22), (25, 23), (25, 24), (25, 25), (26, 25), (26, 26), (26, 26)], 9: [(57, 67), (56, 67), (55, 67), (54, 67), (53, 67), (52, 67), (51, 67), (50, 67), (49, 67), (48, 67), (47, 67), (46, 67), (45, 67), (44, 67), (43, 67), (42, 67), (41, 67), (40, 67), (39, 67), (38, 67), (37, 67), (36, 67), (35, 67), (34, 67), (33, 67), (32, 67), (31, 67), (30, 67), (29, 67), (29, 66), (28, 66), (27, 66), (27, 65), (27, 64), (27, 63), (27, 62), (27, 61), (27, 60), (27, 59), (27, 58), (27, 57), (27, 56), (27, 55), (27, 54), (27, 53), (27, 52), (27, 51), (27, 50), (27, 49), (27, 48), (27, 47), (27, 46), (27, 45), (27, 44), (27, 43), (27, 42), (27, 41), (27, 40), (27, 39), (27, 38), (27, 37), (27, 36), (27, 35), (27, 34), (28, 34), (29, 34), (29, 33), (29, 32), (29, 31), (29, 30), (29, 29), (29, 28), (29, 27), (30, 27), (31, 27), (32, 27), (33, 27), (34, 27), (35, 27), (36, 27), (37, 27), (38, 27), (39, 27), (40, 27), (41, 27), (42, 27), (43, 27), (44, 27), (45, 27), (46, 27), (47, 27), (48, 27), (49, 27), (50, 27), (51, 27), (51, 26), (51, 25), (51, 24), (51, 23), (52, 23), (52, 23)]}, 121)