

CBSS-C STATS
starts:[3710, 4574, 2642, 2953, 1273]
targets:[3480, 1871, 745, 858, 3759, 2455, 1248, 4044, 678, 4991]
dests:[930, 3691, 4928, 4393, 4113]
ac_dict:{3480: {0, 1}, 1871: {1, 2}, 745: {2, 3}, 858: {3, 4}, 930: {0}, 3691: {1}, 4928: {2}, 4393: {3}, 4113: {4}}
clusters:[1 1 0 0 0 1 0 0 0 0]

round: 4
best_g_value: 329.0
open_list_size: 3
num_low_level_expanded: 6164
search_success: 1
search_time: 0.26505403174087405
n_tsp_call: 1
n_tsp_time: 0.1036669691093266
n_roots: 1
num_conflicts: 3
target_assignment: {2455: 1, 4991: 2}
cluster_target_selection: {1: 2455, 0: 4991}
num_nodes_transformed_graph: 48
agent_paths:({0: [(5, 57), (5, 56), (5, 55), (5, 54), (6, 54), (7, 54), (8, 54), (9, 54), (10, 54), (11, 54), (12, 54), (13, 54), (14, 54), (15, 54), (16, 54), (17, 54), (18, 54), (19, 54), (20, 54), (21, 54), (22, 54), (22, 53), (23, 53), (24, 53), (24, 52), (24, 51), (25, 51), (26, 51), (26, 50), (27, 50), (27, 49), (27, 48), (27, 47), (27, 46), (27, 45), (26, 45), (26, 44), (25, 44), (24, 44), (23, 44), (22, 44), (21, 44), (20, 44), (20, 43), (20, 42), (20, 41), (20, 40), (20, 39), (20, 38), (20, 37), (20, 36), (20, 35), (20, 34), (20, 33), (20, 32), (20, 31), (20, 30), (20, 29), (20, 28), (20, 27), (20, 26), (20, 25), (20, 24), (20, 23), (20, 22), (20, 21), (20, 20), (20, 19), (20, 18), (20, 17), (20, 16), (20, 15), (20, 14), (20, 14)], 1: [(24, 70), (24, 69), (24, 68), (24, 67), (24, 66), (24, 65), (24, 64), (24, 63), (25, 63), (25, 62), (25, 61), (25, 60), (25, 59), (25, 58), (25, 57), (25, 56), (25, 55), (25, 54), (25, 53), (25, 52), (25, 51), (26, 51), (26, 50), (27, 50), (27, 49), (27, 48), (27, 47), (27, 46), (27, 45), (27, 44), (27, 43), (27, 42), (28, 42), (28, 41), (28, 40), (28, 39), (28, 38), (29, 38), (30, 38), (31, 38), (32, 38), (33, 38), (34, 38), (35, 38), (36, 38), (37, 38), (38, 38), (39, 38), (40, 38), (41, 38), (42, 38), (43, 38), (44, 38), (45, 38), (46, 38), (47, 38), (48, 38), (49, 38), (50, 38), (50, 37), (51, 37), (51, 38), (51, 39), (51, 40), (51, 41), (51, 42), (51, 43), (51, 44), (51, 45), (51, 46), (51, 47), (51, 48), (52, 48), (52, 49), (52, 50), (51, 50), (51, 51), (51, 52), (51, 53), (51, 54), (51, 55), (51, 56), (51, 56)], 2: [(42, 40), (42, 41), (42, 42), (41, 42), (40, 42), (39, 42), (38, 42), (37, 42), (37, 43), (37, 44), (36, 44), (35, 44), (34, 44), (33, 44), (32, 44), (31, 44), (30, 44), (30, 45), (29, 45), (29, 46), (29, 47), (29, 48), (29, 49), (29, 50), (29, 51), (29, 52), (29, 53), (29, 54), (29, 55), (29, 56), (29, 57), (29, 58), (29, 59), (29, 60), (29, 61), (29, 62), (28, 62), (27, 62), (27, 63), (27, 64), (27, 65), (27, 66), (28, 66), (29, 66), (29, 67), (30, 67), (31, 67), (32, 67), (33, 67), (34, 67), (35, 67), (36, 67), (37, 67), (37, 68), (38, 68), (39, 68), (40, 68), (41, 68), (42, 68), (43, 68), (44, 68), (45, 68), (46, 68), (47, 68), (48, 68), (49, 68), (50, 68), (51, 68), (51, 69), (51, 70), (51, 71), (51, 72), (51, 73), (51, 74), (51, 75), (51, 76), (51, 75), (52, 75), (53, 75), (53, 75)], 3: [(28, 45), (28, 46), (28, 47), (28, 48), (28, 49), (28, 50), (28, 51), (28, 52), (28, 53), (28, 54), (28, 55), (28, 56), (28, 57), (28, 58), (28, 59), (28, 60), (28, 61), (28, 62), (27, 62), (27, 63), (27, 64), (27, 65), (27, 66), (28, 66), (29, 66), (29, 67), (30, 67), (31, 67), (32, 67), (33, 67), (34, 67), (35, 67), (36, 67), (37, 67), (38, 67), (38, 67)], 4: [(38, 19), (37, 19), (36, 19), (36, 20), (36, 21), (35, 21), (35, 22), (35, 23), (35, 24), (35, 25), (35, 26), (34, 26), (34, 27), (33, 27), (32, 27), (31, 27), (30, 27), (29, 27), (28, 27), (27, 27), (27, 28), (27, 29), (27, 30), (27, 31), (27, 32), (27, 33), (27, 34), (27, 35), (27, 36), (27, 37), (27, 38), (27, 39), (27, 40), (27, 41), (27, 42), (27, 43), (27, 44), (27, 45), (27, 46), (27, 47), (27, 48), (27, 49), (27, 50), (26, 50), (26, 51), (25, 51), (24, 51), (24, 52), (24, 53), (23, 53), (22, 53), (22, 54), (21, 54), (20, 54), (19, 54), (18, 54), (18, 55), (18, 56), (18, 57), (18, 58), (18, 59), (18, 60), (18, 61), (18, 62), (18, 63), (18, 63)]}, 81)