

CBSS-C STATS
starts:[945, 4386, 3774, 3305, 3512]
targets:[2556, 2640, 4989, 2308, 1887, 2914, 4571, 4057, 4658, 855, 3885, 711, 698, 1717, 4328, 4983, 827, 3866, 995, 917]
dests:[3977, 4385, 4399, 2726, 3679]
ac_dict:{2556: {0, 1}, 2640: {1, 2}, 4989: {2, 3}, 2308: {3, 4}, 3977: {0}, 4385: {1}, 4399: {2}, 2726: {3}, 3679: {4}}
clusters:[0 1 0 3 9 6 9 2 0 3 4 1 8 6 5 0 0 7 9 0]

round: 4
best_g_value: 324.0
open_list_size: 3
num_low_level_expanded: 3177
search_success: 1
search_time: 15.070290498901159
n_tsp_call: 14
n_tsp_time: 14.501771131064743
n_roots: 1
num_conflicts: 3
target_assignment: {711: 0, 698: 0, 995: 0, 855: 0, 2556: 0, 3866: 4, 3885: 3, 2914: 3, 4057: 2, 4328: 2}
cluster_target_selection: {1: 711, 8: 698, 9: 995, 3: 855, 0: 2556, 7: 3866, 4: 3885, 6: 2914, 2: 4057, 5: 4328}
num_nodes_transformed_graph: 98
agent_paths:({0: [(35, 14), (35, 13), (35, 12), (35, 11), (35, 10), (36, 10), (37, 10), (38, 10), (39, 10), (40, 10), (41, 10), (42, 10), (43, 10), (44, 10), (45, 10), (46, 10), (47, 10), (48, 10), (49, 10), (50, 10), (51, 10), (52, 10), (53, 10), (54, 10), (55, 10), (56, 10), (57, 10), (58, 10), (59, 10), (60, 10), (61, 10), (60, 10), (59, 10), (58, 10), (57, 10), (56, 10), (55, 10), (54, 10), (53, 10), (52, 10), (51, 10), (50, 10), (49, 10), (48, 10), (47, 10), (46, 10), (45, 10), (44, 10), (43, 10), (42, 10), (41, 10), (40, 10), (39, 10), (38, 10), (37, 10), (36, 10), (35, 10), (34, 10), (34, 11), (33, 11), (32, 11), (31, 11), (30, 11), (29, 11), (28, 11), (27, 11), (26, 11), (25, 11), (24, 11), (23, 11), (22, 11), (21, 11), (20, 11), (20, 12), (20, 13), (20, 14), (20, 15), (20, 16), (20, 17), (20, 18), (19, 18), (18, 18), (18, 19), (17, 19), (16, 19), (15, 19), (14, 19), (13, 19), (12, 19), (11, 19), (10, 19), (10, 18), (10, 17), (10, 16), (10, 15), (10, 14), (10, 13), (11, 13), (12, 13), (12, 14), (12, 15), (12, 16), (12, 17), (12, 18), (12, 19), (13, 19), (14, 19), (15, 19), (16, 19), (17, 19), (18, 19), (19, 19), (20, 19), (21, 19), (21, 20), (21, 21), (21, 22), (21, 23), (21, 24), (21, 25), (21, 26), (21, 27), (21, 28), (21, 29), (21, 30), (21, 31), (21, 32), (21, 33), (21, 34), (21, 35), (21, 36), (21, 37), (21, 38), (21, 39), (21, 40), (21, 41), (21, 42), (21, 43), (21, 44), (22, 44), (23, 44), (24, 44), (25, 44), (26, 44), (26, 45), (27, 45), (27, 46), (27, 47), (27, 48), (27, 49), (27, 50), (26, 50), (26, 51), (25, 51), (24, 51), (24, 52), (24, 53), (23, 53), (22, 53), (22, 54), (21, 54), (20, 54), (19, 54), (18, 54), (17, 54), (16, 54), (15, 54), (14, 54), (13, 54), (12, 54), (12, 55), (12, 56), (12, 57), (12, 58), (11, 58), (11, 59), (11, 60), (12, 60), (12, 61), (12, 61)], 1: [(31, 67), (30, 67), (30, 67)], 2: [(4, 58), (4, 59), (4, 60), (4, 61), (4, 62), (5, 62), (6, 62), (7, 62), (8, 62), (9, 62), (10, 62), (11, 62), (12, 62), (13, 62), (14, 62), (15, 62), (16, 62), (17, 62), (18, 62), (19, 62), (19, 63), (20, 63), (21, 63), (21, 64), (22, 64), (23, 64), (24, 64), (24, 63), (25, 63), (25, 62), (26, 62), (27, 62), (27, 63), (27, 64), (27, 65), (27, 66), (28, 66), (29, 66), (29, 67), (29, 68), (30, 68), (31, 68), (31, 67), (32, 67), (33, 67), (34, 67), (34, 66), (35, 66), (36, 66), (37, 66), (38, 66), (39, 66), (40, 66), (41, 66), (42, 66), (43, 66), (44, 66), (44, 67), (44, 67)], 3: [(55, 50), (54, 50), (53, 50), (52, 50), (51, 50), (51, 51), (51, 52), (51, 53), (51, 54), (51, 55), (51, 56), (51, 57), (50, 57), (50, 58), (50, 59), (50, 58), (50, 57), (51, 57), (51, 56), (51, 55), (51, 54), (51, 53), (51, 52), (51, 51), (51, 50), (52, 50), (52, 49), (52, 48), (52, 47), (52, 46), (52, 45), (52, 44), (53, 44), (54, 44), (54, 43), (54, 42), (54, 41), (55, 41), (56, 41), (57, 41), (58, 41), (59, 41), (60, 41), (61, 41), (61, 41)], 4: [(2, 54), (3, 54), (4, 54), (5, 54), (6, 54), (7, 54), (8, 54), (9, 54), (10, 54), (11, 54), (12, 54), (13, 54), (14, 54), (15, 54), (16, 54), (17, 54), (18, 54), (19, 54), (20, 54), (21, 54), (22, 54), (23, 54), (24, 54), (25, 54), (26, 54), (27, 54), (28, 54), (29, 54), (30, 54), (31, 54), (31, 55), (31, 56), (31, 57), (31, 58), (31, 59), (31, 58), (31, 57), (31, 56), (32, 56), (33, 56), (34, 56), (35, 56), (36, 56), (37, 56), (38, 56), (39, 56), (39, 56)]}, 178)