

CBSS-C STATS
starts:[3613, 3548, 724, 4872, 1273]
targets:[3631, 3890, 3693, 4533, 1584, 3546, 674, 3367, 3533, 2580]
dests:[4102, 1942, 1287, 673, 4529]
ac_dict:{3631: {0, 1}, 3890: {1, 2}, 3693: {2, 3}, 4533: {3, 4}, 4102: {0}, 1942: {1}, 1287: {2}, 673: {3}, 4529: {4}}
clusters:[1 0 1 0 1 0 0 0 1 1]

round: 2
best_g_value: 349.0
open_list_size: 1
num_low_level_expanded: 3121
search_success: 1
search_time: 0.18264750111848116
n_tsp_call: 1
n_tsp_time: 0.08129609422758222
n_roots: 1
num_conflicts: 1
target_assignment: {1584: 3, 674: 3}
cluster_target_selection: {1: 1584, 0: 674}
num_nodes_transformed_graph: 29
agent_paths:({0: [(38, 55), (37, 55), (36, 55), (35, 55), (34, 55), (33, 55), (32, 55), (31, 55), (30, 55), (29, 55), (28, 55), (27, 55), (26, 55), (25, 55), (24, 55), (23, 55), (22, 55), (21, 55), (20, 55), (19, 55), (18, 55), (17, 55), (16, 55), (15, 55), (14, 55), (13, 55), (12, 55), (11, 55), (10, 55), (10, 56), (10, 57), (10, 58), (10, 59), (10, 60), (10, 61), (9, 61), (8, 61), (8, 62), (7, 62), (7, 63), (7, 63)], 1: [(38, 54), (38, 53), (37, 53), (36, 53), (35, 53), (34, 53), (33, 53), (33, 52), (33, 51), (32, 51), (31, 51), (30, 51), (30, 50), (29, 50), (29, 49), (29, 48), (29, 47), (29, 46), (29, 45), (29, 44), (29, 43), (29, 42), (29, 41), (29, 40), (29, 39), (29, 38), (29, 37), (29, 36), (29, 35), (29, 34), (29, 33), (29, 32), (29, 31), (29, 30), (29, 29), (30, 29), (31, 29), (32, 29), (33, 29), (34, 29), (35, 29), (36, 29), (37, 29), (38, 29), (39, 29), (40, 29), (41, 29), (42, 29), (43, 29), (44, 29), (45, 29), (46, 29), (47, 29), (48, 29), (49, 29), (50, 29), (51, 29), (52, 29), (53, 29), (54, 29), (55, 29), (56, 29), (57, 29), (57, 29)], 2: [(9, 11), (10, 11), (11, 11), (12, 11), (12, 12), (12, 13), (12, 14), (12, 15), (12, 16), (12, 17), (12, 18), (12, 19), (13, 19), (14, 19), (15, 19), (16, 19), (17, 19), (18, 19), (19, 19), (20, 19), (21, 19), (22, 19), (23, 19), (24, 19), (25, 19), (26, 19), (27, 19), (28, 19), (28, 20), (28, 21), (28, 22), (28, 23), (28, 24), (28, 25), (28, 26), (29, 26), (29, 27), (30, 27), (31, 27), (32, 27), (33, 27), (34, 27), (35, 27), (36, 27), (37, 27), (38, 27), (39, 27), (40, 27), (41, 27), (42, 27), (43, 27), (44, 27), (45, 27), (46, 27), (47, 27), (48, 27), (49, 27), (50, 27), (51, 27), (51, 26), (51, 25), (51, 24), (51, 23), (51, 22), (51, 21), (51, 20), (51, 19), (52, 19), (52, 19)], 3: [(62, 74), (61, 74), (60, 74), (59, 74), (58, 74), (57, 74), (56, 74), (55, 74), (54, 74), (53, 74), (52, 74), (51, 74), (50, 74), (49, 74), (48, 74), (47, 74), (46, 74), (45, 74), (44, 74), (43, 74), (42, 74), (41, 74), (40, 74), (39, 74), (38, 74), (37, 74), (36, 74), (36, 73), (35, 73), (34, 73), (34, 72), (34, 71), (34, 70), (34, 69), (33, 69), (32, 69), (31, 69), (30, 69), (29, 69), (28, 69), (27, 69), (27, 68), (27, 67), (27, 66), (27, 65), (27, 64), (27, 63), (27, 62), (27, 61), (27, 60), (27, 59), (27, 58), (27, 57), (27, 56), (27, 55), (27, 54), (27, 53), (27, 52), (27, 51), (27, 50), (27, 49), (27, 48), (27, 47), (27, 46), (27, 45), (26, 45), (26, 44), (25, 44), (24, 44), (24, 43), (24, 42), (24, 41), (24, 40), (24, 39), (24, 38), (24, 37), (24, 36), (24, 35), (24, 34), (24, 33), (24, 32), (24, 31), (24, 30), (24, 29), (24, 28), (24, 27), (24, 26), (24, 25), (24, 24), (24, 23), (24, 22), (24, 21), (24, 20), (24, 19), (24, 18), (24, 17), (24, 16), (24, 15), (24, 14), (24, 13), (24, 12), (24, 11), (24, 10), (23, 10), (23, 10)], 4: [(38, 19), (38, 20), (38, 21), (38, 22), (38, 23), (38, 24), (38, 25), (38, 26), (38, 27), (38, 28), (38, 29), (37, 29), (36, 29), (35, 29), (34, 29), (33, 29), (32, 29), (31, 29), (30, 29), (29, 29), (29, 30), (29, 31), (29, 32), (29, 33), (29, 34), (29, 35), (28, 35), (28, 36), (28, 37), (28, 38), (28, 39), (28, 40), (28, 41), (28, 42), (28, 43), (28, 44), (28, 45), (28, 46), (28, 47), (28, 48), (28, 49), (28, 50), (28, 51), (28, 52), (28, 53), (28, 54), (28, 55), (28, 56), (28, 57), (28, 58), (28, 59), (28, 60), (28, 61), (28, 62), (27, 62), (27, 63), (27, 64), (27, 65), (27, 66), (28, 66), (29, 66), (29, 67), (30, 67), (31, 67), (32, 67), (33, 67), (34, 67), (35, 67), (36, 67), (37, 67), (38, 67), (39, 67), (40, 67), (41, 67), (42, 67), (43, 67), (44, 67), (44, 68), (44, 69), (44, 69)]}, 103)