

CBSS-C STATS
starts:[332, 2099, 4317, 4868, 2762, 4503, 4426, 3467, 4602, 2713]
targets:[449, 1319, 2765, 4501, 5108, 1060, 694, 1649, 3824, 2570, 2588, 1316, 2583, 642, 4284]
dests:[744, 646, 2575, 2916, 220, 1401, 2509, 855, 2824, 3581]
ac_dict:{449: {0, 1}, 1319: {1, 2}, 2765: {2, 3}, 4501: {3, 4}, 5108: {4, 5}, 1060: {5, 6}, 694: {6, 7}, 1649: {8, 7}, 3824: {8, 9}, 744: {0}, 646: {1}, 2575: {2}, 2916: {3}, 220: {4}, 1401: {5}, 2509: {6}, 855: {7}, 2824: {8}, 3581: {9}}
clusters:[3 7 3 2 6 1 2 4 8 4 9 0 7 5 3]

round: 3
best_g_value: 752.0
open_list_size: 2
num_low_level_expanded: 6517
search_success: 1
search_time: 2.247213289141655
n_tsp_call: 1
n_tsp_time: 1.8529427647590637
n_roots: 1
num_conflicts: 2
target_assignment: {2765: 2, 2570: 2, 1316: 7, 642: 1, 2583: 9, 2588: 9, 3824: 9, 4501: 3, 5108: 5, 1060: 5}
cluster_target_selection: {3: 2765, 4: 2570, 0: 1316, 5: 642, 7: 2583, 9: 2588, 8: 3824, 2: 4501, 6: 5108, 1: 1060}
num_nodes_transformed_graph: 98
agent_paths:({0: [(7, 5), (8, 5), (9, 5), (10, 5), (10, 6), (10, 7), (10, 8), (10, 9), (10, 10), (10, 11), (11, 11), (12, 11), (12, 12), (12, 13), (12, 14), (12, 15), (12, 16), (12, 17), (12, 18), (12, 19), (13, 19), (14, 19), (15, 19), (16, 19), (17, 19), (18, 19), (18, 18), (19, 18), (20, 18), (20, 17), (20, 16), (20, 15), (20, 14), (20, 13), (20, 12), (20, 11), (21, 11), (22, 11), (23, 11), (24, 11), (25, 11), (26, 11), (27, 11), (28, 11), (29, 11), (29, 11)], 1: [(19, 32), (19, 31), (19, 30), (19, 29), (19, 28), (19, 27), (19, 26), (19, 25), (19, 24), (19, 23), (19, 22), (19, 21), (19, 20), (19, 19), (19, 18), (20, 18), (20, 17), (20, 16), (20, 15), (20, 14), (20, 13), (20, 12), (20, 11), (21, 11), (22, 11), (23, 11), (24, 11), (25, 11), (26, 11), (27, 11), (28, 11), (29, 11), (30, 11), (31, 11), (32, 11), (33, 11), (34, 11), (34, 10), (35, 10), (36, 10), (37, 10), (38, 10), (39, 10), (40, 10), (41, 10), (42, 10), (43, 10), (44, 10), (45, 10), (46, 10), (47, 10), (48, 10), (49, 10), (49, 9), (50, 9), (51, 9), (52, 9), (53, 9), (54, 9), (55, 9), (56, 9), (57, 9), (58, 9), (59, 9), (60, 9), (61, 9), (61, 9)], 2: [(27, 66), (27, 65), (27, 64), (27, 63), (27, 62), (27, 61), (27, 60), (27, 59), (27, 58), (27, 57), (27, 56), (27, 55), (27, 54), (27, 53), (27, 52), (27, 51), (27, 50), (27, 49), (27, 48), (27, 47), (27, 46), (27, 45), (27, 44), (27, 43), (27, 42), (28, 42), (29, 42), (30, 42), (31, 42), (32, 42), (33, 42), (34, 42), (35, 42), (35, 41), (35, 40), (35, 39), (36, 39), (37, 39), (38, 39), (39, 39), (40, 39), (40, 39)], 3: [(58, 74), (57, 74), (56, 74), (55, 74), (54, 74), (53, 74), (52, 74), (51, 74), (50, 74), (49, 74), (48, 74), (47, 74), (46, 74), (45, 74), (44, 74), (43, 74), (42, 74), (41, 74), (40, 74), (39, 74), (38, 74), (37, 74), (36, 74), (36, 73), (35, 73), (34, 73), (34, 72), (34, 71), (34, 70), (34, 69), (33, 69), (32, 69), (31, 69), (30, 69), (29, 69), (28, 69), (27, 69), (26, 69), (25, 69), (24, 69), (23, 69), (22, 69), (21, 69), (20, 69), (19, 69), (18, 69), (17, 69), (16, 69), (16, 68), (16, 67), (16, 66), (16, 65), (16, 64), (16, 63), (16, 62), (17, 62), (17, 61), (17, 60), (17, 59), (17, 58), (17, 57), (17, 56), (17, 55), (17, 54), (18, 54), (19, 54), (20, 54), (21, 54), (22, 54), (22, 53), (23, 53), (24, 53), (24, 52), (24, 51), (25, 51), (26, 51), (26, 50), (27, 50), (27, 49), (27, 48), (27, 47), (27, 46), (27, 45), (27, 44), (28, 44), (29, 44), (30, 44), (31, 44), (32, 44), (33, 44), (34, 44), (35, 44), (36, 44), (37, 44), (37, 43), (37, 42), (38, 42), (39, 42), (40, 42), (41, 42), (42, 42), (43, 42), (44, 42), (45, 42), (46, 42), (47, 42), (48, 42), (49, 42), (50, 42), (51, 42), (52, 42), (53, 42), (54, 42), (55, 42), (56, 42), (56, 43), (56, 44), (56, 44)], 4: [(32, 42), (31, 42), (30, 42), (29, 42), (28, 42), (27, 42), (26, 42), (25, 42), (25, 41), (25, 40), (25, 39), (25, 38), (25, 37), (25, 36), (25, 35), (25, 34), (25, 33), (25, 32), (25, 31), (25, 30), (25, 29), (25, 28), (25, 27), (25, 26), (25, 25), (25, 24), (25, 23), (25, 22), (25, 21), (25, 20), (25, 19), (25, 18), (25, 17), (25, 16), (25, 15), (25, 14), (25, 13), (25, 12), (25, 11), (25, 10), (25, 9), (25, 8), (25, 7), (25, 6), (25, 5), (25, 4), (25, 3), (25, 3)], 5: [(18, 69), (19, 69), (20, 69), (21, 69), (22, 69), (23, 69), (24, 69), (25, 69), (26, 69), (27, 69), (28, 69), (29, 69), (30, 69), (31, 69), (32, 69), (33, 69), (34, 69), (35, 69), (36, 69), (37, 69), (38, 69), (38, 70), (38, 71), (38, 72), (38, 73), (38, 74), (38, 75), (38, 76), (38, 77), (38, 78), (37, 78), (36, 78), (36, 77), (36, 76), (36, 75), (36, 74), (36, 73), (35, 73), (34, 73), (34, 72), (34, 71), (34, 70), (34, 69), (33, 69), (32, 69), (31, 69), (30, 69), (29, 69), (28, 69), (27, 69), (27, 68), (27, 67), (27, 66), (27, 65), (27, 64), (27, 63), (27, 62), (27, 61), (27, 60), (27, 59), (27, 58), (27, 57), (27, 56), (27, 55), (27, 54), (27, 53), (27, 52), (27, 51), (27, 50), (27, 49), (27, 48), (27, 47), (27, 46), (27, 45), (26, 45), (26, 44), (25, 44), (24, 44), (23, 44), (22, 44), (21, 44), (20, 44), (20, 43), (20, 42), (20, 41), (20, 40), (20, 39), (20, 38), (20, 37), (20, 36), (20, 35), (20, 34), (20, 33), (20, 32), (20, 31), (20, 30), (20, 29), (20, 28), (20, 27), (20, 26), (20, 25), (20, 24), (20, 23), (20, 22), (20, 21), (20, 20), (20, 19), (20, 18), (20, 17), (20, 16), (21, 16), (22, 16), (23, 16), (24, 16), (25, 16), (26, 16), (27, 16), (27, 17), (27, 18), (28, 18), (28, 19), (28, 20), (28, 21), (28, 22), (28, 23), (28, 24), (28, 25), (28, 26), (29, 26), (29, 27), (30, 27), (31, 27), (32, 27), (33, 27), (34, 27), (34, 26), (35, 26), (35, 25), (35, 24), (35, 23), (35, 22), (35, 21), (36, 21), (36, 21)], 6: [(6, 68), (7, 68), (8, 68), (9, 68), (9, 69), (9, 70), (9, 71), (9, 72), (9, 73), (9, 74), (9, 75), (9, 76), (10, 76), (11, 76), (12, 76), (13, 76), (14, 76), (14, 75), (14, 74), (14, 73), (14, 72), (14, 71), (14, 70), (14, 69), (14, 68), (14, 67), (14, 66), (14, 65), (14, 64), (14, 63), (14, 62), (15, 62), (16, 62), (17, 62), (17, 61), (17, 60), (17, 59), (17, 58), (17, 57), (17, 56), (17, 55), (17, 54), (18, 54), (19, 54), (20, 54), (21, 54), (22, 54), (22, 53), (23, 53), (24, 53), (24, 52), (24, 51), (25, 51), (26, 51), (26, 50), (27, 50), (27, 49), (27, 48), (27, 47), (27, 46), (27, 45), (27, 44), (27, 43), (27, 42), (27, 41), (27, 40), (27, 39), (27, 38), (28, 38), (29, 38), (30, 38), (31, 38), (32, 38), (33, 38), (34, 38), (35, 38), (36, 38), (37, 38), (38, 38), (39, 38), (39, 38)], 7: [(22, 53), (23, 53), (24, 53), (24, 52), (24, 51), (25, 51), (26, 51), (26, 50), (27, 50), (27, 49), (27, 48), (27, 47), (27, 46), (27, 45), (26, 45), (26, 44), (25, 44), (24, 44), (23, 44), (22, 44), (21, 44), (20, 44), (20, 43), (20, 42), (19, 42), (19, 41), (19, 40), (19, 39), (19, 38), (19, 37), (19, 36), (19, 35), (19, 34), (19, 33), (19, 32), (19, 31), (19, 30), (19, 29), (19, 28), (19, 27), (19, 26), (19, 25), (19, 24), (19, 23), (19, 22), (19, 21), (18, 21), (17, 21), (16, 21), (16, 20), (15, 20), (14, 20), (13, 20), (12, 20), (11, 20), (10, 20), (10, 19), (10, 18), (10, 17), (10, 16), (10, 15), (10, 14), (10, 13), (10, 13)], 8: [(52, 70), (51, 70), (50, 70), (49, 70), (48, 70), (47, 70), (46, 70), (45, 70), (44, 70), (43, 70), (42, 70), (41, 70), (40, 70), (39, 70), (38, 70), (37, 70), (36, 70), (35, 70), (34, 70), (34, 69), (33, 69), (32, 69), (31, 69), (30, 69), (29, 69), (29, 68), (29, 67), (29, 66), (28, 66), (27, 66), (27, 65), (27, 64), (27, 63), (27, 62), (27, 61), (27, 60), (27, 59), (27, 58), (27, 57), (27, 56), (27, 55), (27, 54), (27, 53), (27, 52), (27, 51), (27, 50), (27, 49), (27, 48), (27, 47), (27, 46), (27, 45), (27, 44), (27, 43), (28, 43), (29, 43), (29, 43)], 9: [(48, 41), (48, 40), (48, 39), (49, 39), (50, 39), (51, 39), (52, 39), (53, 39), (53, 40), (53, 41), (53, 42), (53, 43), (53, 44), (53, 45), (53, 46), (53, 47), (53, 48), (53, 49), (53, 50), (54, 50), (54, 51), (54, 52), (54, 53), (54, 54), (54, 55), (54, 56), (54, 57), (54, 58), (53, 58), (52, 58), (52, 57), (52, 56), (52, 55), (52, 54), (52, 53), (52, 52), (52, 51), (52, 50), (52, 49), (52, 48), (51, 48), (51, 47), (51, 46), (51, 45), (50, 45), (49, 45), (48, 45), (47, 45), (47, 44), (47, 43), (47, 42), (46, 42), (45, 42), (44, 42), (43, 42), (42, 42), (41, 42), (40, 42), (39, 42), (38, 42), (37, 42), (36, 42), (35, 42), (34, 42), (33, 42), (32, 42), (31, 42), (30, 42), (29, 42), (28, 42), (28, 43), (28, 44), (28, 45), (28, 46), (28, 47), (28, 48), (28, 49), (28, 50), (27, 50), (26, 50), (26, 51), (25, 51), (24, 51), (24, 52), (24, 53), (23, 53), (22, 53), (22, 54), (21, 54), (20, 54), (19, 54), (18, 54), (17, 54), (16, 54), (15, 54), (14, 54), (13, 54), (12, 54), (11, 54), (10, 54), (9, 54), (8, 54), (7, 54), (6, 54), (6, 55), (6, 55)]}, 142)