

CBSS-C STATS
starts:[3717, 572, 3615, 735, 2706]
targets:[4451, 1784, 4338, 2897, 5085, 2853, 694, 4686, 3713, 2650]
dests:[579, 723, 1438, 1790, 2532]
ac_dict:{4451: {0, 1}, 1784: {1, 2}, 4338: {2, 3}, 2897: {3, 4}, 579: {0}, 723: {1}, 1438: {2}, 1790: {3}, 2532: {4}}
clusters:[1 4 1 1 2 1 1 2 0 3]

round: 1
best_g_value: 331.0
open_list_size: 0
num_low_level_expanded: 1966
search_success: 1
search_time: 0.1286198510788381
n_tsp_call: 1
n_tsp_time: 0.06243822118267417
n_roots: 1
num_conflicts: 0
target_assignment: {3713: 0, 5085: 0, 694: 1, 2650: 4, 1784: 2}
cluster_target_selection: {0: 3713, 2: 5085, 1: 694, 3: 2650, 4: 1784}
num_nodes_transformed_graph: 29
agent_paths:({0: [(12, 57), (11, 57), (10, 57), (9, 57), (8, 57), (9, 57), (10, 57), (11, 57), (11, 58), (11, 59), (11, 60), (12, 60), (12, 61), (13, 61), (14, 61), (14, 62), (15, 62), (15, 63), (15, 64), (15, 65), (15, 66), (15, 67), (15, 68), (15, 69), (15, 70), (15, 71), (15, 72), (15, 73), (15, 74), (15, 75), (15, 76), (15, 77), (15, 78), (15, 77), (15, 76), (15, 75), (15, 74), (15, 73), (15, 72), (15, 71), (15, 70), (15, 69), (15, 68), (15, 67), (15, 66), (15, 65), (15, 64), (15, 63), (15, 62), (16, 62), (17, 62), (17, 61), (17, 60), (17, 59), (17, 58), (17, 57), (17, 56), (17, 55), (17, 54), (18, 54), (19, 54), (20, 54), (21, 54), (22, 54), (22, 53), (23, 53), (24, 53), (24, 52), (24, 51), (25, 51), (26, 51), (26, 50), (27, 50), (27, 49), (27, 48), (27, 47), (27, 46), (27, 45), (27, 44), (27, 43), (27, 42), (27, 41), (27, 40), (27, 39), (27, 38), (27, 37), (27, 36), (27, 35), (27, 34), (27, 33), (27, 32), (27, 31), (27, 30), (27, 29), (27, 28), (27, 27), (27, 26), (27, 25), (27, 24), (27, 23), (27, 22), (27, 21), (27, 20), (27, 19), (27, 18), (27, 17), (27, 16), (27, 15), (27, 14), (27, 13), (27, 12), (27, 11), (28, 11), (29, 11), (30, 11), (31, 11), (32, 11), (33, 11), (34, 11), (34, 10), (35, 10), (36, 10), (37, 10), (38, 10), (39, 10), (40, 10), (41, 10), (42, 10), (43, 10), (44, 10), (45, 10), (46, 10), (47, 10), (48, 10), (49, 10), (49, 9), (50, 9), (50, 8), (51, 8), (52, 8), (53, 8), (54, 8), (55, 8), (56, 8), (57, 8), (58, 8), (59, 8), (59, 8)], 1: [(52, 8), (51, 8), (50, 8), (50, 9), (49, 9), (49, 10), (48, 10), (47, 10), (46, 10), (45, 10), (44, 10), (43, 10), (42, 10), (41, 10), (40, 10), (39, 10), (38, 10), (37, 10), (36, 10), (35, 10), (34, 10), (34, 11), (33, 11), (32, 11), (31, 11), (30, 11), (29, 11), (28, 11), (27, 11), (26, 11), (25, 11), (24, 11), (23, 11), (22, 11), (21, 11), (20, 11), (20, 12), (20, 13), (20, 14), (20, 15), (20, 16), (20, 17), (20, 18), (19, 18), (18, 18), (18, 19), (17, 19), (16, 19), (15, 19), (14, 19), (13, 19), (12, 19), (11, 19), (10, 19), (9, 19), (9, 18), (9, 17), (9, 16), (9, 15), (8, 15), (8, 14), (8, 13), (8, 12), (8, 11), (8, 11)], 2: [(40, 55), (39, 55), (38, 55), (37, 55), (36, 55), (35, 55), (34, 55), (33, 55), (32, 55), (31, 55), (30, 55), (29, 55), (29, 54), (29, 53), (29, 52), (29, 51), (29, 50), (29, 49), (29, 48), (29, 47), (29, 46), (29, 45), (29, 44), (29, 43), (29, 42), (29, 41), (29, 40), (29, 39), (29, 38), (29, 37), (29, 36), (29, 35), (29, 34), (29, 33), (29, 32), (29, 31), (29, 30), (29, 29), (29, 28), (29, 27), (28, 27), (27, 27), (26, 27), (25, 27), (24, 27), (23, 27), (22, 27), (21, 27), (20, 27), (19, 27), (19, 26), (19, 25), (19, 24), (19, 23), (19, 22), (19, 21), (18, 21), (17, 21), (16, 21), (15, 21), (14, 21), (13, 21), (12, 21), (11, 21), (10, 21), (9, 21), (8, 21), (8, 22), (8, 22)], 3: [(20, 11), (21, 11), (22, 11), (23, 11), (24, 11), (25, 11), (26, 11), (27, 11), (27, 12), (27, 13), (27, 14), (27, 15), (27, 16), (27, 17), (27, 18), (28, 18), (28, 19), (28, 20), (28, 21), (28, 22), (28, 23), (28, 24), (28, 25), (28, 26), (29, 26), (29, 27), (30, 27), (31, 27), (32, 27), (33, 27), (34, 27), (35, 27), (35, 27)], 4: [(41, 41), (41, 40), (42, 40), (43, 40), (44, 40), (45, 40), (46, 40), (47, 40), (48, 40), (49, 40), (50, 40), (50, 39), (50, 38), (51, 38), (52, 38), (53, 38), (54, 38), (55, 38), (56, 38), (57, 38), (58, 38), (59, 38), (60, 38), (61, 38), (62, 38), (62, 38)]}, 146)