

CBSS-C STATS
starts:[2915, 4305, 383, 3912, 3695, 2718, 4401, 1775, 1319, 1250]
targets:[3983, 703, 3730, 4985, 635, 4828, 855, 2719, 5017, 573]
dests:[4996, 931, 704, 919, 4454, 678, 4449, 1193, 4951, 1995]
ac_dict:{3983: {0, 1}, 703: {1, 2}, 3730: {2, 3}, 4985: {3, 4}, 635: {4, 5}, 4828: {5, 6}, 855: {6, 7}, 2719: {8, 7}, 5017: {8, 9}, 4996: {0}, 931: {1}, 704: {2}, 919: {3}, 4454: {4}, 678: {5}, 4449: {6}, 1193: {7}, 4951: {8}, 1995: {9}}
clusters:[1 1 3 0 4 3 3 2 4 1]

round: 1
best_g_value: 633.0
open_list_size: 0
num_low_level_expanded: 4081
search_success: 1
search_time: 0.36936830589547753
n_tsp_call: 1
n_tsp_time: 0.19373283395543694
n_roots: 1
num_conflicts: 0
target_assignment: {2719: 8, 5017: 8, 3730: 3, 4985: 4, 3983: 1}
cluster_target_selection: {2: 2719, 4: 5017, 3: 3730, 0: 4985, 1: 3983}
num_nodes_transformed_graph: 48
agent_paths:({0: [(55, 44), (54, 44), (53, 44), (52, 44), (51, 44), (50, 44), (49, 44), (48, 44), (47, 44), (47, 43), (47, 42), (46, 42), (45, 42), (44, 42), (43, 42), (42, 42), (41, 42), (40, 42), (39, 42), (38, 42), (37, 42), (37, 43), (37, 44), (36, 44), (35, 44), (34, 44), (33, 44), (32, 44), (31, 44), (30, 44), (30, 45), (29, 45), (29, 46), (29, 47), (29, 48), (29, 49), (29, 50), (29, 51), (29, 52), (29, 53), (29, 54), (29, 55), (29, 56), (29, 57), (29, 58), (29, 59), (29, 60), (29, 61), (29, 62), (28, 62), (27, 62), (27, 63), (27, 64), (27, 65), (27, 66), (28, 66), (29, 66), (29, 67), (30, 67), (31, 67), (32, 67), (33, 67), (34, 67), (35, 67), (36, 67), (37, 67), (38, 67), (39, 67), (40, 67), (41, 67), (42, 67), (43, 67), (44, 67), (45, 67), (46, 67), (47, 67), (48, 67), (49, 67), (50, 67), (51, 67), (52, 67), (53, 67), (54, 67), (55, 67), (56, 67), (56, 68), (56, 69), (56, 70), (56, 71), (56, 72), (56, 73), (56, 74), (56, 75), (56, 76), (56, 76)], 1: [(15, 66), (15, 65), (15, 64), (15, 63), (15, 62), (16, 62), (17, 62), (17, 61), (18, 61), (18, 60), (18, 59), (18, 58), (18, 57), (18, 56), (18, 55), (18, 54), (19, 54), (20, 54), (21, 54), (22, 54), (22, 53), (23, 53), (24, 53), (24, 52), (24, 51), (25, 51), (26, 51), (26, 50), (27, 50), (27, 49), (27, 48), (27, 47), (27, 46), (27, 45), (26, 45), (26, 44), (25, 44), (24, 44), (23, 44), (22, 44), (21, 44), (21, 43), (21, 42), (21, 41), (21, 40), (21, 39), (21, 38), (21, 37), (21, 36), (21, 35), (21, 34), (21, 33), (21, 32), (21, 31), (21, 30), (21, 29), (21, 28), (21, 27), (21, 26), (21, 25), (21, 24), (21, 23), (21, 22), (21, 21), (21, 20), (21, 19), (21, 18), (21, 17), (21, 16), (21, 15), (21, 14), (21, 14)], 2: [(58, 5), (57, 5), (56, 5), (55, 5), (54, 5), (54, 6), (54, 7), (54, 8), (54, 9), (54, 10), (54, 10)], 3: [(12, 60), (11, 60), (11, 59), (11, 58), (11, 57), (12, 57), (12, 56), (13, 56), (14, 56), (15, 56), (16, 56), (17, 56), (18, 56), (19, 56), (20, 56), (21, 56), (22, 56), (23, 56), (24, 56), (25, 56), (25, 57), (25, 56), (25, 55), (25, 54), (25, 53), (25, 52), (25, 51), (26, 51), (26, 50), (27, 50), (27, 49), (27, 48), (27, 47), (27, 46), (27, 45), (26, 45), (26, 44), (25, 44), (24, 44), (23, 44), (22, 44), (21, 44), (20, 44), (20, 43), (20, 42), (19, 42), (19, 41), (19, 40), (19, 39), (19, 38), (19, 37), (19, 36), (19, 35), (19, 34), (19, 33), (19, 32), (19, 31), (19, 30), (19, 29), (19, 28), (19, 27), (19, 26), (19, 25), (19, 24), (19, 23), (19, 22), (19, 21), (18, 21), (17, 21), (16, 21), (15, 21), (14, 21), (13, 21), (12, 21), (11, 21), (10, 21), (9, 21), (9, 20), (9, 19), (9, 18), (9, 17), (9, 16), (9, 15), (9, 14), (9, 14)], 4: [(55, 56), (54, 56), (53, 56), (52, 56), (52, 55), (52, 54), (52, 53), (52, 52), (52, 51), (52, 50), (52, 49), (52, 48), (51, 48), (51, 47), (51, 46), (51, 45), (50, 45), (49, 45), (48, 45), (47, 45), (47, 44), (47, 43), (47, 42), (46, 42), (45, 42), (44, 42), (43, 42), (42, 42), (41, 42), (40, 42), (39, 42), (38, 42), (37, 42), (37, 43), (37, 44), (36, 44), (35, 44), (34, 44), (33, 44), (32, 44), (31, 44), (30, 44), (30, 45), (29, 45), (29, 46), (29, 47), (29, 48), (29, 49), (29, 50), (29, 51), (29, 52), (29, 53), (29, 54), (29, 55), (29, 56), (29, 57), (29, 58), (29, 59), (29, 60), (29, 61), (29, 62), (28, 62), (27, 62), (27, 63), (27, 64), (27, 65), (27, 66), (28, 66), (29, 66), (29, 67), (30, 67), (31, 67), (32, 67), (33, 67), (34, 67), (35, 67), (36, 67), (37, 67), (38, 67), (39, 67), (40, 67), (41, 67), (42, 67), (43, 67), (44, 67), (45, 67), (45, 68), (45, 69), (45, 70), (45, 71), (45, 72), (45, 73), (45, 74), (45, 75), (45, 76), (44, 76), (43, 76), (42, 76), (41, 76), (40, 76), (39, 76), (38, 76), (37, 76), (36, 76), (36, 75), (36, 74), (36, 73), (35, 73), (34, 73), (34, 72), (34, 71), (34, 70), (34, 69), (34, 68), (34, 68)], 5: [(53, 41), (52, 41), (51, 41), (50, 41), (49, 41), (48, 41), (47, 41), (46, 41), (45, 41), (44, 41), (43, 41), (42, 41), (41, 41), (40, 41), (39, 41), (38, 41), (37, 41), (36, 41), (35, 41), (34, 41), (33, 41), (32, 41), (31, 41), (30, 41), (29, 41), (28, 41), (28, 40), (28, 39), (28, 38), (28, 37), (28, 36), (28, 35), (28, 34), (28, 33), (28, 32), (28, 31), (28, 30), (28, 29), (28, 28), (28, 27), (28, 26), (28, 25), (28, 24), (28, 23), (28, 22), (28, 21), (28, 20), (28, 19), (28, 18), (27, 18), (27, 17), (27, 16), (27, 15), (27, 14), (27, 13), (27, 12), (27, 11), (27, 10), (28, 10), (28, 10)], 6: [(46, 67), (45, 67), (44, 67), (43, 67), (42, 67), (41, 67), (40, 67), (39, 67), (38, 67), (37, 67), (36, 67), (35, 67), (34, 67), (33, 67), (32, 67), (31, 67), (30, 67), (29, 67), (29, 68), (29, 68)], 7: [(20, 27), (20, 26), (20, 25), (20, 24), (20, 23), (20, 22), (20, 21), (20, 20), (20, 19), (20, 18), (21, 18), (22, 18), (23, 18), (23, 18)], 8: [(19, 20), (20, 20), (21, 20), (22, 20), (23, 20), (24, 20), (25, 20), (26, 20), (27, 20), (28, 20), (28, 21), (28, 22), (28, 23), (28, 24), (28, 25), (28, 26), (29, 26), (29, 27), (29, 28), (29, 29), (29, 30), (29, 31), (29, 32), (29, 33), (29, 34), (29, 35), (30, 35), (31, 35), (32, 35), (33, 35), (34, 35), (34, 36), (34, 37), (35, 37), (36, 37), (37, 37), (38, 37), (38, 38), (39, 38), (40, 38), (41, 38), (42, 38), (43, 38), (44, 38), (45, 38), (46, 38), (47, 38), (48, 38), (49, 38), (50, 38), (51, 38), (52, 38), (53, 38), (54, 38), (54, 39), (54, 40), (54, 41), (53, 41), (52, 41), (51, 41), (50, 41), (49, 41), (48, 41), (47, 41), (46, 41), (45, 41), (44, 41), (43, 41), (42, 41), (41, 41), (40, 41), (39, 41), (38, 41), (37, 41), (36, 41), (35, 41), (34, 41), (33, 41), (32, 41), (31, 41), (30, 41), (29, 41), (28, 41), (27, 41), (27, 42), (27, 43), (27, 44), (27, 45), (27, 46), (27, 47), (27, 48), (27, 49), (27, 50), (26, 50), (26, 51), (25, 51), (24, 51), (24, 52), (24, 53), (23, 53), (22, 53), (22, 54), (21, 54), (20, 54), (19, 54), (18, 54), (17, 54), (17, 55), (17, 56), (17, 57), (17, 58), (17, 59), (17, 60), (17, 61), (17, 62), (16, 62), (15, 62), (14, 62), (14, 63), (14, 64), (14, 65), (14, 66), (14, 67), (14, 68), (14, 69), (14, 70), (14, 71), (14, 72), (14, 73), (14, 74), (14, 75), (14, 76), (13, 76), (12, 76), (12, 77), (11, 77), (11, 76), (11, 76)], 9: [(15, 19), (16, 19), (17, 19), (18, 19), (19, 19), (20, 19), (21, 19), (22, 19), (23, 19), (24, 19), (25, 19), (26, 19), (27, 19), (28, 19), (28, 20), (28, 21), (28, 22), (28, 23), (28, 24), (28, 25), (28, 26), (29, 26), (29, 27), (30, 27), (31, 27), (32, 27), (33, 27), (34, 27), (35, 27), (36, 27), (37, 27), (38, 27), (39, 27), (40, 27), (41, 27), (42, 27), (43, 27), (44, 27), (45, 27), (45, 28), (45, 29), (45, 30), (45, 30)]}, 136)