

CBSS-C STATS
starts:[4925, 3019, 1325, 2632, 5129, 684, 4759, 3798, 3565, 1644]
targets:[4429, 3929, 3594, 415, 1917, 3794, 4911, 885, 2590, 2712, 417, 4467, 4328, 1387, 4608]
dests:[398, 755, 1417, 869, 2100, 4600, 3276, 2382, 2491, 3238]
ac_dict:{4429: {0, 1}, 3929: {1, 2}, 3594: {2, 3}, 415: {3, 4}, 1917: {4, 5}, 3794: {5, 6}, 4911: {6, 7}, 885: {8, 7}, 2590: {8, 9}, 398: {0}, 755: {1}, 1417: {2}, 869: {3}, 2100: {4}, 4600: {5}, 3276: {6}, 2382: {7}, 2491: {8}, 3238: {9}}
clusters:[5 2 8 7 4 3 3 1 2 7 2 9 6 0 9]

round: 11
best_g_value: 796.0
open_list_size: 10
num_low_level_expanded: 16950
search_success: 1
search_time: 1.3142854729667306
n_tsp_call: 1
n_tsp_time: 0.3976128036156297
n_roots: 1
num_conflicts: 10
target_assignment: {4429: 0, 1387: 0, 3594: 3, 2590: 8, 885: 8, 4467: 4, 4328: 4, 3794: 6, 2712: 9, 1917: 5}
cluster_target_selection: {5: 4429, 0: 1387, 8: 3594, 2: 2590, 1: 885, 9: 4467, 6: 4328, 3: 3794, 7: 2712, 4: 1917}
num_nodes_transformed_graph: 58
agent_paths:({0: [(50, 75), (49, 75), (48, 75), (47, 75), (46, 75), (45, 75), (44, 75), (43, 75), (42, 75), (41, 75), (40, 75), (39, 75), (38, 75), (37, 75), (36, 75), (36, 74), (36, 73), (35, 73), (34, 73), (34, 72), (34, 71), (34, 70), (34, 69), (33, 69), (32, 69), (31, 69), (30, 69), (29, 69), (28, 69), (27, 69), (26, 69), (25, 69), (24, 69), (23, 69), (22, 69), (21, 69), (20, 69), (19, 69), (18, 69), (17, 69), (16, 69), (15, 69), (14, 69), (14, 70), (14, 71), (14, 72), (14, 73), (14, 74), (14, 75), (14, 76), (13, 76), (12, 76), (11, 76), (10, 76), (9, 76), (9, 75), (9, 74), (9, 73), (9, 72), (9, 71), (9, 70), (9, 69), (9, 68), (9, 69), (9, 70), (9, 71), (9, 72), (9, 73), (9, 74), (9, 75), (9, 76), (10, 76), (11, 76), (12, 76), (13, 76), (14, 76), (14, 75), (14, 74), (14, 73), (14, 72), (14, 71), (14, 70), (14, 69), (14, 68), (14, 67), (14, 66), (14, 65), (14, 64), (14, 63), (14, 62), (15, 62), (16, 62), (17, 62), (17, 61), (17, 60), (17, 59), (17, 58), (17, 57), (17, 56), (17, 55), (17, 54), (18, 54), (19, 54), (20, 54), (21, 54), (22, 54), (22, 53), (23, 53), (24, 53), (24, 52), (24, 51), (25, 51), (26, 51), (27, 51), (27, 50), (27, 49), (27, 48), (27, 47), (27, 46), (27, 45), (26, 45), (26, 44), (25, 44), (24, 44), (23, 44), (22, 44), (22, 43), (22, 42), (22, 41), (22, 40), (22, 39), (22, 38), (22, 37), (22, 36), (22, 35), (22, 34), (22, 33), (22, 32), (22, 31), (22, 30), (22, 29), (22, 28), (22, 27), (22, 26), (22, 25), (22, 24), (22, 23), (22, 22), (22, 21), (21, 21), (20, 21), (19, 21), (18, 21), (17, 21), (16, 21), (15, 21), (14, 21), (13, 21), (12, 21), (11, 21), (10, 21), (9, 21), (9, 20), (9, 19), (9, 18), (9, 17), (9, 16), (9, 15), (8, 15), (8, 14), (8, 13), (8, 12), (8, 11), (8, 10), (8, 9), (8, 8), (8, 7), (8, 6), (8, 6)], 1: [(29, 46), (29, 45), (29, 44), (29, 43), (29, 42), (29, 41), (29, 40), (29, 39), (29, 38), (29, 37), (29, 36), (29, 35), (29, 34), (29, 33), (29, 32), (29, 31), (29, 30), (29, 29), (29, 28), (29, 27), (29, 26), (28, 26), (27, 26), (27, 25), (27, 24), (27, 23), (27, 22), (27, 21), (27, 20), (27, 19), (27, 18), (27, 17), (27, 16), (27, 15), (27, 14), (27, 13), (27, 12), (27, 11), (28, 11), (29, 11), (30, 11), (31, 11), (32, 11), (33, 11), (34, 11), (35, 11), (36, 11), (37, 11), (38, 11), (39, 11), (40, 11), (40, 11)], 2: [(25, 20), (26, 20), (27, 20), (28, 20), (28, 21), (28, 22), (28, 23), (28, 24), (28, 25), (28, 26), (29, 26), (29, 27), (30, 27), (31, 27), (32, 27), (33, 27), (34, 27), (35, 27), (36, 27), (37, 27), (38, 27), (39, 27), (40, 27), (41, 27), (42, 27), (43, 27), (44, 27), (45, 27), (46, 27), (47, 27), (48, 27), (49, 27), (50, 27), (51, 27), (51, 26), (51, 25), (51, 24), (51, 23), (51, 22), (51, 21), (52, 21), (52, 21)], 3: [(32, 40), (31, 40), (30, 40), (29, 40), (28, 40), (27, 40), (27, 41), (27, 42), (27, 43), (27, 44), (27, 45), (27, 46), (27, 47), (27, 48), (27, 49), (27, 50), (26, 50), (26, 51), (25, 51), (24, 51), (24, 52), (24, 53), (23, 53), (22, 53), (22, 54), (21, 54), (20, 54), (19, 54), (19, 55), (19, 54), (20, 54), (21, 54), (22, 54), (22, 53), (23, 53), (24, 53), (24, 52), (24, 51), (25, 51), (26, 51), (27, 51), (27, 50), (27, 49), (27, 48), (27, 47), (27, 46), (27, 45), (26, 45), (26, 44), (25, 44), (24, 44), (24, 43), (24, 42), (24, 41), (24, 40), (24, 39), (24, 38), (24, 37), (24, 36), (24, 35), (24, 34), (24, 33), (24, 32), (24, 31), (24, 30), (24, 29), (24, 28), (24, 27), (24, 26), (24, 25), (24, 24), (24, 23), (24, 22), (24, 21), (24, 20), (24, 19), (24, 18), (24, 17), (24, 16), (24, 15), (24, 14), (24, 13), (24, 13)], 4: [(59, 78), (58, 78), (58, 77), (58, 76), (57, 76), (56, 76), (55, 76), (54, 76), (53, 76), (52, 76), (51, 76), (50, 76), (49, 76), (48, 76), (47, 76), (47, 75), (47, 74), (47, 73), (47, 72), (47, 71), (47, 70), (47, 69), (47, 68), (46, 68), (45, 68), (44, 68), (43, 68), (42, 68), (41, 68), (40, 68), (39, 68), (38, 68), (38, 67), (38, 66), (37, 66), (36, 66), (35, 66), (34, 66), (34, 67), (33, 67), (32, 67), (31, 67), (30, 67), (29, 67), (28, 67), (27, 67), (27, 66), (27, 65), (27, 64), (27, 63), (27, 62), (27, 61), (27, 60), (27, 59), (27, 58), (27, 57), (27, 56), (27, 55), (27, 54), (27, 53), (27, 52), (27, 51), (27, 50), (27, 49), (27, 48), (27, 47), (27, 46), (27, 45), (26, 45), (26, 44), (25, 44), (24, 44), (23, 44), (22, 44), (21, 44), (20, 44), (20, 43), (20, 42), (20, 41), (20, 40), (20, 39), (20, 38), (20, 37), (20, 36), (20, 35), (20, 34), (20, 33), (20, 32), (20, 32)], 5: [(34, 10), (34, 11), (33, 11), (32, 11), (32, 12), (32, 13), (31, 13), (30, 13), (29, 13), (29, 14), (28, 14), (27, 14), (27, 15), (27, 16), (27, 17), (27, 18), (28, 18), (28, 19), (28, 20), (28, 21), (28, 22), (28, 23), (28, 24), (28, 25), (28, 26), (29, 26), (29, 27), (30, 27), (31, 27), (32, 27), (32, 28), (32, 29), (31, 29), (30, 29), (29, 29), (29, 30), (29, 31), (29, 32), (29, 33), (29, 34), (29, 35), (29, 36), (29, 37), (29, 38), (29, 39), (29, 40), (29, 41), (29, 42), (29, 43), (29, 44), (29, 45), (29, 46), (29, 47), (29, 48), (29, 49), (29, 50), (29, 51), (29, 52), (29, 53), (29, 54), (29, 55), (29, 56), (29, 57), (29, 58), (29, 59), (29, 60), (29, 61), (29, 62), (28, 62), (27, 62), (27, 63), (27, 64), (27, 65), (27, 66), (28, 66), (29, 66), (29, 67), (30, 67), (31, 67), (32, 67), (33, 67), (34, 67), (35, 67), (36, 67), (37, 67), (38, 67), (39, 67), (40, 67), (41, 67), (42, 67), (43, 67), (44, 67), (45, 67), (46, 67), (47, 67), (48, 67), (49, 67), (50, 67), (50, 68), (50, 69), (50, 70), (50, 70)], 6: [(14, 73), (14, 72), (14, 71), (14, 70), (14, 69), (14, 68), (14, 67), (14, 66), (14, 65), (14, 64), (14, 63), (14, 62), (15, 62), (16, 62), (17, 62), (17, 61), (17, 60), (17, 59), (17, 58), (18, 58), (19, 58), (20, 58), (20, 57), (21, 57), (22, 57), (23, 57), (24, 57), (24, 58), (24, 57), (24, 56), (24, 55), (24, 54), (24, 53), (24, 52), (24, 51), (25, 51), (26, 51), (26, 50), (26, 50)], 7: [(28, 58), (28, 57), (28, 56), (28, 55), (28, 54), (28, 53), (28, 52), (28, 51), (28, 50), (28, 49), (28, 48), (28, 47), (28, 46), (28, 45), (28, 44), (28, 43), (28, 42), (28, 41), (28, 40), (28, 39), (28, 38), (29, 38), (30, 38), (31, 38), (32, 38), (33, 38), (34, 38), (35, 38), (36, 38), (37, 38), (38, 38), (39, 38), (40, 38), (41, 38), (42, 38), (42, 37), (42, 36), (42, 36)], 8: [(55, 54), (55, 53), (55, 52), (55, 51), (55, 50), (54, 50), (53, 50), (53, 49), (53, 48), (53, 47), (53, 46), (53, 45), (53, 44), (53, 43), (53, 42), (53, 41), (53, 40), (53, 39), (54, 39), (55, 39), (54, 39), (53, 39), (52, 39), (51, 39), (50, 39), (49, 39), (48, 39), (47, 39), (46, 39), (45, 39), (44, 39), (43, 39), (42, 39), (41, 39), (40, 39), (40, 38), (39, 38), (38, 38), (38, 37), (37, 37), (36, 37), (35, 37), (34, 37), (34, 36), (34, 35), (33, 35), (32, 35), (31, 35), (30, 35), (29, 35), (29, 34), (29, 33), (29, 32), (29, 31), (29, 30), (29, 29), (29, 28), (29, 27), (29, 26), (28, 26), (28, 25), (28, 24), (28, 23), (28, 22), (28, 21), (28, 20), (28, 19), (28, 18), (27, 18), (27, 17), (27, 16), (27, 15), (27, 14), (27, 13), (28, 13), (29, 13), (30, 13), (31, 13), (32, 13), (33, 13), (34, 13), (35, 13), (36, 13), (37, 13), (38, 13), (39, 13), (40, 13), (39, 13), (38, 13), (37, 13), (36, 13), (35, 13), (34, 13), (33, 13), (32, 13), (31, 13), (30, 13), (29, 13), (28, 13), (27, 13), (26, 13), (25, 13), (25, 14), (24, 14), (23, 14), (22, 14), (21, 14), (21, 15), (21, 16), (21, 17), (21, 18), (21, 19), (21, 20), (21, 21), (21, 22), (21, 23), (21, 24), (21, 25), (21, 26), (21, 27), (21, 28), (21, 29), (21, 30), (21, 31), (21, 32), (21, 33), (21, 34), (21, 35), (21, 36), (21, 37), (21, 38), (21, 38)], 9: [(19, 25), (20, 25), (21, 25), (22, 25), (23, 25), (24, 25), (25, 25), (26, 25), (27, 25), (28, 25), (28, 26), (28, 27), (28, 28), (28, 29), (28, 30), (28, 31), (29, 31), (29, 32), (29, 33), (29, 34), (29, 35), (30, 35), (31, 35), (32, 35), (33, 35), (34, 35), (34, 36), (34, 37), (35, 37), (36, 37), (37, 37), (38, 37), (38, 38), (39, 38), (40, 38), (41, 38), (42, 38), (43, 38), (44, 38), (45, 38), (46, 38), (47, 38), (47, 39), (47, 40), (47, 41), (48, 41), (49, 41), (50, 41), (51, 41), (52, 41), (53, 41), (53, 42), (53, 43), (53, 44), (53, 45), (53, 46), (53, 47), (53, 48), (53, 49), (53, 49)]}, 177)