

CBSS-C STATS
starts:[3518, 4950, 4848, 3821, 2717, 2642, 901, 2000, 4519, 4919]
targets:[3657, 4751, 2636, 2174, 539, 4595, 4557, 3607, 3789, 3596]
dests:[3973, 1464, 1197, 4729, 2711, 4465, 4533, 3017, 2167, 3106]
ac_dict:{3657: {0, 1}, 4751: {1, 2}, 2636: {2, 3}, 2174: {3, 4}, 539: {4, 5}, 4595: {5, 6}, 4557: {6, 7}, 3607: {8, 7}, 3789: {8, 9}, 3973: {0}, 1464: {1}, 1197: {2}, 4729: {3}, 2711: {4}, 4465: {5}, 4533: {6}, 3017: {7}, 2167: {8}, 3106: {9}}
clusters:[4 0 3 0 0 3 1 2 1 1]

round: 17
best_g_value: 621.0
open_list_size: 16
num_low_level_expanded: 22259
search_success: 1
search_time: 2.903631877619773
n_tsp_call: 16
n_tsp_time: 1.7597112716175616
n_roots: 1
num_conflicts: 16
target_assignment: {3607: 8, 4595: 6, 4751: 1, 3657: 1, 3596: 1}
cluster_target_selection: {2: 3607, 3: 4595, 0: 4751, 4: 3657, 1: 3596}
num_nodes_transformed_graph: 34
agent_paths:({0: [(8, 54), (8, 55), (8, 56), (8, 57), (8, 58), (9, 58), (10, 58), (10, 59), (10, 60), (10, 61), (9, 61), (8, 61), (8, 61)], 1: [(10, 76), (9, 76), (8, 76), (7, 76), (6, 76), (6, 75), (6, 74), (6, 73), (7, 73), (8, 73), (9, 73), (9, 74), (9, 75), (9, 76), (10, 76), (11, 76), (12, 76), (13, 76), (14, 76), (14, 75), (14, 74), (14, 73), (14, 72), (14, 71), (14, 70), (14, 69), (14, 68), (14, 67), (14, 66), (14, 65), (14, 64), (14, 63), (14, 62), (15, 62), (16, 62), (17, 62), (17, 61), (17, 60), (17, 59), (17, 58), (17, 57), (17, 56), (17, 55), (18, 55), (19, 55), (20, 55), (21, 55), (21, 54), (22, 54), (22, 53), (23, 53), (24, 53), (24, 52), (24, 51), (25, 51), (26, 51), (26, 50), (27, 50), (27, 49), (27, 48), (27, 47), (28, 47), (29, 47), (29, 46), (29, 45), (29, 44), (29, 43), (29, 42), (29, 41), (29, 40), (29, 39), (29, 38), (29, 37), (29, 36), (29, 35), (29, 34), (29, 33), (29, 32), (29, 31), (29, 30), (29, 29), (29, 28), (29, 27), (30, 27), (31, 27), (32, 27), (33, 27), (34, 27), (34, 26), (35, 26), (35, 25), (35, 24), (35, 23), (34, 23), (34, 22), (34, 22)], 2: [(38, 74), (37, 74), (36, 74), (36, 73), (35, 73), (34, 73), (34, 72), (34, 71), (34, 70), (34, 69), (33, 69), (32, 69), (31, 69), (30, 69), (29, 69), (28, 69), (27, 69), (27, 68), (27, 67), (27, 66), (27, 65), (27, 64), (27, 63), (27, 62), (27, 61), (27, 60), (27, 59), (27, 58), (27, 57), (27, 56), (27, 55), (27, 54), (27, 53), (27, 52), (27, 51), (27, 50), (27, 49), (27, 48), (27, 47), (27, 46), (27, 45), (27, 44), (27, 43), (27, 42), (27, 41), (27, 40), (27, 39), (27, 38), (27, 37), (27, 36), (27, 35), (27, 34), (27, 33), (27, 32), (27, 31), (27, 30), (27, 29), (27, 28), (27, 27), (27, 26), (27, 25), (27, 24), (27, 23), (27, 22), (27, 21), (27, 20), (27, 19), (27, 18), (27, 18)], 3: [(51, 58), (51, 57), (51, 56), (51, 55), (51, 54), (51, 53), (51, 52), (51, 51), (51, 50), (52, 50), (52, 49), (52, 48), (51, 48), (51, 47), (51, 46), (51, 45), (50, 45), (49, 45), (48, 45), (47, 45), (47, 44), (47, 43), (47, 42), (46, 42), (45, 42), (44, 42), (43, 42), (42, 42), (41, 42), (40, 42), (39, 42), (38, 42), (37, 42), (37, 43), (37, 44), (36, 44), (35, 44), (34, 44), (33, 44), (32, 44), (31, 44), (30, 44), (30, 45), (29, 45), (29, 46), (29, 47), (29, 48), (29, 49), (29, 50), (29, 51), (29, 52), (29, 53), (29, 54), (29, 55), (29, 56), (29, 57), (29, 58), (29, 59), (29, 60), (29, 61), (29, 62), (28, 62), (27, 62), (27, 63), (27, 64), (27, 65), (27, 66), (28, 66), (29, 66), (29, 67), (30, 67), (31, 67), (32, 67), (33, 67), (34, 67), (35, 67), (36, 67), (37, 67), (38, 67), (39, 67), (40, 67), (41, 67), (42, 67), (43, 67), (44, 67), (45, 67), (46, 67), (47, 67), (48, 67), (49, 67), (49, 68), (49, 69), (49, 70), (49, 71), (49, 72), (49, 72)], 4: [(52, 41), (51, 41), (50, 41), (49, 41), (48, 41), (47, 41), (46, 41), (46, 41)], 5: [(42, 40), (42, 41), (42, 42), (41, 42), (40, 42), (39, 42), (38, 42), (37, 42), (37, 43), (37, 44), (36, 44), (35, 44), (34, 44), (33, 44), (32, 44), (31, 44), (30, 44), (30, 45), (29, 45), (29, 46), (29, 47), (29, 48), (29, 49), (29, 50), (29, 51), (29, 52), (29, 53), (29, 54), (29, 55), (29, 56), (29, 57), (29, 58), (29, 59), (29, 60), (29, 61), (29, 62), (28, 62), (27, 62), (27, 63), (27, 64), (27, 65), (27, 66), (28, 66), (29, 66), (29, 67), (30, 67), (31, 67), (32, 67), (33, 67), (34, 67), (35, 67), (36, 67), (37, 67), (38, 67), (39, 67), (40, 67), (41, 67), (42, 67), (43, 67), (44, 67), (45, 67), (45, 68), (45, 68)], 6: [(56, 13), (55, 13), (54, 13), (53, 13), (52, 13), (51, 13), (50, 13), (49, 13), (48, 13), (47, 13), (46, 13), (45, 13), (44, 13), (43, 13), (42, 13), (41, 13), (40, 13), (39, 13), (38, 13), (37, 13), (36, 13), (35, 13), (34, 13), (33, 13), (32, 13), (31, 13), (30, 13), (29, 13), (29, 14), (28, 14), (27, 14), (27, 15), (27, 16), (27, 17), (27, 18), (28, 18), (28, 19), (28, 20), (28, 21), (28, 22), (28, 23), (28, 24), (28, 25), (28, 26), (28, 27), (28, 28), (28, 29), (28, 30), (28, 31), (28, 32), (28, 33), (28, 34), (28, 35), (28, 36), (28, 37), (28, 38), (28, 39), (28, 40), (28, 41), (28, 42), (28, 43), (28, 44), (28, 45), (28, 46), (28, 47), (28, 48), (28, 49), (28, 50), (28, 51), (28, 52), (28, 53), (28, 54), (28, 55), (28, 56), (28, 57), (28, 58), (28, 59), (28, 60), (28, 61), (28, 62), (27, 62), (27, 63), (27, 64), (27, 65), (27, 66), (28, 66), (29, 66), (29, 67), (30, 67), (31, 67), (32, 67), (33, 67), (34, 67), (35, 67), (36, 67), (37, 67), (38, 67), (39, 67), (40, 67), (41, 67), (42, 67), (43, 67), (44, 67), (44, 68), (44, 69), (45, 69), (45, 70), (45, 69), (46, 69), (47, 69), (48, 69), (48, 69)], 7: [(50, 30), (49, 30), (48, 30), (47, 30), (46, 30), (45, 30), (44, 30), (43, 30), (42, 30), (41, 30), (40, 30), (39, 30), (38, 30), (37, 30), (36, 30), (35, 30), (34, 30), (34, 29), (33, 29), (32, 29), (31, 29), (30, 29), (29, 29), (28, 29), (28, 30), (28, 31), (28, 32), (28, 33), (28, 34), (28, 35), (28, 36), (28, 37), (28, 38), (28, 39), (28, 40), (28, 41), (28, 42), (28, 43), (28, 44), (28, 45), (28, 46), (27, 46), (27, 46)], 8: [(34, 69), (33, 69), (32, 69), (32, 68), (32, 67), (31, 67), (30, 67), (29, 67), (29, 66), (28, 66), (27, 66), (27, 65), (27, 64), (27, 63), (27, 62), (27, 61), (27, 60), (27, 59), (27, 58), (27, 57), (27, 56), (27, 55), (28, 55), (29, 55), (30, 55), (31, 55), (32, 55), (31, 55), (30, 55), (29, 55), (28, 55), (27, 55), (27, 54), (27, 53), (27, 52), (27, 51), (27, 50), (27, 49), (27, 48), (27, 47), (27, 46), (27, 45), (26, 45), (26, 44), (25, 44), (24, 44), (23, 44), (22, 44), (22, 43), (22, 42), (22, 41), (22, 40), (22, 39), (22, 38), (22, 37), (22, 36), (22, 35), (22, 34), (22, 33), (22, 33)], 9: [(44, 75), (44, 74), (44, 73), (44, 72), (44, 71), (44, 70), (44, 69), (44, 68), (44, 67), (43, 67), (42, 67), (41, 67), (40, 67), (39, 67), (38, 67), (37, 67), (36, 67), (35, 67), (34, 67), (33, 67), (32, 67), (31, 67), (30, 67), (29, 67), (29, 66), (28, 66), (27, 66), (27, 65), (27, 64), (27, 63), (27, 62), (27, 61), (27, 60), (27, 59), (27, 58), (27, 57), (27, 56), (27, 55), (27, 54), (27, 53), (27, 52), (27, 51), (27, 50), (27, 49), (27, 48), (27, 47), (28, 47), (29, 47), (29, 46), (29, 45), (30, 45), (30, 44), (31, 44), (32, 44), (33, 44), (34, 44), (35, 44), (36, 44), (37, 44), (37, 43), (37, 42), (38, 42), (39, 42), (40, 42), (41, 42), (42, 42), (43, 42), (44, 42), (45, 42), (46, 42), (47, 42), (48, 42), (49, 42), (50, 42), (51, 42), (51, 43), (51, 44), (51, 45), (51, 46), (51, 47), (51, 47)]}, 110)