

CBSS-C STATS
starts:[4042, 3734, 980, 4870, 3530, 3562, 1800, 1129, 4733, 1195]
targets:[3717, 3749, 3903, 4594, 2788, 201, 3408, 3477, 3484, 804, 2621, 1194, 3537, 2714, 783]
dests:[1823, 155, 4849, 2173, 2358, 4881, 750, 725, 1507, 1874]
ac_dict:{3717: {0, 1}, 3749: {1, 2}, 3903: {2, 3}, 4594: {3, 4}, 2788: {4, 5}, 201: {5, 6}, 3408: {6, 7}, 3477: {8, 7}, 3484: {8, 9}, 1823: {0}, 155: {1}, 4849: {2}, 2173: {3}, 2358: {4}, 4881: {5}, 750: {6}, 725: {7}, 1507: {8}, 1874: {9}}
clusters:[6 4 2 5 2 9 7 3 8 0 2 5 7 8 1]

round: 10
best_g_value: 764.0
open_list_size: 9
num_low_level_expanded: 13325
search_success: 1
search_time: 3.473732891958207
n_tsp_call: 1
n_tsp_time: 2.565717527642846
n_roots: 1
num_conflicts: 9
target_assignment: {3717: 0, 3537: 0, 2621: 0, 2714: 5, 1194: 7, 3477: 8, 3749: 1, 201: 6, 783: 6, 804: 6}
cluster_target_selection: {6: 3717, 7: 3537, 2: 2621, 8: 2714, 5: 1194, 3: 3477, 4: 3749, 9: 201, 1: 783, 0: 804}
num_nodes_transformed_graph: 98
agent_paths:({0: [(12, 62), (12, 61), (12, 60), (11, 60), (11, 59), (11, 58), (11, 57), (12, 57), (12, 56), (12, 55), (12, 54), (13, 54), (14, 54), (15, 54), (16, 54), (17, 54), (18, 54), (19, 54), (20, 54), (21, 54), (22, 54), (23, 54), (24, 54), (25, 54), (26, 54), (27, 54), (27, 53), (27, 52), (27, 51), (27, 50), (27, 49), (27, 48), (27, 47), (27, 46), (27, 45), (26, 45), (26, 44), (25, 44), (24, 44), (23, 44), (22, 44), (21, 44), (21, 43), (21, 42), (21, 41), (21, 40), (20, 40), (19, 40), (19, 39), (19, 38), (19, 37), (19, 36), (19, 35), (19, 34), (19, 33), (19, 32), (19, 31), (19, 30), (19, 29), (19, 28), (19, 27), (19, 26), (19, 25), (19, 24), (19, 23), (19, 22), (19, 21), (18, 21), (17, 21), (16, 21), (15, 21), (14, 21), (13, 21), (12, 21), (11, 21), (10, 21), (9, 21), (8, 21), (7, 21), (6, 21), (5, 21), (4, 21), (4, 22), (3, 22), (3, 23), (3, 24), (3, 25), (3, 26), (3, 27), (3, 28), (3, 28)], 1: [(29, 57), (30, 57), (31, 57), (32, 57), (33, 57), (34, 57), (35, 57), (36, 57), (37, 57), (38, 57), (39, 57), (40, 57), (41, 57), (42, 57), (43, 57), (44, 57), (43, 57), (42, 57), (41, 57), (40, 57), (39, 57), (38, 57), (37, 57), (36, 57), (35, 57), (34, 57), (33, 57), (32, 57), (31, 57), (30, 57), (29, 57), (28, 57), (28, 56), (28, 55), (28, 54), (28, 53), (28, 52), (28, 51), (28, 50), (28, 49), (28, 48), (28, 47), (28, 46), (28, 45), (27, 45), (26, 45), (26, 44), (25, 44), (25, 43), (25, 42), (25, 41), (25, 40), (25, 39), (25, 38), (25, 37), (25, 36), (25, 35), (25, 34), (25, 33), (25, 32), (25, 31), (25, 30), (25, 29), (25, 28), (25, 27), (25, 26), (25, 25), (25, 24), (25, 23), (25, 22), (25, 21), (25, 20), (25, 19), (25, 18), (25, 17), (25, 16), (25, 15), (25, 14), (25, 13), (25, 12), (25, 11), (25, 10), (25, 9), (25, 8), (25, 7), (25, 6), (25, 5), (25, 4), (25, 3), (25, 2), (25, 2)], 2: [(5, 15), (6, 15), (7, 15), (8, 15), (9, 15), (10, 15), (11, 15), (12, 15), (12, 16), (12, 17), (12, 18), (12, 19), (12, 20), (13, 20), (14, 20), (15, 20), (16, 20), (17, 20), (18, 20), (19, 20), (20, 20), (21, 20), (22, 20), (23, 20), (24, 20), (25, 20), (26, 20), (27, 20), (27, 21), (27, 22), (27, 23), (27, 24), (27, 25), (27, 26), (27, 27), (27, 28), (27, 29), (27, 30), (27, 31), (27, 32), (27, 33), (27, 34), (27, 35), (27, 36), (27, 37), (27, 38), (27, 39), (27, 40), (27, 41), (27, 42), (27, 43), (27, 44), (27, 45), (27, 46), (27, 47), (27, 48), (27, 49), (27, 50), (27, 51), (27, 52), (27, 53), (27, 54), (27, 55), (27, 56), (27, 57), (27, 58), (27, 59), (27, 60), (27, 61), (27, 62), (27, 63), (27, 64), (27, 65), (27, 66), (28, 66), (29, 66), (29, 67), (30, 67), (31, 67), (32, 67), (33, 67), (34, 67), (35, 67), (36, 67), (37, 67), (38, 67), (39, 67), (39, 68), (39, 69), (39, 70), (39, 71), (39, 72), (39, 73), (39, 74), (39, 74)], 3: [(60, 74), (59, 74), (58, 74), (57, 74), (56, 74), (55, 74), (54, 74), (53, 74), (52, 74), (51, 74), (50, 74), (49, 74), (48, 74), (47, 74), (46, 74), (45, 74), (44, 74), (43, 74), (42, 74), (41, 74), (40, 74), (39, 74), (38, 74), (37, 74), (36, 74), (36, 73), (35, 73), (34, 73), (34, 72), (34, 71), (34, 70), (34, 69), (33, 69), (32, 69), (31, 69), (30, 69), (29, 69), (28, 69), (28, 68), (28, 67), (28, 66), (27, 66), (27, 65), (27, 64), (27, 63), (27, 62), (27, 61), (27, 60), (27, 59), (27, 58), (27, 57), (27, 56), (27, 55), (27, 54), (27, 53), (27, 52), (27, 51), (28, 51), (28, 50), (28, 49), (28, 48), (28, 47), (28, 46), (28, 45), (28, 44), (28, 43), (28, 42), (28, 41), (28, 40), (28, 39), (28, 38), (28, 37), (28, 36), (28, 35), (28, 34), (28, 33), (28, 33)], 4: [(20, 54), (21, 54), (22, 54), (22, 53), (23, 53), (24, 53), (24, 52), (24, 51), (25, 51), (26, 51), (26, 50), (27, 50), (27, 49), (27, 48), (27, 47), (27, 46), (27, 45), (26, 45), (26, 44), (25, 44), (24, 44), (23, 44), (22, 44), (21, 44), (20, 44), (20, 43), (20, 42), (19, 42), (19, 41), (19, 40), (19, 39), (19, 38), (19, 37), (18, 37), (18, 36), (18, 36)], 5: [(52, 54), (52, 53), (52, 52), (52, 51), (52, 50), (52, 49), (52, 48), (51, 48), (51, 47), (51, 46), (51, 45), (50, 45), (49, 45), (49, 44), (49, 43), (49, 42), (49, 41), (48, 41), (47, 41), (46, 41), (45, 41), (44, 41), (43, 41), (42, 41), (41, 41), (40, 41), (39, 41), (38, 41), (37, 41), (36, 41), (35, 41), (34, 41), (33, 41), (32, 41), (31, 41), (30, 41), (29, 41), (28, 41), (27, 41), (27, 42), (27, 43), (27, 44), (27, 45), (27, 46), (27, 47), (27, 48), (27, 49), (27, 50), (26, 50), (26, 51), (25, 51), (24, 51), (24, 52), (24, 53), (23, 53), (22, 53), (22, 54), (21, 54), (20, 54), (19, 54), (18, 54), (17, 54), (17, 55), (17, 56), (17, 57), (17, 58), (17, 59), (17, 60), (17, 61), (17, 62), (16, 62), (15, 62), (14, 62), (14, 63), (14, 64), (14, 65), (14, 66), (14, 67), (14, 68), (14, 69), (14, 70), (14, 71), (14, 72), (14, 73), (14, 74), (14, 75), (14, 76), (13, 76), (12, 76), (11, 76), (10, 76), (9, 76), (8, 76), (7, 76), (6, 76), (6, 75), (6, 75)], 6: [(45, 27), (44, 27), (43, 27), (42, 27), (41, 27), (40, 27), (39, 27), (38, 27), (37, 27), (36, 27), (35, 27), (34, 27), (33, 27), (32, 27), (31, 27), (30, 27), (29, 27), (28, 27), (27, 27), (26, 27), (25, 27), (24, 27), (23, 27), (22, 27), (21, 27), (20, 27), (19, 27), (19, 26), (19, 25), (19, 24), (19, 23), (19, 22), (19, 21), (18, 21), (17, 21), (16, 21), (15, 21), (14, 21), (13, 21), (12, 21), (11, 21), (10, 21), (9, 21), (9, 20), (9, 19), (9, 18), (9, 17), (9, 16), (9, 15), (8, 15), (7, 15), (6, 15), (6, 14), (6, 13), (6, 12), (6, 11), (6, 10), (6, 9), (6, 8), (6, 7), (6, 6), (6, 5), (6, 4), (6, 3), (5, 3), (4, 3), (4, 4), (4, 5), (3, 5), (3, 6), (3, 7), (3, 8), (3, 9), (3, 10), (3, 11), (3, 12), (4, 12), (5, 12), (6, 12), (7, 12), (8, 12), (9, 12), (10, 12), (11, 12), (12, 12), (12, 13), (12, 14), (12, 15), (12, 16), (12, 17), (12, 18), (12, 19), (13, 19), (14, 19), (15, 19), (16, 19), (17, 19), (18, 19), (18, 18), (19, 18), (20, 18), (20, 17), (20, 16), (20, 15), (20, 14), (20, 13), (20, 12), (21, 12), (22, 12), (23, 12), (24, 12), (24, 11), (25, 11), (26, 11), (27, 11), (28, 11), (29, 11), (30, 11), (31, 11), (32, 11), (33, 11), (34, 11), (35, 11), (35, 11)], 7: [(24, 17), (24, 18), (23, 18), (22, 18), (21, 18), (20, 18), (19, 18), (18, 18), (18, 19), (17, 19), (16, 19), (15, 19), (14, 19), (13, 19), (12, 19), (11, 19), (10, 19), (10, 18), (10, 17), (10, 16), (10, 15), (10, 14), (10, 13), (10, 12), (10, 11), (10, 11)], 8: [(53, 72), (52, 72), (51, 72), (50, 72), (49, 72), (48, 72), (47, 72), (46, 72), (45, 72), (44, 72), (43, 72), (42, 72), (41, 72), (40, 72), (39, 72), (38, 72), (37, 72), (36, 72), (35, 72), (34, 72), (34, 71), (34, 70), (34, 69), (33, 69), (32, 69), (32, 68), (32, 67), (31, 67), (30, 67), (29, 67), (29, 66), (28, 66), (27, 66), (27, 65), (27, 64), (27, 63), (27, 62), (27, 61), (27, 60), (27, 59), (27, 58), (27, 57), (27, 56), (27, 55), (27, 54), (27, 53), (28, 53), (29, 53), (30, 53), (31, 53), (32, 53), (31, 53), (30, 53), (29, 53), (28, 53), (28, 52), (28, 51), (28, 50), (27, 50), (27, 49), (27, 48), (27, 47), (27, 46), (27, 45), (26, 45), (26, 44), (25, 44), (24, 44), (23, 44), (22, 44), (21, 44), (20, 44), (20, 43), (20, 42), (19, 42), (19, 41), (19, 40), (19, 39), (19, 38), (19, 37), (19, 36), (19, 35), (19, 34), (19, 33), (19, 32), (19, 31), (19, 30), (19, 29), (19, 28), (19, 27), (19, 26), (19, 25), (19, 24), (19, 23), (19, 22), (19, 21), (18, 21), (17, 21), (16, 21), (15, 21), (14, 21), (13, 21), (12, 21), (12, 22), (12, 23), (12, 23)], 9: [(25, 18), (26, 18), (27, 18), (28, 18), (28, 19), (28, 20), (28, 21), (28, 22), (28, 23), (28, 24), (28, 25), (28, 26), (29, 26), (29, 27), (29, 28), (30, 28), (31, 28), (32, 28), (33, 28), (34, 28), (35, 28), (36, 28), (37, 28), (38, 28), (39, 28), (40, 28), (41, 28), (42, 28), (43, 28), (44, 28), (45, 28), (46, 28), (47, 28), (48, 28), (49, 28), (50, 28), (51, 28), (52, 28), (53, 28), (54, 28), (54, 28)]}, 122)