

CBSS-C STATS
starts:[4590, 5011, 155, 720, 2457]
targets:[1440, 4376, 4624, 3528, 4786, 281, 410, 4630, 921, 1132, 4537, 1866, 4103, 2498, 2824, 3566, 4862, 3367, 1315, 4450]
dests:[2467, 3411, 2625, 526, 220]
ac_dict:{1440: {0, 1}, 4376: {1, 2}, 4624: {2, 3}, 3528: {3, 4}, 2467: {0}, 3411: {1}, 2625: {2}, 526: {3}, 220: {4}}
clusters:[0 8 6 6 2 8 7 9 5 2 3 0 0 1 2 1 1 4 9 2]

round: 3
best_g_value: 368.0
open_list_size: 2
num_low_level_expanded: 2940
search_success: 1
search_time: 2.806406379211694
n_tsp_call: 1
n_tsp_time: 2.6617999500595033
n_roots: 1
num_conflicts: 2
target_assignment: {4537: 0, 2824: 0, 3367: 0, 2498: 4, 3528: 4, 4630: 1, 4103: 1, 281: 2, 410: 2, 921: 3}
cluster_target_selection: {3: 4537, 2: 2824, 4: 3367, 1: 2498, 6: 3528, 9: 4630, 0: 4103, 8: 281, 7: 410, 5: 921}
num_nodes_transformed_graph: 98
agent_paths:({0: [(40, 70), (40, 69), (41, 69), (42, 69), (43, 69), (44, 69), (45, 69), (46, 69), (47, 69), (48, 69), (49, 69), (50, 69), (51, 69), (52, 69), (51, 69), (50, 69), (49, 69), (48, 69), (47, 69), (46, 69), (45, 69), (44, 69), (43, 69), (42, 69), (41, 69), (40, 69), (39, 69), (38, 69), (37, 69), (36, 69), (35, 69), (34, 69), (33, 69), (32, 69), (31, 69), (30, 69), (29, 69), (29, 68), (29, 67), (29, 66), (28, 66), (27, 66), (27, 65), (27, 64), (27, 63), (27, 62), (27, 61), (27, 60), (27, 59), (27, 58), (27, 57), (27, 56), (27, 55), (27, 54), (27, 53), (27, 52), (27, 51), (27, 50), (27, 49), (27, 48), (27, 47), (27, 46), (27, 45), (27, 44), (27, 43), (28, 43), (29, 43), (30, 43), (31, 43), (32, 43), (33, 43), (34, 43), (35, 43), (36, 43), (37, 43), (37, 42), (38, 42), (39, 42), (40, 42), (41, 42), (42, 42), (43, 42), (44, 42), (45, 42), (46, 42), (47, 42), (48, 42), (49, 42), (50, 42), (51, 42), (52, 42), (52, 43), (52, 44), (52, 45), (52, 46), (52, 47), (52, 48), (52, 49), (52, 50), (52, 51), (52, 50), (52, 49), (52, 48), (52, 47), (52, 46), (52, 45), (52, 44), (52, 43), (52, 42), (52, 41), (52, 40), (52, 39), (52, 38), (52, 37), (53, 37), (54, 37), (55, 37), (56, 37), (57, 37), (58, 37), (59, 37), (60, 37), (61, 37), (62, 37), (62, 37)], 1: [(6, 77), (6, 76), (7, 76), (8, 76), (9, 76), (10, 76), (11, 76), (12, 76), (13, 76), (14, 76), (14, 75), (14, 74), (14, 73), (14, 72), (14, 71), (15, 71), (14, 71), (14, 70), (14, 69), (14, 68), (14, 67), (14, 66), (14, 65), (14, 64), (14, 63), (13, 63), (12, 63), (11, 63), (10, 63), (9, 63), (8, 63), (8, 62), (8, 61), (9, 61), (10, 61), (10, 60), (10, 59), (10, 58), (10, 57), (10, 56), (10, 55), (11, 55), (12, 55), (13, 55), (14, 55), (15, 55), (16, 55), (17, 55), (18, 55), (19, 55), (20, 55), (20, 54), (21, 54), (22, 54), (22, 53), (23, 53), (24, 53), (24, 52), (25, 52), (26, 52), (27, 52), (28, 52), (29, 52), (30, 52), (31, 52), (31, 52)], 2: [(25, 2), (24, 2), (23, 2), (22, 2), (21, 2), (21, 3), (21, 4), (20, 4), (20, 5), (20, 6), (21, 6), (22, 6), (23, 6), (24, 6), (25, 6), (25, 7), (25, 8), (25, 9), (25, 10), (25, 11), (25, 12), (25, 13), (25, 14), (25, 15), (25, 16), (25, 17), (25, 18), (25, 19), (25, 20), (25, 21), (25, 22), (25, 23), (25, 24), (25, 25), (25, 26), (25, 27), (25, 28), (25, 29), (25, 30), (25, 31), (25, 32), (25, 33), (25, 34), (25, 35), (25, 36), (25, 37), (25, 38), (25, 39), (25, 40), (25, 40)], 3: [(5, 11), (6, 11), (7, 11), (8, 11), (9, 11), (10, 11), (11, 11), (11, 12), (11, 13), (11, 14), (10, 14), (9, 14), (8, 14), (7, 14), (6, 14), (6, 13), (6, 12), (6, 11), (6, 10), (6, 9), (6, 8), (6, 8)], 4: [(52, 37), (51, 37), (50, 37), (50, 38), (49, 38), (48, 38), (47, 38), (46, 38), (45, 38), (44, 38), (43, 38), (42, 38), (41, 38), (40, 38), (39, 38), (38, 38), (37, 38), (36, 38), (35, 38), (34, 38), (33, 38), (32, 38), (31, 38), (30, 38), (29, 38), (28, 38), (27, 38), (27, 39), (27, 40), (27, 41), (27, 42), (27, 43), (27, 44), (27, 45), (27, 46), (27, 47), (27, 48), (27, 49), (27, 50), (26, 50), (26, 51), (25, 51), (24, 51), (24, 52), (24, 53), (23, 53), (22, 53), (22, 54), (21, 54), (20, 54), (19, 54), (18, 54), (19, 54), (20, 54), (21, 54), (22, 54), (22, 53), (23, 53), (24, 53), (24, 52), (24, 51), (25, 51), (26, 51), (26, 50), (27, 50), (27, 49), (27, 48), (27, 47), (27, 46), (27, 45), (26, 45), (26, 44), (26, 43), (26, 42), (26, 41), (26, 40), (26, 39), (25, 39), (25, 38), (25, 37), (25, 36), (25, 35), (25, 34), (25, 33), (25, 32), (25, 31), (25, 30), (25, 29), (25, 28), (25, 27), (25, 26), (25, 25), (25, 24), (25, 23), (25, 22), (25, 21), (25, 20), (25, 19), (25, 18), (25, 17), (25, 16), (25, 15), (25, 14), (25, 13), (25, 12), (25, 11), (25, 10), (25, 9), (25, 8), (25, 7), (25, 6), (25, 5), (25, 4), (25, 3), (25, 3)]}, 123)