

CBSS-C STATS
starts:[691, 4042, 1904, 1785, 2382]
targets:[3553, 4871, 375, 558, 5082, 4923, 5017, 866, 2371, 2786]
dests:[4470, 3535, 3488, 2578, 3343]
ac_dict:{3553: {0, 1}, 4871: {1, 2}, 375: {2, 3}, 558: {3, 4}, 4470: {0}, 3535: {1}, 3488: {2}, 2578: {3}, 3343: {4}}
clusters:[3 2 4 0 3 2 2 3 4 1]

round: 1
best_g_value: 338.0
open_list_size: 0
num_low_level_expanded: 1916
search_success: 1
search_time: 0.16910843597725034
n_tsp_call: 1
n_tsp_time: 0.10293965879827738
n_roots: 1
num_conflicts: 0
target_assignment: {866: 0, 4923: 0, 558: 3, 2371: 3, 2786: 4}
cluster_target_selection: {3: 866, 2: 4923, 0: 558, 4: 2371, 1: 2786}
num_nodes_transformed_graph: 28
agent_paths:({0: [(41, 10), (40, 10), (39, 10), (38, 10), (37, 10), (36, 10), (35, 10), (34, 10), (34, 11), (33, 11), (32, 11), (31, 11), (30, 11), (29, 11), (28, 11), (27, 11), (26, 11), (25, 11), (24, 11), (23, 11), (22, 11), (21, 11), (21, 12), (21, 13), (22, 13), (23, 13), (24, 13), (25, 13), (26, 13), (27, 13), (27, 14), (27, 15), (27, 16), (27, 17), (27, 18), (27, 19), (27, 20), (27, 21), (27, 22), (27, 23), (27, 24), (27, 25), (27, 26), (27, 27), (27, 28), (27, 29), (27, 30), (27, 31), (27, 32), (27, 33), (27, 34), (27, 35), (27, 36), (27, 37), (27, 38), (27, 39), (27, 40), (27, 41), (27, 42), (27, 43), (27, 44), (27, 45), (27, 46), (27, 47), (27, 48), (27, 49), (27, 50), (27, 51), (27, 52), (27, 53), (27, 54), (27, 55), (27, 56), (27, 57), (27, 58), (27, 59), (27, 60), (27, 61), (27, 62), (27, 63), (27, 64), (27, 65), (27, 66), (28, 66), (29, 66), (29, 67), (30, 67), (31, 67), (32, 67), (33, 67), (34, 67), (35, 67), (36, 67), (37, 67), (38, 67), (39, 67), (40, 67), (41, 67), (42, 67), (43, 67), (44, 67), (45, 67), (46, 67), (47, 67), (48, 67), (48, 68), (48, 69), (48, 70), (48, 71), (48, 72), (48, 73), (48, 74), (48, 75), (48, 74), (48, 73), (48, 72), (48, 71), (48, 70), (48, 69), (48, 68), (49, 68), (50, 68), (50, 68)], 1: [(12, 62), (13, 62), (14, 62), (15, 62), (16, 62), (17, 62), (17, 61), (17, 60), (17, 59), (17, 58), (17, 57), (17, 56), (17, 55), (17, 54), (18, 54), (19, 54), (20, 54), (21, 54), (22, 54), (23, 54), (24, 54), (25, 54), (25, 54)], 2: [(19, 29), (20, 29), (21, 29), (22, 29), (23, 29), (24, 29), (25, 29), (26, 29), (27, 29), (28, 29), (29, 29), (29, 30), (29, 31), (29, 32), (29, 33), (29, 34), (29, 35), (29, 36), (29, 37), (29, 38), (29, 39), (29, 40), (29, 41), (29, 42), (29, 43), (29, 44), (29, 45), (29, 46), (29, 47), (29, 48), (29, 49), (29, 50), (30, 50), (30, 51), (31, 51), (32, 51), (33, 51), (33, 52), (33, 53), (34, 53), (35, 53), (36, 53), (37, 53), (38, 53), (39, 53), (40, 53), (41, 53), (42, 53), (43, 53), (43, 53)], 3: [(30, 27), (29, 27), (29, 26), (28, 26), (28, 25), (28, 24), (28, 23), (28, 22), (28, 21), (28, 20), (28, 19), (28, 18), (27, 18), (27, 17), (27, 16), (27, 15), (27, 14), (27, 13), (27, 12), (27, 11), (28, 11), (29, 11), (30, 11), (31, 11), (32, 11), (33, 11), (34, 11), (34, 10), (35, 10), (36, 10), (36, 9), (36, 8), (37, 8), (38, 8), (37, 8), (36, 8), (36, 9), (36, 10), (35, 10), (34, 10), (34, 11), (33, 11), (32, 11), (31, 11), (31, 12), (31, 13), (30, 13), (29, 13), (29, 14), (28, 14), (27, 14), (27, 15), (27, 16), (27, 17), (27, 18), (28, 18), (28, 19), (28, 20), (28, 21), (28, 22), (28, 23), (28, 24), (28, 25), (28, 26), (29, 26), (29, 27), (29, 28), (29, 29), (29, 30), (29, 31), (29, 32), (29, 33), (29, 34), (29, 35), (30, 35), (31, 35), (31, 36), (32, 36), (33, 36), (34, 36), (34, 37), (35, 37), (36, 37), (37, 37), (38, 37), (38, 38), (39, 38), (40, 38), (41, 38), (42, 38), (43, 38), (43, 39), (43, 39)], 4: [(42, 36), (43, 36), (44, 36), (45, 36), (45, 37), (46, 37), (46, 38), (47, 38), (48, 38), (49, 38), (50, 38), (51, 38), (52, 38), (53, 38), (54, 38), (55, 38), (56, 38), (56, 39), (56, 40), (56, 41), (56, 42), (55, 42), (54, 42), (53, 42), (52, 42), (51, 42), (50, 42), (49, 42), (48, 42), (47, 42), (46, 42), (45, 42), (44, 42), (43, 42), (42, 42), (41, 42), (40, 42), (39, 42), (38, 42), (37, 42), (36, 42), (35, 42), (34, 42), (33, 42), (32, 42), (31, 42), (30, 42), (29, 42), (28, 42), (28, 43), (28, 44), (28, 45), (28, 46), (28, 47), (28, 48), (28, 49), (28, 50), (28, 51), (28, 51)]}, 121)