

CBSS-C STATS
starts:[1979, 2428, 4721, 4824, 1523, 3779, 4058, 1802, 3979, 1467]
targets:[656, 4687, 724, 2512, 3973, 3610, 2632, 4931, 4449, 1435]
dests:[2443, 216, 933, 465, 4991, 3529, 4913, 2631, 2828, 2001]
ac_dict:{656: {0, 1}, 4687: {1, 2}, 724: {2, 3}, 2512: {3, 4}, 3973: {4, 5}, 3610: {5, 6}, 2632: {6, 7}, 4931: {8, 7}, 4449: {8, 9}, 2443: {0}, 216: {1}, 933: {2}, 465: {3}, 4991: {4}, 3529: {5}, 4913: {6}, 2631: {7}, 2828: {8}, 2001: {9}}
clusters:[1 2 3 4 1 4 3 0 4 1]

round: 5
best_g_value: 594.0
open_list_size: 4
num_low_level_expanded: 8458
search_success: 1
search_time: 0.45655255671590567
n_tsp_call: 1
n_tsp_time: 0.1207603351213038
n_roots: 1
num_conflicts: 4
target_assignment: {2632: 7, 4931: 8, 4449: 8, 4687: 2, 3973: 5}
cluster_target_selection: {3: 2632, 0: 4931, 4: 4449, 2: 4687, 1: 3973}
num_nodes_transformed_graph: 34
agent_paths:({0: [(29, 30), (29, 31), (29, 32), (29, 33), (29, 34), (29, 35), (30, 35), (31, 35), (32, 35), (33, 35), (34, 35), (34, 36), (34, 37), (35, 37), (36, 37), (37, 37), (38, 37), (38, 37)], 1: [(23, 37), (22, 37), (21, 37), (21, 36), (21, 35), (21, 34), (21, 33), (21, 32), (21, 31), (21, 30), (21, 29), (21, 28), (21, 27), (21, 26), (21, 25), (21, 24), (21, 23), (21, 22), (21, 21), (21, 20), (21, 19), (21, 18), (21, 17), (21, 16), (21, 15), (21, 14), (21, 13), (21, 12), (21, 11), (21, 10), (21, 9), (21, 8), (21, 7), (21, 6), (21, 5), (21, 4), (21, 3), (21, 3)], 2: [(41, 72), (40, 72), (39, 72), (38, 72), (37, 72), (36, 72), (35, 72), (34, 72), (34, 71), (34, 70), (34, 69), (33, 69), (32, 69), (31, 69), (30, 69), (29, 69), (28, 69), (27, 69), (26, 69), (25, 69), (24, 69), (23, 69), (22, 69), (21, 69), (20, 69), (19, 69), (18, 69), (17, 69), (16, 69), (15, 69), (14, 69), (14, 70), (14, 71), (14, 72), (14, 73), (14, 74), (14, 75), (14, 76), (13, 76), (12, 76), (11, 76), (10, 76), (9, 76), (8, 76), (7, 76), (7, 75), (7, 74), (7, 73), (7, 72), (8, 72), (9, 72), (9, 73), (9, 74), (9, 75), (9, 76), (10, 76), (11, 76), (12, 76), (13, 76), (14, 76), (14, 75), (14, 74), (14, 73), (14, 72), (14, 71), (14, 70), (14, 69), (14, 68), (14, 67), (14, 66), (14, 65), (14, 64), (14, 63), (14, 62), (15, 62), (16, 62), (17, 62), (17, 61), (17, 60), (17, 59), (17, 58), (17, 57), (17, 56), (17, 55), (18, 55), (19, 55), (20, 55), (20, 54), (21, 54), (22, 54), (22, 53), (23, 53), (24, 53), (24, 52), (24, 51), (25, 51), (26, 51), (26, 50), (27, 50), (27, 49), (27, 48), (27, 47), (27, 46), (27, 45), (26, 45), (26, 44), (25, 44), (24, 44), (23, 44), (23, 43), (23, 42), (23, 41), (23, 40), (23, 39), (23, 38), (23, 37), (23, 36), (23, 35), (23, 34), (23, 33), (23, 32), (23, 31), (23, 30), (23, 29), (23, 28), (23, 27), (23, 26), (23, 25), (23, 24), (23, 23), (23, 22), (23, 21), (23, 20), (23, 19), (23, 18), (23, 17), (23, 16), (23, 15), (23, 14), (23, 14)], 3: [(14, 74), (14, 73), (14, 72), (14, 71), (14, 70), (14, 69), (14, 68), (14, 67), (14, 66), (14, 65), (14, 64), (14, 63), (14, 62), (15, 62), (16, 62), (17, 62), (17, 61), (17, 60), (17, 59), (17, 58), (17, 57), (17, 56), (17, 55), (18, 55), (19, 55), (20, 55), (20, 54), (21, 54), (22, 54), (22, 53), (23, 53), (24, 53), (24, 52), (24, 51), (25, 51), (26, 51), (26, 50), (27, 50), (27, 49), (27, 48), (27, 47), (27, 46), (27, 45), (26, 45), (26, 44), (25, 44), (24, 44), (23, 44), (22, 44), (21, 44), (20, 44), (20, 43), (20, 42), (19, 42), (19, 41), (19, 40), (19, 39), (19, 38), (19, 37), (19, 36), (19, 35), (19, 34), (19, 33), (19, 32), (19, 31), (19, 30), (19, 29), (19, 28), (19, 27), (19, 26), (19, 25), (19, 24), (19, 23), (19, 22), (19, 21), (18, 21), (17, 21), (16, 21), (15, 21), (14, 21), (13, 21), (12, 21), (11, 21), (10, 21), (10, 20), (10, 19), (10, 18), (10, 17), (10, 16), (10, 15), (10, 14), (10, 13), (10, 12), (10, 11), (10, 10), (10, 9), (10, 8), (10, 7), (10, 7)], 4: [(28, 23), (28, 24), (28, 25), (28, 26), (28, 27), (28, 28), (28, 29), (28, 30), (28, 31), (28, 32), (28, 33), (28, 34), (28, 35), (28, 36), (28, 37), (28, 38), (28, 39), (28, 40), (28, 41), (28, 42), (28, 43), (28, 44), (28, 45), (28, 46), (28, 47), (28, 48), (28, 49), (28, 50), (28, 51), (28, 52), (28, 53), (28, 54), (28, 55), (28, 56), (28, 57), (28, 58), (28, 59), (28, 60), (28, 61), (28, 62), (27, 62), (27, 63), (27, 64), (27, 65), (27, 66), (28, 66), (29, 66), (29, 67), (30, 67), (31, 67), (32, 67), (33, 67), (34, 67), (35, 67), (36, 67), (37, 67), (38, 67), (39, 67), (40, 67), (41, 67), (42, 67), (43, 67), (44, 67), (45, 67), (46, 67), (47, 67), (48, 67), (49, 67), (50, 67), (51, 67), (51, 68), (51, 69), (51, 70), (51, 71), (51, 72), (51, 73), (51, 74), (51, 75), (51, 76), (51, 76)], 5: [(9, 58), (10, 58), (10, 59), (10, 60), (10, 61), (9, 61), (8, 61), (9, 61), (10, 61), (10, 60), (10, 59), (10, 58), (10, 57), (10, 56), (10, 55), (10, 54), (11, 54), (12, 54), (13, 54), (14, 54), (15, 54), (16, 54), (17, 54), (18, 54), (19, 54), (19, 54)], 6: [(28, 62), (27, 62), (27, 63), (27, 64), (27, 65), (27, 66), (28, 66), (29, 66), (29, 67), (30, 67), (31, 67), (32, 67), (33, 67), (34, 67), (35, 67), (36, 67), (37, 67), (38, 67), (38, 68), (38, 69), (38, 70), (38, 71), (38, 72), (38, 73), (38, 74), (38, 75), (38, 75)], 7: [(47, 27), (46, 27), (45, 27), (44, 27), (43, 27), (42, 27), (41, 27), (41, 28), (40, 28), (39, 28), (38, 28), (37, 28), (36, 28), (35, 28), (34, 28), (33, 28), (32, 28), (32, 29), (31, 29), (30, 29), (29, 29), (29, 30), (29, 31), (29, 32), (29, 33), (29, 34), (29, 35), (30, 35), (31, 35), (32, 35), (32, 36), (32, 37), (32, 38), (32, 39), (32, 40), (31, 40), (31, 40)], 8: [(14, 61), (14, 62), (15, 62), (16, 62), (17, 62), (18, 62), (19, 62), (19, 63), (20, 63), (21, 63), (21, 64), (22, 64), (23, 64), (24, 64), (25, 64), (26, 64), (27, 64), (27, 65), (27, 66), (28, 66), (29, 66), (29, 67), (30, 67), (31, 67), (32, 67), (33, 67), (34, 67), (35, 67), (36, 67), (37, 67), (38, 67), (39, 67), (40, 67), (41, 67), (42, 67), (43, 67), (44, 67), (45, 67), (46, 67), (47, 67), (48, 67), (49, 67), (50, 67), (51, 67), (52, 67), (53, 67), (54, 67), (55, 67), (56, 67), (56, 68), (56, 69), (56, 70), (56, 71), (56, 72), (56, 73), (56, 74), (56, 75), (55, 75), (54, 75), (53, 75), (52, 75), (51, 75), (50, 75), (49, 75), (48, 75), (47, 75), (46, 75), (45, 75), (44, 75), (43, 75), (42, 75), (41, 75), (40, 75), (39, 75), (39, 74), (38, 74), (37, 74), (36, 74), (36, 73), (35, 73), (34, 73), (34, 72), (34, 71), (34, 70), (34, 69), (33, 69), (32, 69), (31, 69), (30, 69), (29, 69), (29, 68), (29, 67), (29, 66), (28, 66), (27, 66), (27, 65), (27, 64), (27, 63), (27, 62), (27, 61), (27, 60), (27, 59), (27, 58), (27, 57), (27, 56), (27, 55), (27, 54), (27, 53), (27, 52), (27, 51), (27, 50), (27, 49), (27, 48), (27, 47), (27, 46), (27, 45), (27, 44), (27, 43), (28, 43), (29, 43), (30, 43), (31, 43), (32, 43), (33, 43), (33, 43)], 9: [(37, 22), (38, 22), (38, 23), (38, 24), (38, 25), (38, 26), (38, 27), (39, 27), (40, 27), (41, 27), (42, 27), (43, 27), (44, 27), (45, 27), (46, 27), (47, 27), (48, 27), (49, 27), (50, 27), (51, 27), (51, 28), (51, 29), (51, 30), (51, 30)]}, 138)