

CBSS-C STATS
starts:[1066, 2234, 939, 849, 1910]
targets:[1002, 573, 2645, 4435, 577, 3927, 4325, 247, 4442, 751, 2043, 1196, 788, 4427, 1400, 5106, 218, 3458, 2684, 4175]
dests:[4540, 2688, 673, 4979, 1531]
ac_dict:{1002: {0, 1}, 573: {1, 2}, 2645: {2, 3}, 4435: {3, 4}, 4540: {0}, 2688: {1}, 673: {2}, 4979: {3}, 1531: {4}}
clusters:[2 7 3 6 7 6 6 0 6 5 7 9 4 8 9 0 7 1 2 7]

round: 1
best_g_value: 353.0
open_list_size: 0
num_low_level_expanded: 1379
search_success: 1
search_time: 1.4402674781158566
n_tsp_call: 1
n_tsp_time: 1.374864554964006
n_roots: 1
num_conflicts: 0
target_assignment: {1002: 0, 1196: 0, 3927: 0, 788: 3, 2043: 3, 2645: 3, 3458: 3, 4427: 3, 5106: 3, 751: 2}
cluster_target_selection: {2: 1002, 9: 1196, 6: 3927, 4: 788, 7: 2043, 3: 2645, 1: 3458, 8: 4427, 0: 5106, 5: 751}
num_nodes_transformed_graph: 98
agent_paths:({0: [(26, 16), (26, 15), (27, 15), (26, 15), (26, 16), (26, 17), (26, 18), (27, 18), (27, 19), (27, 20), (27, 21), (27, 22), (27, 23), (27, 24), (27, 25), (27, 26), (27, 27), (27, 28), (27, 29), (27, 30), (27, 31), (27, 32), (27, 33), (27, 34), (27, 35), (27, 36), (27, 37), (27, 38), (27, 39), (27, 40), (27, 41), (27, 42), (27, 43), (27, 44), (27, 45), (27, 46), (27, 47), (27, 48), (27, 49), (27, 50), (27, 51), (27, 52), (27, 53), (27, 54), (27, 55), (27, 56), (27, 57), (27, 58), (27, 59), (27, 60), (27, 61), (27, 62), (27, 63), (27, 64), (27, 65), (27, 66), (28, 66), (29, 66), (29, 67), (30, 67), (31, 67), (32, 67), (33, 67), (34, 67), (35, 67), (36, 67), (37, 67), (38, 67), (39, 67), (40, 67), (41, 67), (42, 67), (43, 67), (44, 67), (45, 67), (46, 67), (47, 67), (48, 67), (49, 67), (50, 67), (51, 67), (52, 67), (53, 67), (54, 67), (55, 67), (55, 68), (55, 69), (55, 69)], 1: [(24, 34), (23, 34), (23, 35), (23, 36), (23, 37), (23, 38), (23, 39), (23, 40), (23, 41), (23, 41)], 2: [(29, 14), (29, 13), (29, 12), (29, 11), (30, 11), (31, 11), (32, 11), (33, 11), (34, 11), (35, 11), (36, 11), (35, 11), (34, 11), (33, 11), (32, 11), (31, 11), (30, 11), (29, 11), (28, 11), (27, 11), (26, 11), (25, 11), (24, 11), (23, 11), (23, 10), (23, 10)], 3: [(4, 13), (4, 12), (5, 12), (6, 12), (7, 12), (8, 12), (9, 12), (10, 12), (11, 12), (12, 12), (12, 13), (12, 14), (12, 15), (12, 16), (12, 17), (12, 18), (12, 19), (13, 19), (14, 19), (15, 19), (16, 19), (17, 19), (18, 19), (19, 19), (20, 19), (21, 19), (22, 19), (23, 19), (24, 19), (25, 19), (26, 19), (27, 19), (28, 19), (28, 20), (28, 21), (28, 22), (28, 23), (28, 24), (28, 25), (28, 26), (28, 27), (28, 28), (28, 29), (28, 30), (28, 31), (29, 31), (29, 32), (29, 33), (29, 34), (29, 35), (30, 35), (31, 35), (32, 35), (33, 35), (34, 35), (34, 36), (34, 37), (35, 37), (36, 37), (37, 37), (38, 37), (38, 38), (39, 38), (40, 38), (41, 38), (42, 38), (43, 38), (44, 38), (45, 38), (45, 39), (45, 40), (44, 40), (43, 40), (42, 40), (41, 40), (40, 40), (39, 40), (38, 40), (37, 40), (36, 40), (35, 40), (34, 40), (33, 40), (32, 40), (31, 40), (30, 40), (29, 40), (28, 40), (27, 40), (27, 41), (27, 42), (27, 43), (27, 44), (27, 45), (27, 46), (27, 47), (27, 48), (27, 49), (27, 50), (26, 50), (26, 51), (25, 51), (24, 51), (24, 52), (24, 53), (23, 53), (22, 53), (22, 54), (21, 54), (20, 54), (19, 54), (18, 54), (17, 54), (16, 54), (15, 54), (14, 54), (13, 54), (13, 53), (13, 54), (12, 54), (11, 54), (11, 55), (11, 56), (11, 57), (11, 58), (11, 59), (11, 60), (11, 61), (11, 62), (11, 63), (12, 63), (13, 63), (14, 63), (14, 64), (14, 65), (14, 66), (14, 67), (14, 68), (14, 69), (14, 70), (14, 71), (14, 72), (14, 73), (14, 74), (14, 75), (14, 76), (13, 76), (12, 76), (11, 76), (10, 76), (9, 76), (8, 76), (7, 76), (7, 75), (7, 74), (7, 73), (7, 72), (7, 71), (7, 70), (7, 69), (7, 68), (8, 68), (9, 68), (9, 69), (9, 70), (9, 71), (9, 72), (9, 73), (9, 74), (9, 75), (9, 76), (10, 76), (11, 76), (12, 76), (13, 76), (14, 76), (15, 76), (16, 76), (16, 75), (17, 75), (18, 75), (19, 75), (20, 75), (21, 75), (21, 74), (21, 73), (21, 72), (21, 71), (21, 70), (22, 70), (23, 70), (24, 70), (25, 70), (26, 70), (27, 70), (28, 70), (29, 70), (29, 69), (30, 69), (31, 69), (32, 69), (33, 69), (34, 69), (35, 69), (36, 69), (36, 70), (36, 71), (36, 72), (36, 73), (36, 74), (36, 75), (36, 76), (36, 77), (36, 78), (36, 77), (36, 76), (37, 76), (38, 76), (39, 76), (39, 76)], 4: [(25, 29), (25, 28), (25, 27), (26, 27), (27, 27), (28, 27), (29, 27), (30, 27), (31, 27), (32, 27), (33, 27), (34, 27), (34, 26), (35, 26), (35, 25), (35, 24), (35, 23), (36, 23), (36, 23)]}, 218)