

CBSS-C STATS
starts:[3565, 396, 2502, 2698, 3612]
targets:[4510, 761, 931, 2506, 1318, 2517, 1482, 4804, 3838, 831]
dests:[1920, 1180, 4730, 4652, 3952]
ac_dict:{4510: {0, 1}, 761: {1, 2}, 931: {2, 3}, 2506: {3, 4}, 1920: {0}, 1180: {1}, 4730: {2}, 4652: {3}, 3952: {4}}
clusters:[3 4 2 0 2 0 0 1 4 0]

round: 3
best_g_value: 397.0
open_list_size: 2
num_low_level_expanded: 4901
search_success: 1
search_time: 0.6233817208558321
n_tsp_call: 1
n_tsp_time: 0.4117100858129561
n_roots: 1
num_conflicts: 2
target_assignment: {2517: 0, 3838: 0, 4510: 0, 4804: 2, 1318: 1}
cluster_target_selection: {0: 2517, 4: 3838, 3: 4510, 1: 4804, 2: 1318}
num_nodes_transformed_graph: 48
agent_paths:({0: [(55, 54), (54, 54), (53, 54), (52, 54), (52, 53), (52, 52), (52, 51), (52, 50), (52, 49), (52, 48), (51, 48), (51, 47), (51, 46), (51, 45), (50, 45), (49, 45), (48, 45), (47, 45), (47, 44), (47, 43), (47, 42), (47, 41), (47, 40), (47, 39), (47, 38), (46, 38), (45, 38), (44, 38), (43, 38), (42, 38), (41, 38), (40, 38), (39, 38), (38, 38), (37, 38), (36, 38), (35, 38), (34, 38), (33, 38), (32, 38), (31, 38), (30, 38), (29, 38), (28, 38), (27, 38), (27, 39), (27, 40), (27, 41), (27, 42), (27, 43), (27, 44), (27, 45), (27, 46), (27, 47), (27, 48), (27, 49), (27, 50), (26, 50), (26, 51), (25, 51), (24, 51), (24, 52), (24, 53), (23, 53), (22, 53), (22, 54), (21, 54), (20, 54), (19, 54), (18, 54), (17, 54), (16, 54), (15, 54), (14, 54), (13, 54), (12, 54), (11, 54), (10, 54), (9, 54), (8, 54), (7, 54), (6, 54), (5, 54), (4, 54), (3, 54), (3, 55), (3, 56), (3, 57), (3, 58), (3, 59), (4, 59), (4, 60), (4, 61), (4, 62), (5, 62), (6, 62), (7, 62), (8, 62), (9, 62), (10, 62), (11, 62), (12, 62), (13, 62), (14, 62), (15, 62), (16, 62), (17, 62), (18, 62), (19, 62), (19, 63), (20, 63), (21, 63), (21, 64), (22, 64), (23, 64), (24, 64), (25, 64), (25, 65), (25, 66), (25, 67), (25, 68), (25, 69), (25, 68), (25, 67), (25, 66), (25, 65), (25, 64), (25, 63), (25, 62), (25, 61), (25, 60), (25, 59), (25, 58), (25, 57), (25, 56), (25, 55), (25, 54), (25, 53), (25, 52), (25, 51), (26, 51), (26, 50), (27, 50), (27, 49), (27, 48), (27, 47), (27, 46), (27, 45), (27, 44), (27, 43), (27, 42), (27, 41), (27, 40), (27, 39), (27, 38), (27, 37), (27, 36), (27, 35), (27, 34), (27, 33), (27, 32), (27, 31), (27, 30), (27, 29), (28, 29), (29, 29), (30, 29), (31, 29), (32, 29), (33, 29), (34, 29), (35, 29), (35, 29)], 1: [(6, 6), (7, 6), (8, 6), (9, 6), (10, 6), (10, 7), (10, 8), (10, 9), (10, 10), (10, 11), (11, 11), (12, 11), (12, 12), (12, 13), (12, 14), (12, 15), (12, 16), (12, 17), (12, 18), (12, 19), (13, 19), (14, 19), (15, 19), (16, 19), (17, 19), (18, 19), (18, 20), (17, 20), (16, 20), (15, 20), (14, 20), (13, 20), (12, 20), (11, 20), (10, 20), (10, 19), (10, 18), (10, 18)], 2: [(32, 38), (32, 39), (32, 40), (32, 41), (32, 42), (32, 43), (32, 44), (31, 44), (30, 44), (30, 45), (29, 45), (29, 46), (29, 47), (29, 48), (28, 48), (28, 49), (28, 50), (28, 51), (28, 52), (28, 53), (28, 54), (28, 55), (28, 56), (28, 57), (28, 58), (28, 59), (28, 60), (28, 61), (28, 62), (27, 62), (27, 63), (27, 64), (27, 65), (27, 66), (28, 66), (29, 66), (29, 67), (30, 67), (31, 67), (32, 67), (33, 67), (34, 67), (35, 67), (36, 67), (37, 67), (38, 67), (39, 67), (40, 67), (41, 67), (42, 67), (43, 67), (44, 67), (45, 67), (46, 67), (47, 67), (48, 67), (49, 67), (50, 67), (51, 67), (52, 67), (53, 67), (54, 67), (55, 67), (56, 67), (57, 67), (58, 67), (59, 67), (59, 68), (59, 69), (59, 70), (59, 71), (59, 72), (59, 73), (58, 73), (57, 73), (56, 73), (55, 73), (54, 73), (53, 73), (52, 73), (51, 73), (50, 73), (50, 72), (50, 72)], 3: [(33, 41), (33, 42), (33, 43), (33, 44), (32, 44), (31, 44), (30, 44), (30, 45), (29, 45), (29, 46), (29, 47), (29, 48), (29, 49), (28, 49), (28, 50), (28, 51), (28, 52), (28, 53), (28, 54), (28, 55), (28, 56), (28, 57), (28, 58), (28, 59), (28, 60), (28, 61), (28, 62), (27, 62), (27, 63), (27, 64), (27, 65), (27, 66), (28, 66), (29, 66), (29, 67), (30, 67), (31, 67), (32, 67), (33, 67), (34, 67), (35, 67), (36, 67), (37, 67), (37, 68), (37, 69), (37, 70), (37, 71), (37, 71)], 4: [(37, 55), (36, 55), (35, 55), (34, 55), (33, 55), (32, 55), (31, 55), (30, 55), (29, 55), (29, 54), (29, 53), (29, 52), (29, 51), (29, 50), (29, 49), (29, 48), (29, 47), (29, 46), (29, 45), (30, 45), (30, 44), (31, 44), (32, 44), (33, 44), (34, 44), (35, 44), (36, 44), (37, 44), (37, 43), (37, 42), (38, 42), (39, 42), (40, 42), (41, 42), (42, 42), (43, 42), (44, 42), (45, 42), (46, 42), (47, 42), (48, 42), (49, 42), (50, 42), (51, 42), (52, 42), (52, 43), (52, 44), (52, 45), (52, 46), (52, 47), (52, 48), (52, 49), (52, 50), (52, 51), (52, 52), (52, 53), (52, 54), (52, 55), (52, 56), (52, 57), (52, 58), (52, 59), (52, 60), (52, 60)]}, 171)