

CBSS-C STATS
starts:[3471, 622, 2308, 3674, 1372]
targets:[4472, 3449, 2661, 3344, 3481, 2691, 3546, 1806, 1532, 902, 1381, 1337, 914, 3748, 3237, 4656, 2979, 2238, 981, 4979]
dests:[1249, 3646, 1465, 4792, 2785]
ac_dict:{4472: {0, 1}, 3449: {1, 2}, 2661: {2, 3}, 3344: {3, 4}, 1249: {0}, 3646: {1}, 1465: {2}, 4792: {3}, 2785: {4}}
clusters:[8 7 2 4 9 3 6 5 6 1 3 1 0 7 7 1 6 9 5 6]

round: 2
best_g_value: 448.0
open_list_size: 1
num_low_level_expanded: 3020
search_success: 1
search_time: 0.7532758880406618
n_tsp_call: 1
n_tsp_time: 0.6112156980670989
n_roots: 1
num_conflicts: 1
target_assignment: {4472: 0, 2691: 0, 3449: 1, 914: 4, 981: 4, 2238: 4, 3344: 3, 4656: 3, 2661: 2, 1532: 2}
cluster_target_selection: {8: 4472, 3: 2691, 7: 3449, 0: 914, 5: 981, 9: 2238, 4: 3344, 1: 4656, 2: 2661, 6: 1532}
num_nodes_transformed_graph: 54
agent_paths:({0: [(26, 53), (27, 53), (27, 54), (27, 55), (27, 56), (27, 57), (27, 58), (27, 59), (27, 60), (27, 61), (27, 62), (27, 63), (27, 64), (27, 65), (27, 66), (28, 66), (29, 66), (29, 67), (30, 67), (31, 67), (32, 67), (33, 67), (34, 67), (35, 67), (36, 67), (37, 67), (38, 67), (39, 67), (40, 67), (41, 67), (42, 67), (43, 67), (44, 67), (45, 67), (46, 67), (47, 67), (48, 67), (49, 67), (50, 67), (51, 67), (52, 67), (52, 68), (51, 68), (50, 68), (49, 68), (48, 68), (47, 68), (46, 68), (45, 68), (44, 68), (43, 68), (42, 68), (41, 68), (40, 68), (39, 68), (38, 68), (37, 68), (36, 68), (35, 68), (34, 68), (33, 68), (32, 68), (31, 68), (30, 68), (29, 68), (28, 68), (27, 68), (27, 67), (27, 66), (27, 65), (27, 64), (27, 63), (27, 62), (27, 61), (27, 60), (27, 59), (27, 58), (27, 57), (27, 56), (27, 55), (27, 54), (27, 53), (27, 52), (27, 51), (27, 50), (27, 49), (27, 48), (27, 47), (27, 46), (27, 45), (26, 45), (26, 44), (26, 43), (26, 42), (26, 41), (25, 41), (24, 41), (23, 41), (22, 41), (21, 41), (20, 41), (19, 41), (19, 40), (19, 39), (19, 38), (19, 37), (19, 36), (19, 35), (19, 34), (19, 33), (19, 32), (19, 31), (19, 30), (19, 29), (19, 28), (19, 27), (19, 26), (19, 25), (19, 24), (19, 23), (19, 22), (19, 21), (18, 21), (17, 21), (16, 21), (15, 21), (14, 21), (14, 20), (14, 19), (14, 19)], 1: [(37, 9), (36, 9), (36, 10), (35, 10), (34, 10), (34, 11), (33, 11), (32, 11), (31, 11), (30, 11), (29, 11), (28, 11), (27, 11), (27, 12), (27, 13), (27, 14), (27, 15), (27, 16), (27, 17), (27, 18), (27, 19), (27, 20), (27, 21), (27, 22), (27, 23), (27, 24), (27, 25), (27, 26), (27, 27), (27, 28), (27, 29), (27, 30), (27, 31), (27, 32), (27, 33), (27, 34), (27, 35), (27, 36), (27, 37), (27, 38), (27, 39), (27, 40), (27, 41), (27, 42), (27, 43), (27, 44), (27, 45), (27, 46), (27, 47), (27, 48), (27, 49), (27, 50), (26, 50), (26, 51), (25, 51), (24, 51), (24, 52), (24, 53), (23, 53), (22, 53), (22, 54), (21, 54), (20, 54), (19, 54), (18, 54), (17, 54), (16, 54), (15, 54), (14, 54), (13, 54), (12, 54), (11, 54), (10, 54), (9, 54), (8, 54), (7, 54), (6, 54), (5, 54), (4, 54), (4, 53), (5, 53), (5, 54), (6, 54), (6, 55), (6, 56), (6, 56)], 2: [(33, 35), (34, 35), (34, 36), (34, 37), (35, 37), (36, 37), (37, 37), (38, 37), (38, 38), (39, 38), (40, 38), (41, 38), (42, 38), (43, 38), (44, 38), (45, 38), (46, 38), (47, 38), (48, 38), (49, 38), (50, 38), (51, 38), (52, 38), (53, 38), (54, 38), (55, 38), (56, 38), (57, 38), (58, 38), (59, 38), (60, 38), (61, 38), (61, 39), (61, 40), (60, 40), (59, 40), (58, 40), (57, 40), (56, 40), (55, 40), (54, 40), (53, 40), (52, 40), (51, 40), (50, 40), (49, 40), (48, 40), (47, 40), (46, 40), (45, 40), (44, 40), (43, 40), (42, 40), (41, 40), (40, 40), (39, 40), (38, 40), (37, 40), (37, 39), (37, 38), (36, 38), (35, 38), (34, 38), (33, 38), (33, 37), (33, 36), (33, 35), (32, 35), (31, 35), (30, 35), (29, 35), (29, 34), (29, 33), (29, 32), (29, 31), (29, 30), (29, 29), (29, 28), (29, 27), (30, 27), (31, 27), (32, 27), (33, 27), (34, 27), (34, 26), (35, 26), (35, 25), (35, 24), (35, 23), (36, 23), (37, 23), (36, 23), (35, 23), (35, 22), (35, 22)], 3: [(34, 56), (33, 56), (32, 56), (31, 56), (30, 56), (29, 56), (29, 55), (29, 54), (29, 53), (29, 52), (29, 51), (29, 52), (29, 53), (29, 54), (29, 55), (29, 56), (29, 57), (29, 58), (29, 59), (29, 60), (29, 61), (29, 62), (28, 62), (27, 62), (27, 63), (27, 64), (27, 65), (27, 66), (28, 66), (29, 66), (29, 67), (30, 67), (31, 67), (32, 67), (33, 67), (34, 67), (35, 67), (36, 67), (37, 67), (38, 67), (39, 67), (40, 67), (41, 67), (41, 68), (41, 69), (41, 70), (41, 71), (42, 71), (43, 71), (44, 71), (45, 71), (46, 71), (47, 71), (47, 72), (47, 73), (47, 73)], 4: [(7, 21), (6, 21), (5, 21), (4, 21), (4, 20), (4, 19), (4, 18), (4, 17), (4, 16), (4, 15), (4, 14), (5, 14), (6, 14), (6, 15), (7, 15), (8, 15), (9, 15), (10, 15), (11, 15), (12, 15), (12, 16), (12, 17), (12, 18), (12, 19), (13, 19), (14, 19), (15, 19), (16, 19), (17, 19), (18, 19), (19, 19), (20, 19), (21, 19), (22, 19), (23, 19), (24, 19), (25, 19), (26, 19), (27, 19), (28, 19), (28, 20), (28, 21), (28, 22), (28, 23), (28, 24), (28, 25), (28, 26), (28, 27), (28, 28), (28, 29), (28, 30), (28, 31), (28, 32), (28, 33), (28, 34), (29, 34), (29, 35), (30, 35), (31, 35), (32, 35), (33, 35), (34, 35), (34, 36), (34, 37), (35, 37), (36, 37), (37, 37), (38, 37), (38, 38), (39, 38), (40, 38), (41, 38), (42, 38), (43, 38), (44, 38), (45, 38), (46, 38), (47, 38), (48, 38), (49, 38), (50, 38), (51, 38), (52, 38), (53, 38), (54, 38), (55, 38), (55, 39), (55, 40), (55, 41), (55, 42), (55, 42)]}, 128)