

CBSS-C STATS
starts:[1972, 4894, 889, 4468, 4045, 1985, 1860, 2305, 2502, 3758]
targets:[788, 4446, 3290, 930, 1921, 1780, 5011, 3952, 1500, 1852, 3731, 793, 4672, 4500, 1468]
dests:[3082, 4526, 2913, 4641, 629, 1249, 1872, 1679, 4499, 2891]
ac_dict:{788: {0, 1}, 4446: {1, 2}, 3290: {2, 3}, 930: {3, 4}, 1921: {4, 5}, 1780: {5, 6}, 5011: {6, 7}, 3952: {8, 7}, 1500: {8, 9}, 3082: {0}, 4526: {1}, 2913: {2}, 4641: {3}, 629: {4}, 1249: {5}, 1872: {6}, 1679: {7}, 4499: {8}, 2891: {9}}
clusters:[0 9 9 0 5 7 4 8 4 3 3 6 1 2 3]

round: 7
best_g_value: 629.0
open_list_size: 6
num_low_level_expanded: 17084
search_success: 1
search_time: 8.863241845741868
n_tsp_call: 21
n_tsp_time: 8.460367478430271
n_roots: 1
num_conflicts: 6
target_assignment: {1921: 5, 1780: 5, 4446: 1, 930: 4, 4672: 3, 3952: 8, 793: 8, 1500: 8, 3731: 8, 4500: 8}
cluster_target_selection: {5: 1921, 7: 1780, 9: 4446, 0: 930, 1: 4672, 8: 3952, 6: 793, 4: 1500, 3: 3731, 2: 4500}
num_nodes_transformed_graph: 58
agent_paths:({0: [(22, 30), (23, 30), (24, 30), (25, 30), (26, 30), (27, 30), (27, 31), (27, 32), (27, 33), (27, 34), (27, 35), (27, 36), (27, 37), (27, 38), (27, 39), (27, 40), (27, 41), (27, 42), (27, 43), (27, 44), (27, 45), (27, 46), (27, 47), (27, 47)], 1: [(19, 75), (19, 74), (19, 73), (19, 72), (19, 71), (19, 70), (19, 69), (19, 68), (20, 68), (21, 68), (22, 68), (23, 68), (24, 68), (25, 68), (26, 68), (27, 68), (28, 68), (29, 68), (30, 68), (31, 68), (32, 68), (33, 68), (34, 68), (35, 68), (36, 68), (37, 68), (38, 68), (39, 68), (40, 68), (41, 68), (41, 69), (41, 69)], 2: [(44, 13), (43, 13), (42, 13), (41, 13), (40, 13), (39, 13), (38, 13), (37, 13), (36, 13), (35, 13), (34, 13), (33, 13), (32, 13), (31, 13), (30, 13), (29, 13), (29, 14), (28, 14), (27, 14), (27, 15), (27, 16), (27, 17), (27, 18), (28, 18), (28, 19), (28, 20), (28, 21), (28, 22), (28, 23), (28, 24), (28, 25), (28, 26), (29, 26), (29, 27), (29, 28), (29, 29), (29, 30), (29, 31), (29, 32), (29, 33), (29, 34), (29, 35), (30, 35), (31, 35), (32, 35), (33, 35), (34, 35), (34, 36), (34, 37), (35, 37), (36, 37), (37, 37), (38, 37), (38, 38), (39, 38), (40, 38), (41, 38), (42, 38), (43, 38), (44, 38), (45, 38), (46, 38), (47, 38), (48, 38), (49, 38), (50, 38), (51, 38), (52, 38), (53, 38), (53, 39), (53, 40), (53, 41), (53, 42), (53, 43), (53, 44), (53, 44)], 3: [(48, 68), (49, 68), (50, 68), (51, 68), (52, 68), (53, 68), (54, 68), (55, 68), (56, 68), (57, 68), (57, 69), (57, 70), (57, 71), (56, 71), (55, 71), (54, 71), (53, 71), (52, 71), (51, 71), (50, 71), (49, 71), (48, 71), (47, 71), (46, 71), (45, 71), (44, 71), (43, 71), (42, 71), (41, 71), (40, 71), (39, 71), (38, 71), (37, 71), (36, 71), (35, 71), (34, 71), (34, 70), (34, 69), (33, 69), (32, 69), (31, 69), (30, 69), (29, 69), (28, 69), (27, 69), (26, 69), (26, 70), (26, 71), (26, 71)], 4: [(15, 62), (16, 62), (17, 62), (17, 61), (17, 60), (17, 59), (17, 58), (17, 57), (17, 56), (17, 55), (17, 54), (18, 54), (19, 54), (20, 54), (21, 54), (22, 54), (22, 53), (23, 53), (24, 53), (24, 52), (24, 51), (25, 51), (26, 51), (26, 50), (27, 50), (27, 49), (27, 48), (28, 48), (28, 47), (28, 46), (27, 46), (27, 45), (26, 45), (26, 44), (25, 44), (24, 44), (23, 44), (22, 44), (21, 44), (20, 44), (20, 43), (20, 42), (20, 41), (20, 40), (20, 39), (20, 38), (20, 37), (20, 36), (20, 35), (20, 34), (20, 33), (20, 32), (20, 31), (20, 30), (20, 29), (20, 28), (20, 27), (20, 26), (20, 25), (20, 24), (20, 23), (20, 22), (20, 21), (20, 20), (20, 19), (20, 18), (20, 17), (20, 16), (20, 15), (20, 14), (20, 13), (20, 12), (20, 11), (21, 11), (22, 11), (23, 11), (24, 11), (25, 11), (26, 11), (27, 11), (28, 11), (29, 11), (30, 11), (31, 11), (32, 11), (33, 11), (34, 11), (34, 10), (35, 10), (36, 10), (37, 10), (38, 10), (39, 10), (40, 10), (41, 10), (42, 10), (43, 10), (43, 9), (44, 9), (44, 9)], 5: [(35, 30), (35, 29), (36, 29), (35, 29), (34, 29), (33, 29), (32, 29), (31, 29), (30, 29), (29, 29), (28, 29), (27, 29), (26, 29), (25, 29), (25, 28), (25, 27), (24, 27), (23, 27), (22, 27), (21, 27), (20, 27), (19, 27), (19, 26), (19, 25), (19, 24), (19, 23), (19, 22), (19, 21), (18, 21), (17, 21), (16, 21), (15, 21), (14, 21), (14, 20), (14, 19), (14, 19)], 6: [(40, 28), (41, 28), (42, 28), (43, 28), (44, 28), (45, 28), (46, 28), (47, 28), (48, 28), (49, 28), (50, 28), (51, 28), (52, 28), (52, 28)], 7: [(30, 35), (29, 35), (29, 34), (29, 33), (29, 32), (29, 31), (29, 30), (29, 29), (29, 28), (29, 27), (30, 27), (31, 27), (32, 27), (33, 27), (34, 27), (35, 27), (36, 27), (37, 27), (38, 27), (39, 27), (40, 27), (41, 27), (42, 27), (43, 27), (44, 27), (45, 27), (46, 27), (47, 27), (48, 27), (49, 27), (50, 27), (51, 27), (51, 26), (51, 25), (52, 25), (53, 25), (54, 25), (54, 25)], 8: [(32, 38), (33, 38), (34, 38), (35, 38), (36, 38), (37, 38), (38, 38), (39, 38), (40, 38), (41, 38), (42, 38), (43, 38), (44, 38), (45, 38), (46, 38), (47, 38), (48, 38), (49, 38), (50, 38), (51, 38), (52, 38), (52, 39), (52, 40), (52, 41), (52, 42), (52, 43), (52, 44), (52, 45), (52, 46), (52, 47), (52, 48), (52, 49), (52, 50), (52, 51), (52, 52), (52, 53), (52, 54), (52, 55), (52, 56), (52, 57), (52, 58), (52, 59), (52, 60), (52, 59), (52, 58), (52, 57), (52, 56), (52, 55), (52, 54), (52, 53), (52, 52), (52, 51), (52, 50), (52, 49), (52, 48), (51, 48), (51, 47), (51, 46), (51, 45), (50, 45), (49, 45), (48, 45), (47, 45), (47, 44), (47, 43), (47, 42), (46, 42), (45, 42), (44, 42), (43, 42), (42, 42), (41, 42), (40, 42), (39, 42), (38, 42), (37, 42), (36, 42), (35, 42), (34, 42), (33, 42), (32, 42), (31, 42), (30, 42), (29, 42), (28, 42), (27, 42), (26, 42), (25, 42), (24, 42), (23, 42), (22, 42), (21, 42), (20, 42), (19, 42), (19, 41), (19, 40), (19, 39), (19, 38), (19, 37), (19, 36), (19, 35), (19, 34), (19, 33), (19, 32), (19, 31), (19, 30), (19, 29), (19, 28), (19, 27), (19, 26), (19, 25), (19, 24), (19, 23), (19, 22), (19, 21), (18, 21), (17, 21), (16, 21), (15, 21), (14, 21), (13, 21), (13, 20), (13, 19), (12, 19), (12, 18), (12, 17), (12, 16), (12, 15), (12, 14), (12, 13), (12, 12), (13, 12), (12, 12), (11, 12), (10, 12), (9, 12), (9, 13), (9, 14), (9, 15), (9, 16), (9, 17), (9, 18), (9, 19), (9, 20), (8, 20), (7, 20), (6, 20), (5, 20), (5, 21), (5, 22), (5, 23), (6, 23), (7, 23), (8, 23), (9, 23), (10, 23), (11, 23), (12, 23), (12, 22), (12, 21), (13, 21), (14, 21), (15, 21), (16, 21), (17, 21), (18, 21), (19, 21), (20, 21), (21, 21), (22, 21), (23, 21), (24, 21), (25, 21), (26, 21), (26, 22), (26, 23), (26, 24), (26, 25), (26, 26), (26, 27), (26, 28), (26, 29), (26, 30), (26, 31), (26, 32), (26, 33), (26, 34), (26, 35), (26, 36), (26, 37), (26, 38), (26, 39), (26, 40), (26, 41), (26, 42), (26, 43), (26, 44), (26, 45), (27, 45), (27, 46), (28, 46), (28, 47), (28, 48), (27, 48), (27, 49), (27, 50), (26, 50), (26, 51), (26, 52), (26, 53), (26, 54), (26, 55), (26, 56), (26, 57), (25, 57), (24, 57), (23, 57), (22, 57), (21, 57), (20, 57), (19, 57), (18, 57), (17, 57), (17, 58), (17, 59), (17, 60), (17, 61), (17, 62), (16, 62), (15, 62), (15, 63), (15, 64), (15, 65), (15, 66), (15, 67), (15, 68), (15, 69), (14, 69), (14, 69)], 9: [(53, 57), (52, 57), (52, 56), (52, 55), (52, 54), (52, 53), (52, 52), (52, 51), (52, 50), (52, 49), (52, 48), (51, 48), (51, 47), (51, 46), (51, 45), (50, 45), (49, 45), (48, 45), (47, 45), (47, 44), (47, 43), (47, 42), (46, 42), (45, 42), (44, 42), (43, 42), (42, 42), (41, 42), (40, 42), (39, 42), (38, 42), (37, 42), (36, 42), (35, 42), (34, 42), (33, 42), (32, 42), (31, 42), (31, 43), (31, 44), (31, 44)]}, 237)