

CBSS-C STATS
starts:[157, 107, 102, 255, 233]
targets:[197, 39, 167, 50, 123, 212, 216, 10, 79, 243]
dests:[22, 127, 217, 89, 110]
ac_dict:{197: {0, 1}, 39: {1, 2}, 167: {2, 3}, 50: {3, 4}, 22: {0}, 127: {1}, 217: {2}, 89: {3}, 110: {4}}
clusters:[1 0 1 0 0 0 1 0 1 1]

round: 2
best_g_value: 59.0
open_list_size: 1
num_low_level_expanded: 330
search_success: 1
search_time: 0.05378618789836764
n_tsp_call: 1
n_tsp_time: 0.045752594247460365
n_roots: 1
num_conflicts: 1
target_assignment: {216: 2, 123: 1}
cluster_target_selection: {1: 216, 0: 123}
num_nodes_transformed_graph: 27
agent_paths:({0: [(13, 9), (12, 9), (11, 9), (10, 9), (9, 9), (9, 8), (8, 8), (7, 8), (6, 8), (6, 7), (6, 6), (6, 5), (6, 4), (6, 3), (6, 2), (6, 1), (6, 1)], 1: [(11, 6), (11, 7), (12, 7), (13, 7), (14, 7), (15, 7), (15, 7)], 2: [(6, 6), (7, 6), (8, 6), (8, 7), (8, 8), (8, 9), (8, 10), (8, 11), (8, 12), (8, 13), (9, 13), (9, 13)], 3: [(15, 15), (14, 15), (13, 15), (12, 15), (11, 15), (10, 15), (9, 15), (9, 14), (9, 13), (9, 12), (9, 11), (9, 10), (9, 9), (9, 8), (9, 7), (9, 6), (9, 5), (9, 5)], 4: [(9, 14), (9, 13), (9, 12), (9, 11), (9, 10), (9, 9), (9, 8), (9, 7), (9, 6), (10, 6), (11, 6), (12, 6), (13, 6), (14, 6), (14, 6)]}, 16)