

CBSS-C STATS
starts:[143, 158, 69, 217, 131, 64, 12, 31, 126, 240]
targets:[175, 247, 91, 106, 133, 102, 67, 226, 19, 16, 36, 211, 168, 195, 228]
dests:[11, 151, 176, 132, 81, 249, 50, 160, 121, 221]
ac_dict:{175: {0, 1}, 247: {1, 2}, 91: {2, 3}, 106: {3, 4}, 133: {4, 5}, 102: {5, 6}, 67: {6, 7}, 226: {8, 7}, 19: {8, 9}, 11: {0}, 151: {1}, 176: {2}, 132: {3}, 81: {4}, 249: {5}, 50: {6}, 160: {7}, 121: {8}, 221: {9}}
clusters:[3 5 8 5 2 9 4 4 1 0 2 3 6 7 6]

round: 8
best_g_value: 157.0
open_list_size: 7
num_low_level_expanded: 876
search_success: 1
search_time: 2.3424290530383587
n_tsp_call: 1
n_tsp_time: 2.290462697856128
n_roots: 1
num_conflicts: 7
target_assignment: {102: 5, 168: 5, 16: 9, 19: 9, 195: 9, 211: 9, 91: 3, 106: 3, 36: 7, 67: 7}
cluster_target_selection: {9: 102, 6: 168, 0: 16, 1: 19, 7: 195, 3: 211, 8: 91, 5: 106, 2: 36, 4: 67}
num_nodes_transformed_graph: 98
agent_paths:({0: [(15, 8), (14, 8), (13, 8), (12, 8), (11, 8), (11, 7), (11, 6), (11, 5), (11, 4), (11, 3), (11, 2), (11, 1), (11, 0), (11, 0)], 1: [(14, 9), (13, 9), (12, 9), (11, 9), (10, 9), (9, 9), (8, 9), (7, 9), (7, 9)], 2: [(5, 4), (4, 4), (4, 5), (3, 5), (2, 5), (2, 6), (1, 6), (1, 7), (1, 8), (0, 8), (0, 9), (0, 10), (0, 11), (0, 11)], 3: [(9, 13), (9, 12), (9, 11), (9, 10), (9, 9), (9, 8), (10, 8), (10, 7), (10, 6), (10, 5), (11, 5), (10, 5), (10, 6), (9, 6), (8, 6), (7, 6), (6, 6), (5, 6), (4, 6), (4, 7), (4, 8), (4, 8)], 4: [(3, 8), (2, 8), (1, 8), (1, 7), (1, 6), (1, 5), (1, 5)], 5: [(0, 4), (1, 4), (2, 4), (3, 4), (4, 4), (5, 4), (6, 4), (6, 5), (6, 6), (7, 6), (8, 6), (8, 7), (8, 8), (8, 9), (8, 10), (9, 10), (9, 11), (9, 12), (9, 13), (9, 14), (9, 15), (9, 15)], 6: [(12, 0), (11, 0), (10, 0), (9, 0), (8, 0), (7, 0), (6, 0), (5, 0), (4, 0), (3, 0), (2, 0), (2, 1), (2, 2), (2, 3), (2, 3)], 7: [(15, 1), (14, 1), (13, 1), (12, 1), (11, 1), (10, 1), (9, 1), (8, 1), (7, 1), (6, 1), (5, 1), (4, 1), (4, 2), (3, 2), (3, 3), (3, 4), (2, 4), (1, 4), (0, 4), (0, 5), (0, 6), (0, 7), (0, 8), (0, 9), (0, 10), (0, 10)], 8: [(14, 7), (13, 7), (12, 7), (11, 7), (10, 7), (9, 7), (9, 7)], 9: [(0, 15), (0, 14), (0, 13), (0, 12), (0, 11), (0, 10), (0, 9), (0, 8), (0, 7), (0, 6), (0, 5), (0, 4), (0, 3), (0, 2), (0, 1), (1, 1), (2, 1), (3, 1), (3, 2), (3, 3), (3, 4), (3, 5), (3, 6), (3, 7), (3, 8), (3, 9), (3, 10), (3, 11), (3, 12), (3, 13), (4, 13), (5, 13), (6, 13), (7, 13), (8, 13), (9, 13), (10, 13), (11, 13), (12, 13), (13, 13), (13, 13)]}, 39)