

CBSS-C STATS
starts:[78, 221, 126, 227, 84]
targets:[109, 190, 1, 170, 30, 102, 36, 232, 65, 200, 236, 196, 16, 2, 246, 149, 83, 123, 220, 26]
dests:[61, 156, 215, 120, 158]
ac_dict:{109: {0, 1}, 190: {1, 2}, 1: {2, 3}, 170: {3, 4}, 61: {0}, 156: {1}, 215: {2}, 120: {3}, 158: {4}}
clusters:[0 1 4 7 9 6 9 4 2 3 6 2 8 9 8 3 6 9 5 8]

round: 1
best_g_value: 60.0
open_list_size: 0
num_low_level_expanded: 124
search_success: 1
search_time: 0.4229686427861452
n_tsp_call: 1
n_tsp_time: 0.410782883875072
n_roots: 1
num_conflicts: 0
target_assignment: {109: 0, 196: 3, 246: 3, 232: 3, 200: 3, 170: 3, 220: 1, 102: 4, 123: 4, 190: 2}
cluster_target_selection: {0: 109, 2: 196, 8: 246, 4: 232, 3: 200, 7: 170, 5: 220, 6: 102, 9: 123, 1: 190}
num_nodes_transformed_graph: 54
agent_paths:({0: [(14, 4), (13, 4), (13, 5), (13, 6), (13, 5), (13, 4), (13, 3), (13, 3)], 1: [(13, 13), (12, 13), (12, 12), (12, 11), (12, 10), (12, 9), (12, 9)], 2: [(14, 7), (14, 8), (14, 9), (14, 10), (14, 11), (13, 11), (12, 11), (11, 11), (10, 11), (9, 11), (8, 11), (7, 11), (7, 12), (7, 13), (7, 13)], 3: [(3, 14), (3, 13), (3, 12), (4, 12), (5, 12), (6, 12), (6, 13), (6, 14), (6, 15), (6, 14), (7, 14), (8, 14), (8, 13), (8, 12), (8, 11), (8, 10), (9, 10), (10, 10), (9, 10), (8, 10), (8, 9), (8, 8), (8, 7), (8, 7)], 4: [(4, 5), (5, 5), (6, 5), (6, 6), (7, 6), (8, 6), (9, 6), (10, 6), (11, 6), (11, 7), (12, 7), (13, 7), (14, 7), (14, 8), (14, 9), (14, 9)]}, 22)